 0.05068   0.00521   0.01155
 0.05123   0.00546   0.01182
 0.05177   0.00571   0.01208
 0.05233   0.00596   0.01235
 0.05289   0.00621   0.01262
 0.05346   0.00646   0.01289
 0.05404   0.00672   0.01317
 0.05462   0.00697   0.01346
 0.05521   0.00723   0.01374
 0.05580   0.00749   0.01404
 0.05641   0.00775   0.01433
 0.05702   0.00802   0.01463
 0.05763   0.00828   0.01494
 0.05826   0.00855   0.01525
 0.05889   0.00882   0.01556
 0.05953   0.00909   0.01588
 0.05998   0.00928   0.01610
 0.06043   0.00948   0.01633
 0.06109   0.00976   0.01666
 0.06175   0.01003   0.01699
 0.06242   0.01032   0.01732
 0.06310   0.01060   0.01766
 0.06378   0.01088   0.01801
 0.06448   0.01117   0.01836
 0.06517   0.01146   0.01871
 0.06588   0.01175   0.01907
 0.06659   0.01205   0.01943
 0.06732   0.01234   0.01980
 0.06804   0.01264   0.02017
 0.06878   0.01294   0.02054
 0.06953   0.01325   0.02092
 0.07010   0.01348   0.02121
 0.07067   0.01371   0.02150
 0.07143   0.01402   0.02189
 0.07221   0.01433   0.02229
 0.07299   0.01465   0.02269
 0.07378   0.01496   0.02309
 0.07457   0.01528   0.02350
 0.07538   0.01561   0.02392
 0.07619   0.01593   0.02434
 0.07701   0.01626   0.02476
 0.07784   0.01659   0.02519
 0.07868   0.01693   0.02562
 0.07953   0.01726   0.02606
 0.08002   0.01746   0.02631
 0.08050   0.01765   0.02656
 0.08137   0.01799   0.02701
 0.08225   0.01834   0.02746
 0.08313   0.01869   0.02792
 0.08403   0.01904   0.02838
 0.08493   0.01940   0.02885
 0.08584   0.01976   0.02932
 0.08677   0.02012   0.02980
 0.08770   0.02048   0.03029
 0.08864   0.02085   0.03078
 0.08959   0.02122   0.03127
 0.09055   0.02160   0.03177
 0.09151   0.02197   0.03227
 0.09249   0.02236   0.03278
 0.09348   0.02274   0.03329
 0.09448   0.02313   0.03382
 0.09550   0.02352   0.03434
 0.09652   0.02392   0.03488
 0.09755   0.02432   0.03541
 0.09859   0.02472   0.03596
 0.09965   0.02513   0.03651
 0.10071   0.02554   0.03706
 0.10180   0.02597   0.03763
 0.10289   0.02638   0.03820
 0.10399   0.02681   0.03877
 0.10510   0.02724   0.03935
 0.10622   0.02767   0.03993
 0.10735   0.02810   0.04053
 0.10850   0.02854   0.04112
 0.10965   0.02899   0.04173
 0.11082   0.02943   0.04234
 0.11209   0.02992   0.04300
 0.11329   0.03038   0.04362
 0.11449   0.03084   0.04425
 0.11571   0.03131   0.04489
 0.11694   0.03178   0.04553
 0.11818   0.03225   0.04618
 0.11944   0.03273   0.04683
 0.12071   0.03322   0.04750
 0.12193   0.03368   0.04813
 0.12322   0.03417   0.04881
 0.12453   0.03467   0.04949
 0.12585   0.03517   0.05018
 0.12719   0.03568   0.05087
 0.12854   0.03620   0.05158
 0.12990   0.03671   0.05229
 0.13128   0.03724   0.05301
 0.13283   0.03783   0.05381
 0.13424   0.03836   0.05455
 0.13566   0.03890   0.05529
 0.13709   0.03944   0.05604
 0.13855   0.03999   0.05679
 0.14001   0.04055   0.05755
 0.14151   0.04112   0.05833
 0.14301   0.04168   0.05911
 0.14453   0.04225   0.05990
 0.14605   0.04283   0.06069
 0.14760   0.04341   0.06149
 0.14916   0.04400   0.06230
 0.14996   0.04431   0.06272
 0.15077   0.04461   0.06314
 0.15234   0.04520   0.06395
 0.15395   0.04581   0.06479
 0.15558   0.04642   0.06563
 0.15722   0.04704   0.06648
 0.15889   0.04766   0.06734
 0.15981   0.04801   0.06781
 0.16073   0.04836   0.06829
 0.16188   0.04879   0.06889
 0.16359   0.04943   0.06977
 0.16531   0.05008   0.07066
 0.16706   0.05073   0.07156
 0.16882   0.05139   0.07247
 0.16979   0.05176   0.07296
 0.17075   0.05212   0.07346
 0.17195   0.05256   0.07407
 0.17376   0.05324   0.07501
 0.17559   0.05393   0.07595
 0.17745   0.05462   0.07690
 0.17932   0.05532   0.07786
 0.18121   0.05603   0.07883
 0.18315   0.05675   0.07982
 0.18509   0.05747   0.08081
 0.18704   0.05820   0.08181
 0.18901   0.05893   0.08281
 0.18993   0.05927   0.08328
 0.19085   0.05962   0.08375
 0.19237   0.06018   0.08453
 0.19440   0.06094   0.08556
 0.19645   0.06170   0.08660
 0.19852   0.06247   0.08765
 0.20001   0.06302   0.08841
 0.20150   0.06357   0.08916
 0.20362   0.06436   0.09024
 0.20577   0.06515   0.09132
 0.20794   0.06595   0.09242
 0.20954   0.06654   0.09323
 0.21113   0.06713   0.09403
 0.21278   0.06774   0.09486
 0.21502   0.06857   0.09599
 0.21729   0.06940   0.09713
 0.21959   0.07025   0.09828
 0.22191   0.07110   0.09944
 0.22428   0.07197   0.10062
 0.22665   0.07284   0.10181
 0.22904   0.07372   0.10300
 0.23146   0.07461   0.10420
 0.23394   0.07552   0.10543
 0.23641   0.07642   0.10666
 0.23891   0.07733   0.10790
 0.24144   0.07826   0.10914
 0.24390   0.07916   0.11036
 0.24649   0.08009   0.11163
 0.24909   0.08104   0.11291
 0.25173   0.08200   0.11420
 0.25466   0.08307   0.11564
 0.25736   0.08404   0.11695
 0.25961   0.08486   0.11805
 0.26186   0.08567   0.11914
 0.26434   0.08657   0.12034
 0.26715   0.08758   0.12170
 0.26998   0.08860   0.12307
 0.27285   0.08963   0.12445
 0.27578   0.09068   0.12586
 0.27871   0.09173   0.12726
 0.28167   0.09279   0.12867
 0.28451   0.09381   0.13003
 0.28754   0.09489   0.13146
 0.28955   0.09561   0.13242
 0.29157   0.09632   0.13337
 0.29370   0.09708   0.13438
 0.29683   0.09819   0.13585
 0.30000   0.09932   0.13734
 0.30320   0.10045   0.13883
 0.30644   0.10159   0.14034
 0.30971   0.10275   0.14186
 0.31303   0.10391   0.14339
 0.31643   0.10510   0.14496
 0.31982   0.10629   0.14652
 0.32324   0.10749   0.14808
 0.32676   0.10871   0.14969
 0.32898   0.10949   0.15069
 0.33120   0.11026   0.15170
 0.33379   0.11116   0.15287
 0.33738   0.11240   0.15448
 0.33974   0.11321   0.15554
 0.34209   0.11403   0.15659
 0.34493   0.11500   0.15786
 0.34865   0.11628   0.15950
 0.35241   0.11757   0.16117
 0.35635   0.11891   0.16290
 0.35892   0.11979   0.16402
 0.36149   0.12066   0.16514
 0.36546   0.12201   0.16686
 0.36942   0.12335   0.16857
 0.37343   0.12470   0.17029
 0.37759   0.12610   0.17206
 0.38047   0.12706   0.17328
 0.38336   0.12803   0.17450
 0.38753   0.12942   0.17625
 0.39049   0.13040   0.17749
 0.39345   0.13138   0.17872
 0.39775   0.13280   0.18050
 0.39965   0.13343   0.18128
 0.40154   0.13405   0.18205
 0.40376   0.13477   0.18296
 0.40819   0.13623   0.18476
 0.41268   0.13769   0.18657
 0.41729   0.13918   0.18842
 0.41951   0.13990   0.18930
 0.42173   0.14062   0.19018
 0.42410   0.14138   0.19111
 0.42879   0.14289   0.19295
 0.43206   0.14393   0.19423
 0.43533   0.14497   0.19549
 0.43869   0.14604   0.19678
 0.44205   0.14710   0.19807
 0.44606   0.14837   0.19959
 0.44894   0.14927   0.20067
 0.45182   0.15018   0.20175
 0.45497   0.15116   0.20293
 0.45935   0.15252   0.20454
 0.46372   0.15387   0.20614
 0.46782   0.15514   0.20763
 0.47309   0.15675   0.20952
 0.47889   0.15851   0.21158
 0.48199   0.15945   0.21267
 0.48509   0.16039   0.21375
 0.48794   0.16124   0.21474
 0.48978   0.16179   0.21537
 0.49162   0.16234   0.21600
 0.49405   0.16307   0.21683
 0.49968   0.16474   0.21873
 0.50539   0.16642   0.22063
 0.50955   0.16764   0.22200
 0.51371   0.16885   0.22336
 0.51793   0.17007   0.22471
 0.52274   0.17146   0.22624
 0.52756   0.17283   0.22776
 0.53368   0.17457   0.22965
 0.53886   0.17603   0.23122
 0.54228   0.17698   0.23225
 0.54547   0.17787   0.23320
 0.54908   0.17887   0.23426
 0.55229   0.17976   0.23519
 0.55518   0.18055   0.23603
 0.55880   0.18154   0.23706
 0.56242   0.18252   0.23808
 0.56571   0.18341   0.23900
 0.56966   0.18447   0.24009
 0.57360   0.18552   0.24116
 0.57785   0.18665   0.24230
 0.58264   0.18791   0.24356
 0.58740   0.18915   0.24480
 0.59319   0.19065   0.24627
 0.59843   0.19199   0.24757
 0.60234   0.19298   0.24853
 0.60624   0.19397   0.24947
 0.60933   0.19475   0.25020
 0.61242   0.19552   0.25093
 0.61545   0.19627   0.25163
 0.61989   0.19737   0.25264
 0.62434   0.19845   0.25363
 0.62762   0.19925   0.25435
 0.63006   0.19984   0.25488
 0.63245   0.20041   0.25539
 0.63676   0.20144   0.25630
 0.63961   0.20212   0.25689
 0.64245   0.20279   0.25747
 0.64561   0.20353   0.25810
 0.64870   0.20425   0.25871
 0.65179   0.20496   0.25932
 0.65844   0.20649   0.26058
 0.66277   0.20747   0.26138
 0.66679   0.20837   0.26210
 0.66928   0.20892   0.26254
 0.67178   0.20948   0.26297
 0.67431   0.21003   0.26340
 0.67900   0.21106   0.26419
 0.68205   0.21172   0.26469
 0.68503   0.21236   0.26516
 0.68820   0.21304   0.26566
 0.68983   0.21339   0.26591
 0.69146   0.21373   0.26616
 0.69385   0.21424   0.26652
 0.69864   0.21524   0.26722
 0.70240   0.21602   0.26776
 0.70612   0.21678   0.26827
 0.71569   0.21871   0.26952
 0.71992   0.21955   0.27004
 0.72414   0.22038   0.27055
 0.72829   0.22118   0.27102
 0.73244   0.22198   0.27147
 0.73817   0.22306   0.27207
 0.74288   0.22394   0.27254
 0.74759   0.22481   0.27298
 0.75294   0.22578   0.27344
 0.75823   0.22673   0.27388
 0.76256   0.22749   0.27421
 0.76690   0.22825   0.27452
 0.77060   0.22889   0.27477
 0.77427   0.22951   0.27500
 0.77828   0.23018   0.27523
 0.78229   0.23085   0.27545
 0.78815   0.23181   0.27574
 0.79250   0.23250   0.27592
 0.79684   0.23319   0.27609
 0.80002   0.23369   0.27619
 0.80321   0.23418   0.27629
 0.80791   0.23490   0.27641
 0.81262   0.23560   0.27650
 0.81782   0.23637   0.27658
 0.82290   0.23710   0.27662
 0.82798   0.23782   0.27664
 0.83338   0.23857   0.27662
 0.83825   0.23923   0.27658
 0.84270   0.23983   0.27651
 0.84714   0.24041   0.27643
 0.84988   0.24076   0.27636
 0.85263   0.24111   0.27629
 0.85660   0.24161   0.27617
 0.85904   0.24192   0.27608
 0.86147   0.24222   0.27599
 0.86485   0.24262   0.27585
 0.86957   0.24318   0.27564
 0.87429   0.24373   0.27540
 0.87900   0.24427   0.27514
 0.88219   0.24462   0.27494
 0.88519   0.24495   0.27475
 0.88976   0.24545   0.27444
 0.89432   0.24593   0.27410
 0.89949   0.24646   0.27369
 0.90549   0.24705   0.27318
 0.90922   0.24741   0.27283
 0.91296   0.24777   0.27248
 0.91644   0.24809   0.27213
 0.91982   0.24840   0.27178
 0.92321   0.24870   0.27141
 0.92753   0.24907   0.27092
 0.92953   0.24924   0.27069
 0.93153   0.24941   0.27046
 0.93386   0.24960   0.27017
 0.93912   0.25002   0.26952
 0.94304   0.25033   0.26900
 0.94657   0.25060   0.26853
 0.94953   0.25082   0.26812
 0.95248   0.25103   0.26770
 0.95567   0.25125   0.26724
 0.95898   0.25148   0.26674
 0.96229   0.25170   0.26624
 0.96535   0.25190   0.26576
 0.96991   0.25219   0.26502
 0.97446   0.25247   0.26427
 0.97765   0.25265   0.26372
 0.98009   0.25279   0.26330
 0.98236   0.25292   0.26290
 0.98920   0.25328   0.26166
 0.99342   0.25349   0.26086
 0.99725   0.25368   0.26013
 1.00057   0.25383   0.25948
 1.00390   0.25397   0.25881
 1.00894   0.25418   0.25778
 1.01212   0.25431   0.25711
 1.01525   0.25443   0.25644
 1.01986   0.25459   0.25544
 1.02447   0.25474   0.25442
 1.02815   0.25485   0.25358
 1.03184   0.25496   0.25272
 1.03536   0.25505   0.25190
 1.03991   0.25516   0.25080
 1.04447   0.25526   0.24969
 1.04779   0.25533   0.24886
 1.05043   0.25538   0.24820
 1.05306   0.25542   0.24752
 1.05690   0.25548   0.24653
 1.05970   0.25551   0.24579
 1.06249   0.25555   0.24505
 1.06583   0.25558   0.24415
 1.06871   0.25560   0.24337
 1.07160   0.25562   0.24258
 1.07542   0.25564   0.24151
 1.07994   0.25565   0.24022
 1.08446   0.25565   0.23892
 1.08863   0.25564   0.23770
 1.09228   0.25562   0.23661
 1.09593   0.25560   0.23552
 1.09863   0.25558   0.23469
 1.10133   0.25555   0.23386
 1.10420   0.25552   0.23297
 1.11788   0.25531   0.22861
 1.12312   0.25520   0.22688
 1.12836   0.25508   0.22513
 1.13248   0.25497   0.22374
 1.13659   0.25486   0.22232
 1.13946   0.25477   0.22133
 1.14234   0.25468   0.22032
 1.14537   0.25458   0.21925
 1.14987   0.25442   0.21765
 1.15437   0.25426   0.21602
 1.15850   0.25409   0.21451
 1.16264   0.25392   0.21298
 1.16659   0.25375   0.21150
 1.17066   0.25356   0.20997
 1.17473   0.25337   0.20842
 1.17961   0.25312   0.20653
 1.18449   0.25287   0.20463
 1.18942   0.25259   0.20268
 1.19473   0.25229   0.20055
 1.19959   0.25199   0.19858
 1.20555   0.25162   0.19614
 1.20892   0.25140   0.19474
 1.21229   0.25117   0.19333
 1.21543   0.25095   0.19201
 1.21987   0.25064   0.19013
 1.22432   0.25032   0.18823
 1.23003   0.24989   0.18575
 1.23544   0.24946   0.18339
 1.23986   0.24911   0.18143
 1.24429   0.24874   0.17945
 1.24991   0.24826   0.17692
 1.25599   0.24773   0.17415
 1.25978   0.24739   0.17241
 1.26356   0.24704   0.17066
 1.26803   0.24662   0.16857
 1.27317   0.24612   0.16615
 1.27807   0.24564   0.16382
 1.28251   0.24519   0.16170
 1.28695   0.24473   0.15956
 1.28925   0.24449   0.15844
 1.29156   0.24425   0.15732
 1.29406   0.24398   0.15610
 1.29756   0.24361   0.15437
 1.29960   0.24338   0.15337
 1.30164   0.24316   0.15236
 1.30406   0.24289   0.15116
 1.30782   0.24247   0.14928
 1.30968   0.24225   0.14835
 1.31155   0.24204   0.14741
 1.31391   0.24177   0.14622
 1.32841   0.24003   0.13881
 1.33263   0.23951   0.13663
 1.33681   0.23899   0.13445
 1.33908   0.23870   0.13326
 1.34134   0.23841   0.13208
 1.34500   0.23794   0.13015
 1.34943   0.23736   0.12780
 1.35386   0.23677   0.12544
 1.35804   0.23620   0.12320
 1.36279   0.23556   0.12064
 1.36754   0.23490   0.11807
 1.37321   0.23410   0.11498
 1.37887   0.23329   0.11187
 1.38208   0.23282   0.11010
 1.38528   0.23236   0.10832
 1.38956   0.23172   0.10594
 1.39383   0.23108   0.10356
 1.39808   0.23044   0.10117
 1.40245   0.22977   0.09870
 1.40683   0.22910   0.09622
 1.40915   0.22873   0.09490
 1.41147   0.22837   0.09358
 1.41426   0.22793   0.09198
 1.41918   0.22715   0.08916
 1.42287   0.22655   0.08704
 1.42620   0.22601   0.08511
 1.42958   0.22546   0.08315
 1.43296   0.22490   0.08119
 1.43650   0.22431   0.07912
 1.43986   0.22375   0.07715
 1.44322   0.22318   0.07518
 1.44763   0.22243   0.07259
 1.45276   0.22154   0.06955
 1.45753   0.22072   0.06672
 1.45994   0.22029   0.06528
 1.46234   0.21987   0.06385
 1.46625   0.21918   0.06151
 1.46956   0.21859   0.05952
 1.47288   0.21799   0.05753
 1.47632   0.21737   0.05545
 1.47963   0.21677   0.05346
 1.48293   0.21616   0.05146
 1.48646   0.21551   0.04931
 1.48975   0.21490   0.04731
 1.49304   0.21429   0.04530
 1.49686   0.21357   0.04297
 1.49906   0.21316   0.04162
 1.50126   0.21274   0.04027
 1.50566   0.21190   0.03757
 1.50903   0.21125   0.03549
 1.51199   0.21068   0.03367
 1.51484   0.21013   0.03191
 1.51909   0.20930   0.02927
 1.52192   0.20875   0.02752
 1.52466   0.20821   0.02581
 1.52898   0.20735   0.02313
 1.53202   0.20674   0.02123
 1.53496   0.20615   0.01939
 1.53914   0.20531   0.01678
 1.54229   0.20468   0.01480
 1.54515   0.20410   0.01301
 1.54912   0.20328   0.01051
 1.55213   0.20266   0.00861
 1.55487   0.20210   0.00689
 1.55904   0.20124   0.00426
 1.56205   0.20061   0.00235
 1.56486   0.20002   0.00058
 1.56901   0.19915  -0.00206
 1.57198   0.19852  -0.00394
 1.57483   0.19792  -0.00575
 1.57898   0.19703  -0.00839
 1.58190   0.19641  -0.01024
 1.58481   0.19579  -0.01210
 1.58895   0.19489  -0.01474
 1.59189   0.19425  -0.01662
 1.59484   0.19361  -0.01850
 1.59895   0.19272  -0.02113
 1.60189   0.19207  -0.02301
 1.60483   0.19143  -0.02489
 1.60892   0.19052  -0.02752
 1.61190   0.18986  -0.02943
 1.61488   0.18920  -0.03134
 1.61893   0.18829  -0.03394
 1.62188   0.18763  -0.03584
 1.62484   0.18696  -0.03773
 1.62889   0.18605  -0.04034
 1.63214   0.18531  -0.04243
 1.63518   0.18462  -0.04439
 1.63910   0.18372  -0.04691
 1.64197   0.18307  -0.04876
 1.64461   0.18246  -0.05046
 1.64875   0.18151  -0.05313
 1.65197   0.18076  -0.05520
 1.65519   0.18001  -0.05728
 1.65907   0.17911  -0.05978
 1.66185   0.17846  -0.06157
 1.66454   0.17783  -0.06330
 1.66870   0.17685  -0.06599
 1.67197   0.17608  -0.06809
 1.67524   0.17531  -0.07020
 1.67906   0.17441  -0.07266
 1.68177   0.17376  -0.07440
 1.68448   0.17312  -0.07615
 1.68868   0.17211  -0.07885
 1.69196   0.17133  -0.08097
 1.69525   0.17054  -0.08308
 1.69902   0.16963  -0.08550
 1.70176   0.16897  -0.08727
 1.70450   0.16830  -0.08903
 1.70865   0.16729  -0.09170
 1.71195   0.16649  -0.09381
 1.71525   0.16569  -0.09593
 1.71896   0.16478  -0.09831
 1.72195   0.16405  -0.10022
 1.72479   0.16335  -0.10204
 1.72866   0.16239  -0.10451
 1.73196   0.16158  -0.10662
 1.73526   0.16076  -0.10873
 1.73891   0.15986  -0.11106
 1.74180   0.15914  -0.11290
 1.74469   0.15842  -0.11474
 1.74860   0.15745  -0.11722
 1.75200   0.15660  -0.11938
 1.75540   0.15574  -0.12154
 1.75897   0.15485  -0.12380
 1.76180   0.15414  -0.12559
 1.76464   0.15342  -0.12738
 1.76858   0.15243  -0.12988
 1.77199   0.15156  -0.13202
 1.77540   0.15070  -0.13417
 1.77889   0.14981  -0.13637
 1.78173   0.14909  -0.13815
 1.78458   0.14837  -0.13993
 1.78861   0.14734  -0.14246
 1.79189   0.14650  -0.14450
 1.79516   0.14567  -0.14654
 1.79866   0.14477  -0.14873
 1.80217   0.14387  -0.15090
 1.80557   0.14300  -0.15301
 1.80892   0.14213  -0.15509
 1.81167   0.14143  -0.15679
 1.81443   0.14072  -0.15849
 1.81920   0.13948  -0.16142
 1.82167   0.13884  -0.16295
 1.82397   0.13825  -0.16435
 1.82771   0.13728  -0.16665
 1.82933   0.13686  -0.16763
 1.83094   0.13644  -0.16862
 1.83396   0.13566  -0.17046
 1.83752   0.13473  -0.17262
 1.83981   0.13413  -0.17402
 1.84211   0.13354  -0.17541
 1.84479   0.13284  -0.17703
 1.84856   0.13185  -0.17930
 1.85233   0.13087  -0.18157
 1.85579   0.12996  -0.18365
 1.85888   0.12915  -0.18550
 1.86198   0.12834  -0.18735
 1.86478   0.12761  -0.18902
 1.86868   0.12658  -0.19134
 1.87167   0.12580  -0.19311
 1.87466   0.12501  -0.19488
 1.87968   0.12369  -0.19783
 1.88356   0.12267  -0.20011
 1.88710   0.12174  -0.20218
 1.88929   0.12116  -0.20346
 1.89148   0.12058  -0.20474
 1.89350   0.12005  -0.20591
 1.89922   0.11853  -0.20922
 1.90133   0.11798  -0.21044
 1.90344   0.11742  -0.21165
 1.90894   0.11596  -0.21481
 1.91149   0.11529  -0.21626
 1.91403   0.11462  -0.21771
 1.91996   0.11305  -0.22107
 1.92588   0.11148  -0.22441
 1.92942   0.11054  -0.22639
 1.93115   0.11008  -0.22736
 1.93285   0.10963  -0.22831
 1.93748   0.10840  -0.23088
 1.93910   0.10797  -0.23178
 1.94071   0.10754  -0.23267
 1.94219   0.10715  -0.23348
 1.94644   0.10602  -0.23582
 1.94959   0.10518  -0.23755
 1.95161   0.10465  -0.23865
 1.95345   0.10416  -0.23965
 1.95800   0.10295  -0.24212
 1.95963   0.10252  -0.24300
 1.96126   0.10209  -0.24388
 1.96281   0.10167  -0.24471
 1.96689   0.10059  -0.24690
 1.96893   0.10005  -0.24799
 1.96996   0.09977  -0.24854
 1.97098   0.09950  -0.24908
 1.97259   0.09908  -0.24993
 1.97641   0.09806  -0.25196
 1.97833   0.09755  -0.25297
 1.97951   0.09724  -0.25359
 1.98069   0.09692  -0.25421
 1.98297   0.09632  -0.25540
 1.98668   0.09533  -0.25734
 1.98832   0.09490  -0.25819
 1.98996   0.09446  -0.25904
 1.99393   0.09341  -0.26109
 1.99790   0.09236  -0.26313
 1.99939   0.09196  -0.26389
 2.00088   0.09156  -0.26465
 2.00283   0.09105  -0.26565
 2.00510   0.09045  -0.26680
 2.00737   0.08984  -0.26794
 2.00859   0.08952  -0.26856
 2.00982   0.08919  -0.26918
 2.01032   0.08906  -0.26943
 2.01081   0.08893  -0.26968
 2.01577   0.08762  -0.27216
 2.02516   0.08513  -0.27679
 2.03428   0.08272  -0.28124
 2.04281   0.08047  -0.28532
 2.04927   0.07877  -0.28838
 2.05572   0.07707  -0.29139
 2.06273   0.07523  -0.29463
 2.07061   0.07316  -0.29821
 2.07915   0.07092  -0.30203
 2.08822   0.06855  -0.30602
 2.09776   0.06607  -0.31013
 2.10770   0.06349  -0.31432
 2.10869   0.06323  -0.31473
 2.10968   0.06297  -0.31515
 2.11041   0.06278  -0.31545
 2.11113   0.06259  -0.31575
 2.11840   0.06071  -0.31873
 2.12904   0.05797  -0.32300
 2.13997   0.05516  -0.32727
 2.15117   0.05230  -0.33152
 2.16262   0.04938  -0.33573
 2.17430   0.04642  -0.33988
 2.18618   0.04343  -0.34396
 2.19825   0.04041  -0.34795
 2.20096   0.03973  -0.34882
 2.20367   0.03906  -0.34969
 2.20679   0.03828  -0.35068
 2.20991   0.03750  -0.35166
 2.21055   0.03735  -0.35185
 2.21113   0.03720  -0.35203
 2.21692   0.03577  -0.35381
 2.22917   0.03275  -0.35744
 2.24141   0.02976  -0.36090
 2.25330   0.02688  -0.36410
 2.26311   0.02451  -0.36661
 2.27268   0.02222  -0.36896
 2.28378   0.01958  -0.37155
 2.29580   0.01674  -0.37418
 2.30840   0.01380  -0.37676
 2.30938   0.01357  -0.37695
 2.30998   0.01343  -0.37707
 2.31059   0.01329  -0.37719
 2.31140   0.01310  -0.37735
 2.31954   0.01121  -0.37888
 2.33282   0.00816  -0.38121
 2.34636   0.00509  -0.38337
 2.36011   0.00200  -0.38533
 2.37405  -0.00109  -0.38708
 2.38817  -0.00419  -0.38860
 2.40246  -0.00728  -0.38988
 2.40688  -0.00822  -0.39023
 2.40864  -0.00860  -0.39036
 2.40960  -0.00881  -0.39043
 2.41056  -0.00901  -0.39050
 2.41202  -0.00932  -0.39060
 2.42656  -0.01239  -0.39147
 2.44122  -0.01545  -0.39208
 2.45599  -0.01848  -0.39242
 2.47089  -0.02149  -0.39247
 2.48589  -0.02447  -0.39225
 2.50100  -0.02742  -0.39173
 2.50557  -0.02830  -0.39151
 2.50776  -0.02872  -0.39140
 2.50994  -0.02914  -0.39129
 2.51586  -0.03027  -0.39094
 2.52130  -0.03130  -0.39058
 2.53658  -0.03416  -0.38936
 2.55192  -0.03698  -0.38785
 2.56732  -0.03975  -0.38603
 2.58275  -0.04247  -0.38391
 2.59820  -0.04514  -0.38149
 2.60257  -0.04588  -0.38075
 2.60694  -0.04662  -0.37998
 2.60930  -0.04702  -0.37956
 2.61104  -0.04731  -0.37925
 2.61278  -0.04761  -0.37893
 2.62817  -0.05015  -0.37594
 2.64359  -0.05265  -0.37266
 2.65897  -0.05508  -0.36910
 2.67431  -0.05745  -0.36527
 2.68959  -0.05975  -0.36117
 2.70480  -0.06198  -0.35682
 2.70981  -0.06271  -0.35532
 2.71426  -0.06334  -0.35397
 2.71831  -0.06392  -0.35272
 2.73326  -0.06601  -0.34795
 2.74819  -0.06805  -0.34293
 2.76301  -0.07001  -0.33770
 2.77772  -0.07191  -0.33228
 2.79230  -0.07374  -0.32666
 2.80676  -0.07550  -0.32087
 2.80933  -0.07581  -0.31982
 2.81127  -0.07604  -0.31902
 2.81320  -0.07627  -0.31822
 2.82733  -0.07792  -0.31226
 2.84145  -0.07952  -0.30610
 2.85542  -0.08106  -0.29981
 2.86925  -0.08254  -0.29339
 2.88292  -0.08396  -0.28687
 2.89644  -0.08531  -0.28025
 2.90979  -0.08661  -0.27355
 2.91788  -0.08738  -0.26941
 2.92525  -0.08806  -0.26559
 2.93814  -0.08923  -0.25879
 2.95094  -0.09035  -0.25191
 2.96354  -0.09142  -0.24499
 2.97595  -0.09244  -0.23806
 2.98815  -0.09341  -0.23113
 3.00014  -0.09432  -0.22422
 3.00743  -0.09487  -0.21996
 3.00961  -0.09503  -0.21868
 3.01179  -0.09519  -0.21739
 3.01427  -0.09536  -0.21593
 3.02552  -0.09616  -0.20922
 3.03672  -0.09693  -0.20247
 3.04765  -0.09765  -0.19580
 3.05826  -0.09833  -0.18925
 3.06853  -0.09896  -0.18284
 3.07842  -0.09955  -0.17661
 3.08787  -0.10010  -0.17060
 3.09680  -0.10060  -0.16488
 3.10419  -0.10099  -0.16011
 3.10824  -0.10121  -0.15749
 3.11228  -0.10142  -0.15486
 3.11770  -0.10170  -0.15132
 3.12514  -0.10207  -0.14644
 3.13334  -0.10246  -0.14103
 3.14216  -0.10288  -0.13519
 3.15148  -0.10329  -0.12896
 3.16124  -0.10372  -0.12241
 3.17139  -0.10413  -0.11554
 3.18190  -0.10455  -0.10840
 3.19274  -0.10495  -0.10099
 3.20388  -0.10534  -0.09333
 3.20758  -0.10547  -0.09078
 3.21006  -0.10555  -0.08907
 3.21254  -0.10564  -0.08736
 3.22418  -0.10600  -0.07928
 3.23607  -0.10636  -0.07100
 3.24819  -0.10669  -0.06252
 3.26055  -0.10701  -0.05384
 3.27313  -0.10730  -0.04498
 3.28591  -0.10757  -0.03595
 3.29889  -0.10782  -0.02675
 3.30612  -0.10795  -0.02162
 3.30937  -0.10800  -0.01931
 3.31262  -0.10806  -0.01700
 3.31597  -0.10811  -0.01462
 3.32940  -0.10831  -0.00507
 3.34298  -0.10847   0.00459
 3.35670  -0.10862   0.01437
 3.37056  -0.10873   0.02424
 3.38455  -0.10882   0.03418
 3.39863  -0.10889   0.04418
 3.40432  -0.10891   0.04822
 3.41002  -0.10892   0.05225
 3.41594  -0.10893   0.05644
 3.43010  -0.10893   0.06644
 3.44428  -0.10891   0.07642
 3.45839  -0.10886   0.08631
 3.47233  -0.10880   0.09603
 3.48598  -0.10871   0.10551
 3.49918  -0.10860   0.11462
 3.50407  -0.10855   0.11798
 3.50896  -0.10851   0.12134
 3.51191  -0.10848   0.12336
 3.51476  -0.10845   0.12531
 3.52372  -0.10835   0.13141
 3.53345  -0.10823   0.13801
 3.54483  -0.10808   0.14568
 3.55732  -0.10790   0.15404
 3.57061  -0.10769   0.16286
 3.58446  -0.10746   0.17197
 3.59872  -0.10719   0.18125
 3.60381  -0.10710   0.18453
 3.60889  -0.10700   0.18781
 3.61164  -0.10694   0.18957
 3.61438  -0.10689   0.19132
 3.62906  -0.10658   0.20065
 3.64388  -0.10625   0.20994
 3.65874  -0.10590   0.21913
 3.67360  -0.10554   0.22818
 3.68843  -0.10516   0.23708
 3.70321  -0.10477   0.24580
 3.70617  -0.10469   0.24753
 3.70914  -0.10461   0.24925
 3.71136  -0.10454   0.25054
 3.71359  -0.10448   0.25183
 3.72814  -0.10407   0.26016
 3.74270  -0.10365   0.26835
 3.75715  -0.10321   0.27632
 3.77149  -0.10277   0.28407
 3.78571  -0.10232   0.29159
 3.79979  -0.10186   0.29889
 3.80426  -0.10171   0.30117
 3.80873  -0.10156   0.30343
 3.81000  -0.10152   0.30407
 3.81126  -0.10148   0.30471
 3.81484  -0.10136   0.30650
 3.82852  -0.10090   0.31325
 3.84217  -0.10043   0.31983
 3.85567  -0.09996   0.32618
 3.86901  -0.09948   0.33229
 3.88218  -0.09901   0.33816
 3.89519  -0.09853   0.34381
 3.90801  -0.09806   0.34922
 3.90996  -0.09799   0.35003
 3.91190  -0.09791   0.35083
 3.91438  -0.09782   0.35185
 3.92674  -0.09736   0.35684
 3.93908  -0.09689   0.36167
 3.95120  -0.09643   0.36628
 3.96309  -0.09597   0.37066
 3.97475  -0.09552   0.37481
 3.98614  -0.09507   0.37874
 3.99726  -0.09464   0.38244
 4.00806  -0.09421   0.38592
 4.00983  -0.09414   0.38648
 4.01071  -0.09411   0.38676
 4.01152  -0.09408   0.38701
 4.01961  -0.09375   0.38951
 4.02956  -0.09336   0.39248
 4.03916  -0.09298   0.39526
 4.04825  -0.09261   0.39780
 4.05579  -0.09231   0.39984
 4.06209  -0.09206   0.40149
 4.06828  -0.09181   0.40308
 4.07553  -0.09151   0.40489
 4.08363  -0.09119   0.40684
 4.09239  -0.09083   0.40887
 4.10170  -0.09045   0.41094
 4.10467  -0.09033   0.41158
 4.10763  -0.09021   0.41221
 4.10910  -0.09015   0.41252
 4.10985  -0.09012   0.41268
 4.11061  -0.09009   0.41284
 4.11135  -0.09006   0.41299
 4.11879  -0.08976   0.41450
 4.12926  -0.08933   0.41652
 4.14008  -0.08889   0.41848
 4.15122  -0.08844   0.42037
 4.16267  -0.08797   0.42217
 4.17440  -0.08749   0.42386
 4.18640  -0.08700   0.42543
 4.19865  -0.08651   0.42687
 4.20209  -0.08637   0.42725
 4.20553  -0.08623   0.42761
 4.20784  -0.08613   0.42785
 4.20919  -0.08608   0.42798
 4.20989  -0.08605   0.42805
 4.21059  -0.08602   0.42812
 4.21152  -0.08598   0.42821
 4.22077  -0.08561   0.42906
 4.23367  -0.08508   0.43009
 4.24678  -0.08455   0.43094
 4.26010  -0.08401   0.43161
 4.27362  -0.08347   0.43210
 4.28734  -0.08292   0.43238
 4.30124  -0.08236   0.43246
 4.30624  -0.08216   0.43244
 4.30866  -0.08207   0.43242
 4.30990  -0.08202   0.43240
 4.31113  -0.08197   0.43239
 4.31279  -0.08190   0.43237
 4.32705  -0.08134   0.43205
 4.34146  -0.08077   0.43150
 4.35603  -0.08019   0.43072
 4.37076  -0.07962   0.42969
 4.38564  -0.07904   0.42842
 4.40067  -0.07846   0.42690
 4.40634  -0.07824   0.42627
 4.40938  -0.07812   0.42591
 4.41134  -0.07805   0.42568
 4.41321  -0.07797   0.42545
 4.42853  -0.07739   0.42345
 4.44393  -0.07680   0.42120
 4.45946  -0.07622   0.41867
 4.47509  -0.07563   0.41589
 4.49083  -0.07505   0.41283
 4.50666  -0.07447   0.40950
 4.50971  -0.07436   0.40883
 4.51276  -0.07425   0.40815
 4.51589  -0.07413   0.40745
 4.53185  -0.07355   0.40370
 4.54786  -0.07298   0.39969
 4.56392  -0.07240   0.39542
 4.58003  -0.07183   0.39090
 4.59617  -0.07127   0.38613
 4.60227  -0.07106   0.38426
 4.60837  -0.07085   0.38236
 4.61203  -0.07072   0.38120
 4.61568  -0.07060   0.38004
 4.63181  -0.07004   0.37474
 4.64797  -0.06950   0.36922
 4.66412  -0.06896   0.36347
 4.68024  -0.06842   0.35750
 4.69633  -0.06789   0.35134
 4.70283  -0.06768   0.34879
 4.70934  -0.06747   0.34621
 4.71292  -0.06736   0.34477
 4.71615  -0.06725   0.34346
 4.73206  -0.06674   0.33691
 4.74798  -0.06624   0.33016
 4.76383  -0.06574   0.32326
 4.77961  -0.06525   0.31620
 4.79531  -0.06477   0.30900
 4.80121  -0.06459   0.30625
 4.80711  -0.06442   0.30348
 4.80984  -0.06433   0.30218
 4.81257  -0.06425   0.30089
 4.81606  -0.06415   0.29922
 4.83144  -0.06369   0.29179
 4.84682  -0.06323   0.28421
 4.86208  -0.06279   0.27653
 4.87724  -0.06235   0.26877
 4.89227  -0.06192   0.26094
 4.90716  -0.06150   0.25306
 4.91004  -0.06142   0.25152
 4.91287  -0.06134   0.25000
 4.92744  -0.06093   0.24213
 4.94200  -0.06053   0.23415
 4.95640  -0.06014   0.22615
 4.97063  -0.05975   0.21815
 4.98469  -0.05937   0.21015
 4.99855  -0.05901   0.20218
 5.00642  -0.05880   0.19762
 5.00883  -0.05874   0.19621
 5.01125  -0.05867   0.19480
 5.01397  -0.05860   0.19321
 5.02718  -0.05826   0.18546
 5.04034  -0.05792   0.17766
 5.05325  -0.05759   0.16996
 5.06586  -0.05727   0.16237
 5.07816  -0.05696   0.15492
 5.09009  -0.05666   0.14765
 5.10162  -0.05638   0.14059
 5.10646  -0.05626   0.13761
 5.10946  -0.05618   0.13576
 5.11246  -0.05611   0.13391
 5.11545  -0.05604   0.13205
 5.12520  -0.05580   0.12601
 5.13365  -0.05560   0.12076
 5.14209  -0.05539   0.11549
 5.15002  -0.05520   0.11053
 5.15909  -0.05499   0.10483
 5.16902  -0.05475   0.09858
 5.17965  -0.05450   0.09186
 5.19089  -0.05424   0.08474
 5.20266  -0.05396   0.07725
 5.20855  -0.05383   0.07350
 5.21219  -0.05374   0.07118
 5.21584  -0.05366   0.06885
 5.22862  -0.05337   0.06068
 5.24179  -0.05307   0.05224
 5.25536  -0.05276   0.04353
 5.26932  -0.05245   0.03456
 5.28364  -0.05213   0.02533
 5.29832  -0.05180   0.01587
 5.30412  -0.05168   0.01213
 5.30992  -0.05155   0.00839
 5.32526  -0.05122  -0.00151
 5.33997  -0.05090  -0.01100
 5.35592  -0.05056  -0.02128
 5.37220  -0.05021  -0.03176
 5.38879  -0.04986  -0.04243
 5.40570  -0.04950  -0.05327
 5.40906  -0.04943  -0.05543
 5.41204  -0.04937  -0.05733
 5.41482  -0.04931  -0.05911
 5.43232  -0.04895  -0.07028
 5.45002  -0.04858  -0.08154
 5.46801  -0.04821  -0.09294
 5.48630  -0.04784  -0.10446
 5.50486  -0.04746  -0.11609
 5.50945  -0.04737  -0.11896
 5.51405  -0.04728  -0.12183
 5.51828  -0.04719  -0.12446
 5.53736  -0.04681  -0.13628
 5.55659  -0.04643  -0.14810
 5.57601  -0.04604  -0.15994
 5.59559  -0.04566  -0.17178
 5.60255  -0.04552  -0.17595
 5.60951  -0.04539  -0.18012
 5.61466  -0.04528  -0.18319
 5.61935  -0.04519  -0.18598
 5.63916  -0.04481  -0.19768
 5.65904  -0.04442  -0.20928
 5.67894  -0.04404  -0.22076
 5.69882  -0.04365  -0.23208
 5.70683  -0.04350  -0.23659
 5.70984  -0.04344  -0.23828
 5.71284  -0.04338  -0.23997
 5.71657  -0.04331  -0.24205
 5.73622  -0.04294  -0.25294
 5.75591  -0.04256  -0.26370
 5.77550  -0.04219  -0.27423
 5.79496  -0.04182  -0.28453
 5.80132  -0.04170  -0.28786
 5.80767  -0.04158  -0.29116
 5.81288  -0.04148  -0.29386
 5.81779  -0.04139  -0.29639
 5.83679  -0.04103  -0.30607
 5.85581  -0.04067  -0.31559
 5.87466  -0.04032  -0.32485
 5.89335  -0.03997  -0.33385
 5.89873  -0.03987  -0.33640
 5.90410  -0.03977  -0.33895
 5.90750  -0.03971  -0.34054
 5.90967  -0.03966  -0.34156
 5.91184  -0.03962  -0.34258
 5.91413  -0.03958  -0.34365
 5.93224  -0.03924  -0.35200
 5.95036  -0.03891  -0.36019
 5.96830  -0.03857  -0.36812
 5.98603  -0.03824  -0.37579
 6.00355  -0.03792  -0.38320
 6.00915  -0.03781  -0.38553
 6.01133  -0.03777  -0.38643
 6.01350  -0.03773  -0.38733
 6.03042  -0.03742  -0.39423
 6.04734  -0.03710  -0.40096
 6.06401  -0.03680  -0.40744
 6.08040  -0.03649  -0.41366
 6.09650  -0.03619  -0.41961
 6.10132  -0.03611  -0.42136
 6.10614  -0.03602  -0.42310
 6.10859  -0.03597  -0.42398
 6.11028  -0.03594  -0.42459
 6.11197  -0.03591  -0.42519
 6.12706  -0.03563  -0.43050
 6.14213  -0.03535  -0.43567
 6.15680  -0.03508  -0.44057
 6.17101  -0.03482  -0.44520
 6.18469  -0.03457  -0.44954
 6.19776  -0.03433  -0.45359
 6.20209  -0.03425  -0.45491
 6.20642  -0.03417  -0.45621
 6.20957  -0.03411  -0.45716
 6.20998  -0.03410  -0.45728
 6.21039  -0.03410  -0.45740
 6.21096  -0.03409  -0.45757
 6.21668  -0.03398  -0.45927
 6.22557  -0.03382  -0.46186
 6.23446  -0.03365  -0.46441
 6.24438  -0.03347  -0.46720
 6.25550  -0.03327  -0.47025
 6.26753  -0.03305  -0.47348
 6.28032  -0.03282  -0.47681
 6.29377  -0.03257  -0.48021
 6.30779  -0.03231  -0.48364
 6.30973  -0.03228  -0.48411
 6.31143  -0.03225  -0.48452
 6.31298  -0.03222  -0.48488
 6.32769  -0.03195  -0.48831
 6.34284  -0.03167  -0.49171
 6.35840  -0.03139  -0.49506
 6.37435  -0.03110  -0.49835
 6.39064  -0.03081  -0.50155
 6.40725  -0.03051  -0.50466
 6.40954  -0.03046  -0.50508
 6.41161  -0.03043  -0.50545
 6.41351  -0.03039  -0.50579
 6.43051  -0.03009  -0.50875
 6.44777  -0.02977  -0.51158
 6.46527  -0.02946  -0.51428
 6.48298  -0.02914  -0.51683
 6.50088  -0.02882  -0.51923
 6.50875  -0.02868  -0.52023
 6.51184  -0.02862  -0.52061
 6.51493  -0.02857  -0.52099
 6.53308  -0.02825  -0.52310
 6.55139  -0.02792  -0.52505
 6.56981  -0.02759  -0.52682
 6.58833  -0.02726  -0.52842
 6.60692  -0.02694  -0.52984
 6.60981  -0.02689  -0.53005
 6.61270  -0.02683  -0.53025
 6.61618  -0.02677  -0.53048
 6.63478  -0.02645  -0.53164
 6.65347  -0.02612  -0.53261
 6.67218  -0.02579  -0.53341
 6.69090  -0.02547  -0.53404
 6.70962  -0.02514  -0.53449
 6.71804  -0.02500  -0.53464
 6.72563  -0.02487  -0.53474
 6.74424  -0.02455  -0.53488
 6.76289  -0.02423  -0.53485
 6.78149  -0.02391  -0.53466
 6.80004  -0.02360  -0.53431
 6.80900  -0.02345  -0.53409
 6.81322  -0.02338  -0.53397
 6.81703  -0.02331  -0.53385
 6.83537  -0.02300  -0.53322
 6.85376  -0.02270  -0.53244
 6.87207  -0.02239  -0.53152
 6.89032  -0.02209  -0.53046
 6.90849  -0.02179  -0.52927
 6.91286  -0.02172  -0.52896
 6.91715  -0.02165  -0.52866
 6.93509  -0.02136  -0.52729
 6.95306  -0.02106  -0.52580
 6.97093  -0.02078  -0.52419
 6.98872  -0.02049  -0.52248
 7.00641  -0.02021  -0.52066
 7.01407  -0.02009  -0.51983
 7.02113  -0.01997  -0.51905
 7.03854  -0.01970  -0.51707
 7.05593  -0.01943  -0.51498
 7.07321  -0.01916  -0.51280
 7.09037  -0.01889  -0.51055
 7.10741  -0.01863  -0.50822
 7.11401  -0.01853  -0.50729
 7.12061  -0.01843  -0.50635
 7.13728  -0.01818  -0.50392
 7.15393  -0.01793  -0.50141
 7.17042  -0.01768  -0.49885
 7.18675  -0.01744  -0.49624
 7.20289  -0.01720  -0.49359
 7.20905  -0.01711  -0.49256
 7.21521  -0.01702  -0.49152
 7.22179  -0.01693  -0.49040
 7.23732  -0.01670  -0.48772
 7.25276  -0.01648  -0.48499
 7.26794  -0.01626  -0.48225
 7.28284  -0.01605  -0.47952
 7.29741  -0.01584  -0.47679
 7.30474  -0.01574  -0.47540
 7.30929  -0.01568  -0.47453
 7.31385  -0.01562  -0.47366
 7.31965  -0.01553  -0.47255
 7.33289  -0.01535  -0.46997
 7.34593  -0.01517  -0.46740
 7.35840  -0.01500  -0.46491
 7.37019  -0.01484  -0.46253
 7.37999  -0.01471  -0.46053
 7.38816  -0.01460  -0.45886
 7.39630  -0.01449  -0.45717
 7.40565  -0.01437  -0.45523
 7.41604  -0.01423  -0.45305
 7.42743  -0.01408  -0.45064
 7.43925  -0.01393  -0.44811
 7.45160  -0.01377  -0.44546
 7.46439  -0.01360  -0.44268
 7.47755  -0.01343  -0.43980
 7.49102  -0.01326  -0.43683
 7.50478  -0.01309  -0.43378
 7.51722  -0.01293  -0.43099
 7.52967  -0.01278  -0.42819
 7.54397  -0.01261  -0.42494
 7.55844  -0.01243  -0.42164
 7.57303  -0.01225  -0.41829
 7.58772  -0.01208  -0.41489
 7.60251  -0.01190  -0.41145
 7.60948  -0.01182  -0.40982
 7.61646  -0.01174  -0.40819
 7.62495  -0.01164  -0.40620
 7.63985  -0.01147  -0.40269
 7.65483  -0.01130  -0.39915
 7.66984  -0.01113  -0.39559
 7.68487  -0.01096  -0.39201
 7.69993  -0.01079  -0.38841
 7.70841  -0.01070  -0.38638
 7.71690  -0.01061  -0.38434
 7.72457  -0.01052  -0.38250
 7.73958  -0.01036  -0.37888
 7.75465  -0.01020  -0.37525
 7.76970  -0.01004  -0.37161
 7.78475  -0.00988  -0.36797
 7.79978  -0.00973  -0.36433
 7.80796  -0.00964  -0.36235
 7.81395  -0.00958  -0.36089
 7.81991  -0.00952  -0.35945
 7.83484  -0.00937  -0.35583
 7.84981  -0.00922  -0.35219
 7.86476  -0.00908  -0.34856
 7.87969  -0.00893  -0.34494
 7.89460  -0.00879  -0.34133
 7.90947  -0.00865  -0.33772
 7.92433  -0.00851  -0.33413
 7.93879  -0.00837  -0.33063
 7.95359  -0.00824  -0.32706
 7.96835  -0.00810  -0.32350
 7.98309  -0.00797  -0.31996
 7.99780  -0.00784  -0.31643
 8.00945  -0.00774  -0.31364
 8.02110  -0.00764  -0.31086
 8.03279  -0.00754  -0.30807
 8.04738  -0.00741  -0.30460
 8.06195  -0.00729  -0.30115
 8.07649  -0.00717  -0.29771
 8.09101  -0.00705  -0.29429
 8.10549  -0.00694  -0.29090
 8.10990  -0.00690  -0.28987
 8.11431  -0.00687  -0.28883
 8.12163  -0.00681  -0.28713
 8.13599  -0.00670  -0.28379
 8.15037  -0.00658  -0.28046
 8.16473  -0.00647  -0.27715
 8.17905  -0.00637  -0.27386
 8.19334  -0.00626  -0.27059
 8.20759  -0.00615  -0.26735
 8.21378  -0.00611  -0.26595
 8.21997  -0.00606  -0.26455
 8.23411  -0.00596  -0.26137
 8.24828  -0.00586  -0.25819
 8.26241  -0.00576  -0.25504
 8.27652  -0.00567  -0.25192
 8.29060  -0.00557  -0.24882
 8.30464  -0.00548  -0.24574
 8.30868  -0.00545  -0.24486
 8.31272  -0.00542  -0.24398
 8.31701  -0.00539  -0.24305
 8.33092  -0.00530  -0.24004
 8.34488  -0.00521  -0.23703
 8.35881  -0.00512  -0.23406
 8.37271  -0.00504  -0.23110
 8.38658  -0.00495  -0.22818
 8.40042  -0.00486  -0.22528
 8.40765  -0.00482  -0.22377
 8.41371  -0.00478  -0.22251
 8.41977  -0.00475  -0.22126
 8.43348  -0.00467  -0.21843
 8.44722  -0.00459  -0.21562
 8.46093  -0.00451  -0.21283
 8.47462  -0.00443  -0.21008
 8.48827  -0.00435  -0.20734
 8.50190  -0.00428  -0.20464
 8.50973  -0.00424  -0.20309
 8.51756  -0.00419  -0.20155
 8.52704  -0.00414  -0.19970
 8.54056  -0.00407  -0.19707
 8.55408  -0.00400  -0.19447
 8.56757  -0.00393  -0.19189
 8.58104  -0.00386  -0.18934
 8.59448  -0.00379  -0.18681
 8.60789  -0.00373  -0.18431
 8.61389  -0.00370  -0.18320
 8.61968  -0.00367  -0.18213
 8.63298  -0.00361  -0.17969
 8.64632  -0.00354  -0.17726
 8.65963  -0.00348  -0.17486
 8.67292  -0.00342  -0.17249
 8.68618  -0.00336  -0.17014
 8.69942  -0.00330  -0.16782
 8.70612  -0.00327  -0.16665
 8.71012  -0.00325  -0.16595
 8.71396  -0.00324  -0.16529
 8.72707  -0.00318  -0.16303
 8.74023  -0.00312  -0.16078
 8.75336  -0.00307  -0.15856
 8.76647  -0.00302  -0.15637
 8.77955  -0.00296  -0.15420
 8.79261  -0.00291  -0.15205
 8.80565  -0.00286  -0.14993
 8.80992  -0.00284  -0.14924
 8.81418  -0.00282  -0.14856
 8.82159  -0.00280  -0.14737
 8.83453  -0.00275  -0.14531
 8.84749  -0.00270  -0.14326
 8.86043  -0.00265  -0.14125
 8.87334  -0.00260  -0.13925
 8.88623  -0.00256  -0.13728
 8.89910  -0.00251  -0.13533
 8.90691  -0.00248  -0.13416
 8.91472  -0.00246  -0.13299
 8.92322  -0.00243  -0.13173
 8.93599  -0.00238  -0.12986
 8.94877  -0.00234  -0.12800
 8.96152  -0.00230  -0.12616
 8.97426  -0.00226  -0.12435
 8.98697  -0.00222  -0.12255
 8.99966  -0.00218  -0.12078
 9.00714  -0.00215  -0.11975
 9.01462  -0.00213  -0.11872
 9.02227  -0.00211  -0.11768
 9.03486  -0.00207  -0.11598
 9.04747  -0.00203  -0.11429
 9.06006  -0.00200  -0.11262
 9.07263  -0.00196  -0.11098
 9.08518  -0.00192  -0.10935
 9.09771  -0.00189  -0.10775
 9.10655  -0.00186  -0.10663
 9.11539  -0.00184  -0.10552
 9.12441  -0.00182  -0.10439
 9.13685  -0.00178  -0.10285
 9.14929  -0.00175  -0.10133
 9.16171  -0.00172  -0.09983
 9.17412  -0.00169  -0.09835
 9.18650  -0.00166  -0.09689
 9.19886  -0.00163  -0.09545
 9.20502  -0.00161  -0.09473
 9.20963  -0.00160  -0.09420
 9.21423  -0.00159  -0.09368
 9.22021  -0.00158  -0.09299
 9.23247  -0.00155  -0.09161
 9.24476  -0.00152  -0.09023
 9.25704  -0.00149  -0.08888
 9.26929  -0.00146  -0.08754
 9.28153  -0.00144  -0.08622
 9.29374  -0.00141  -0.08492
 9.30594  -0.00138  -0.08364
 9.31498  -0.00137  -0.08270
 9.32403  -0.00135  -0.08176
 9.33616  -0.00132  -0.08053
 9.34829  -0.00130  -0.07930
 9.36041  -0.00127  -0.07809
 9.37250  -0.00125  -0.07690
 9.38458  -0.00123  -0.07573
 9.39664  -0.00120  -0.07457
 9.40869  -0.00118  -0.07343
 9.41806  -0.00116  -0.07255
 9.42653  -0.00115  -0.07176
 9.43850  -0.00113  -0.07066
 9.45049  -0.00111  -0.06957
 9.46245  -0.00109  -0.06850
 9.47440  -0.00107  -0.06744
 9.48633  -0.00105  -0.06640
 9.49825  -0.00103  -0.06537
 9.50784  -0.00101  -0.06455
 9.51448  -0.00100  -0.06399
 9.52065  -0.00099  -0.06347
 9.53247  -0.00097  -0.06249
 9.54432  -0.00095  -0.06152
 9.55615  -0.00094  -0.06056
 9.56797  -0.00092  -0.05961
 9.57977  -0.00090  -0.05868
 9.59155  -0.00088  -0.05776
 9.60332  -0.00087  -0.05685
 9.60976  -0.00086  -0.05636
 9.61620  -0.00085  -0.05588
 9.62519  -0.00084  -0.05520
 9.63689  -0.00082  -0.05433
 9.64859  -0.00080  -0.05348
 9.66028  -0.00079  -0.05263
 9.67196  -0.00077  -0.05180
 9.68361  -0.00076  -0.05098
 9.69526  -0.00074  -0.05017
 9.70688  -0.00073  -0.04938
 9.71560  -0.00072  -0.04879
 9.72371  -0.00071  -0.04825
 9.73527  -0.00070  -0.04748
 9.74684  -0.00068  -0.04672
 9.75840  -0.00067  -0.04598
 9.76995  -0.00066  -0.04524
 9.78148  -0.00064  -0.04452
 9.79299  -0.00063  -0.04381
 9.80449  -0.00062  -0.04311
 9.80990  -0.00061  -0.04278
 9.81532  -0.00061  -0.04245
 9.82496  -0.00060  -0.04188
 9.83640  -0.00058  -0.04121
 9.84785  -0.00057  -0.04054
 9.85928  -0.00056  -0.03989
 9.87069  -0.00055  -0.03925
 9.88210  -0.00054  -0.03861
 9.89348  -0.00053  -0.03799
 9.90485  -0.00052  -0.03737
 9.90963  -0.00051  -0.03712
 9.91441  -0.00051  -0.03686
 9.92096  -0.00050  -0.03652
 9.93227  -0.00049  -0.03593
 9.94359  -0.00048  -0.03534
 9.95490  -0.00047  -0.03477
 9.96620  -0.00046  -0.03420
 9.97748  -0.00045  -0.03364
 9.98875  -0.00044  -0.03309
 10.00001  -0.00044  -0.03255
 10.00607  -0.00043  -0.03227
 10.00977  -0.00043  -0.03209
 10.01347  -0.00042  -0.03192
 10.01936  -0.00042  -0.03164
 10.03054  -0.00041  -0.03112
 10.04175  -0.00040  -0.03061
 10.05294  -0.00039  -0.03011
 10.06412  -0.00039  -0.02962
 10.07529  -0.00038  -0.02913
 10.08644  -0.00037  -0.02865
 10.09758  -0.00036  -0.02818
 10.10870  -0.00035  -0.02771
 10.11982  -0.00034  -0.02725
 10.13030  -0.00034  -0.02683
 10.14138  -0.00033  -0.02638
 10.15246  -0.00032  -0.02594
 10.16352  -0.00031  -0.02551
 10.17457  -0.00031  -0.02509
 10.18561  -0.00030  -0.02467
 10.19663  -0.00029  -0.02426
 10.20765  -0.00028  -0.02386
 10.21467  -0.00028  -0.02360
 10.22161  -0.00028  -0.02335
 10.23256  -0.00027  -0.02296
 10.24353  -0.00026  -0.02258
 10.25449  -0.00026  -0.02220
 10.26544  -0.00025  -0.02183
 10.27637  -0.00024  -0.02146
 10.28730  -0.00024  -0.02110
 10.29821  -0.00023  -0.02075
 10.30911  -0.00023  -0.02040
 10.31999  -0.00022  -0.02006
 10.33097  -0.00021  -0.01972
 10.34184  -0.00021  -0.01938
 10.35269  -0.00020  -0.01905
 10.36353  -0.00020  -0.01873
 10.37436  -0.00019  -0.01842
 10.38517  -0.00018  -0.01810
 10.39598  -0.00018  -0.01780
 10.40677  -0.00017  -0.01749
 10.41542  -0.00017  -0.01725
 10.42408  -0.00017  -0.01702
 10.43483  -0.00016  -0.01673
 10.44558  -0.00016  -0.01644
 10.45632  -0.00015  -0.01616
 10.46705  -0.00014  -0.01589
 10.47776  -0.00014  -0.01562
 10.48847  -0.00014  -0.01535
 10.49917  -0.00013  -0.01508
 10.50985  -0.00013  -0.01483
 10.52052  -0.00012  -0.01457
 10.53135  -0.00011  -0.01432
 10.54200  -0.00011  -0.01407
 10.55264  -0.00010  -0.01383
 10.56327  -0.00010  -0.01359
 10.57388  -0.00009  -0.01335
 10.58449  -0.00009  -0.01312
 10.59509  -0.00008  -0.01290
 10.60567  -0.00008  -0.01267
 10.61625  -0.00007  -0.01245
 10.62718  -0.00007  -0.01223
 10.63774  -0.00006  -0.01202
 10.64828  -0.00006  -0.01181
 10.65881  -0.00005  -0.01160
 10.66933  -0.00005  -0.01140
 10.67984  -0.00004  -0.01120
 10.69034  -0.00004  -0.01100
 10.70083  -0.00003  -0.01081
 10.70735  -0.00003  -0.01069
 10.71387  -0.00003  -0.01057
 10.72385  -0.00002  -0.01040
 10.73430  -0.00002  -0.01021
 10.74475  -0.00001  -0.01003
 10.75518  -0.00001  -0.00986
 10.76561  -0.00000  -0.00968
 10.77603   0.00000  -0.00951
 10.78643   0.00001  -0.00934
 10.79683   0.00001  -0.00917
 10.80722   0.00002  -0.00901
 10.81617   0.00002  -0.00887
 10.82426   0.00002  -0.00875
 10.83460   0.00003  -0.00859
 10.84495   0.00003  -0.00844
 10.85529   0.00003  -0.00829
 10.86562   0.00004  -0.00814
 10.87595   0.00004  -0.00799
 10.88626   0.00004  -0.00785
 10.89656   0.00005  -0.00771
 10.90685   0.00005  -0.00757
 10.91571   0.00005  -0.00745
 10.92457   0.00006  -0.00733
 10.93482   0.00006  -0.00720
 10.94508   0.00006  -0.00707
 10.95533   0.00006  -0.00694
 10.96556   0.00007  -0.00681
 10.97579   0.00007  -0.00668
 10.98601   0.00007  -0.00656
 10.99622   0.00007  -0.00644
 11.00642   0.00008  -0.00632
 11.01661   0.00008  -0.00620
 11.02641   0.00008  -0.00609
 11.03658   0.00008  -0.00598
 11.04675   0.00008  -0.00587
 11.05690   0.00008  -0.00576
 11.06705   0.00008  -0.00565
 11.07718   0.00009  -0.00554
 11.08731   0.00009  -0.00544
 11.09743   0.00009  -0.00533
 11.10754   0.00009  -0.00523
 11.11764   0.00009  -0.00513
 11.12682   0.00009  -0.00504
 11.13690   0.00009  -0.00494
 11.14697   0.00009  -0.00485
 11.15704   0.00009  -0.00475
 11.16710   0.00009  -0.00466
 11.17714   0.00009  -0.00457
 11.18718   0.00009  -0.00448
 11.19721   0.00009  -0.00439
 11.20724   0.00009  -0.00430
 11.21621   0.00009  -0.00423
 11.22453   0.00008  -0.00416
 11.23452   0.00008  -0.00407
 11.24451   0.00008  -0.00399
 11.25449   0.00007  -0.00391
 11.26446   0.00007  -0.00383
 11.27442   0.00006  -0.00375
 11.28438   0.00006  -0.00367
 11.29433   0.00006  -0.00360
 11.30427   0.00005  -0.00352
 11.30965   0.00005  -0.00348
 11.31504   0.00005  -0.00344
 11.32329   0.00005  -0.00338
 11.33319   0.00004  -0.00331
 11.34310   0.00004  -0.00324
 11.35299   0.00004  -0.00317
 11.36288   0.00003  -0.00310
 11.37276   0.00003  -0.00303
 11.38264   0.00003  -0.00296
 11.39250   0.00002  -0.00290
 11.40236   0.00002  -0.00283
 11.40913   0.00002  -0.00279
 11.41589   0.00002  -0.00274
 11.42421   0.00001  -0.00269
 11.43403   0.00001  -0.00263
 11.44385   0.00001  -0.00257
 11.45367   0.00000  -0.00251
 11.46347   0.00000  -0.00245
 11.47327  -0.00000  -0.00239
 11.48306  -0.00000  -0.00233
 11.49285  -0.00001  -0.00227
 11.50262  -0.00001  -0.00221
 11.50946  -0.00001  -0.00217
 11.51630  -0.00001  -0.00214
 11.52561  -0.00001  -0.00208
 11.53536  -0.00001  -0.00203
 11.54510  -0.00001  -0.00198
 11.55483  -0.00001  -0.00192
 11.56455  -0.00001  -0.00187
 11.57427  -0.00001  -0.00182
 11.58398  -0.00001  -0.00177
 11.59368  -0.00001  -0.00172
 11.60338  -0.00001  -0.00167
 11.60901  -0.00001  -0.00164
 11.61463  -0.00001  -0.00161
 11.62161  -0.00001  -0.00157
 11.63127  -0.00001  -0.00153
 11.64093  -0.00001  -0.00148
 11.65059  -0.00002  -0.00143
 11.66024  -0.00002  -0.00138
 11.66988  -0.00002  -0.00134
 11.67952  -0.00002  -0.00129
 11.68915  -0.00002  -0.00125
 11.69877  -0.00002  -0.00120
 11.70838  -0.00002  -0.00116
 11.71799  -0.00002  -0.00111
 11.72769  -0.00003  -0.00107
 11.73729  -0.00003  -0.00102
 11.74687  -0.00003  -0.00098
 11.75645  -0.00003  -0.00094
 11.76602  -0.00004  -0.00089
 11.77558  -0.00004  -0.00085
 11.78513  -0.00004  -0.00081
 11.79468  -0.00004  -0.00077
 11.80422  -0.00005  -0.00073
 11.81021  -0.00005  -0.00070
 11.81617  -0.00004  -0.00067
 11.82567  -0.00004  -0.00063
 11.83519  -0.00003  -0.00059
 11.84470  -0.00002  -0.00055
 11.85420  -0.00002  -0.00051
 11.86370  -0.00001  -0.00047
 11.87318  -0.00000  -0.00043
 11.88267   0.00000  -0.00040
 11.89214   0.00001  -0.00036
 11.90161   0.00002  -0.00032
 11.90791   0.00002  -0.00029
 11.91422   0.00002  -0.00027
 11.92152   0.00001  -0.00024
 11.93096   0.00001  -0.00020
 11.94040   0.00001  -0.00016
 11.94983   0.00001  -0.00012
 11.95925   0.00001  -0.00008
 11.96867   0.00001  -0.00004
 11.97808   0.00000  -0.00000
 11.98749   0.00000   0.00004
 11.99689   0.00000   0.00007
 12.00628  -0.00000   0.00011
 12.01566  -0.00001   0.00015
 12.01986   0.00000   0.00017
