 0.05068   0.00033   0.00047
 0.05119   0.00034   0.00049
 0.05169   0.00036   0.00050
 0.05220   0.00037   0.00052
 0.05271   0.00039   0.00054
 0.05322   0.00040   0.00055
 0.05374   0.00042   0.00057
 0.05426   0.00043   0.00059
 0.05478   0.00045   0.00061
 0.05531   0.00047   0.00062
 0.05584   0.00048   0.00064
 0.05637   0.00050   0.00066
 0.05691   0.00052   0.00068
 0.05745   0.00053   0.00070
 0.05799   0.00055   0.00072
 0.05854   0.00057   0.00074
 0.05909   0.00058   0.00076
 0.05965   0.00060   0.00078
 0.06020   0.00062   0.00080
 0.06072   0.00063   0.00082
 0.06128   0.00065   0.00084
 0.06185   0.00067   0.00086
 0.06242   0.00069   0.00088
 0.06299   0.00071   0.00090
 0.06357   0.00073   0.00093
 0.06415   0.00075   0.00095
 0.06473   0.00077   0.00097
 0.06532   0.00078   0.00099
 0.06591   0.00080   0.00102
 0.06650   0.00082   0.00104
 0.06710   0.00084   0.00106
 0.06770   0.00086   0.00109
 0.06830   0.00089   0.00111
 0.06891   0.00091   0.00114
 0.06952   0.00093   0.00116
 0.07006   0.00095   0.00119
 0.07059   0.00097   0.00121
 0.07121   0.00099   0.00123
 0.07184   0.00101   0.00126
 0.07247   0.00103   0.00129
 0.07310   0.00105   0.00131
 0.07373   0.00108   0.00134
 0.07437   0.00110   0.00137
 0.07501   0.00112   0.00140
 0.07566   0.00115   0.00143
 0.07631   0.00117   0.00146
 0.07696   0.00120   0.00148
 0.07762   0.00122   0.00151
 0.07828   0.00125   0.00154
 0.07895   0.00127   0.00158
 0.07962   0.00130   0.00161
 0.08029   0.00132   0.00164
 0.08091   0.00135   0.00167
 0.08160   0.00137   0.00170
 0.08228   0.00140   0.00173
 0.08297   0.00143   0.00177
 0.08366   0.00146   0.00180
 0.08436   0.00148   0.00183
 0.08506   0.00151   0.00187
 0.08576   0.00154   0.00190
 0.08647   0.00157   0.00194
 0.08719   0.00160   0.00197
 0.08790   0.00163   0.00201
 0.08863   0.00166   0.00205
 0.08935   0.00169   0.00208
 0.09008   0.00172   0.00212
 0.09082   0.00175   0.00216
 0.09155   0.00179   0.00220
 0.09230   0.00182   0.00224
 0.09305   0.00185   0.00228
 0.09380   0.00189   0.00232
 0.09456   0.00192   0.00236
 0.09532   0.00195   0.00240
 0.09609   0.00199   0.00244
 0.09686   0.00202   0.00249
 0.09764   0.00206   0.00253
 0.09842   0.00209   0.00257
 0.09921   0.00213   0.00262
 0.10000   0.00217   0.00266
 0.10079   0.00221   0.00271
 0.10160   0.00224   0.00276
 0.10240   0.00228   0.00280
 0.10321   0.00232   0.00285
 0.10403   0.00236   0.00290
 0.10485   0.00240   0.00295
 0.10568   0.00244   0.00300
 0.10651   0.00248   0.00305
 0.10735   0.00253   0.00310
 0.10819   0.00257   0.00315
 0.10904   0.00261   0.00320
 0.10989   0.00265   0.00326
 0.11075   0.00270   0.00331
 0.11166   0.00275   0.00337
 0.11253   0.00279   0.00342
 0.11340   0.00284   0.00348
 0.11428   0.00288   0.00354
 0.11517   0.00293   0.00359
 0.11606   0.00298   0.00365
 0.11696   0.00303   0.00371
 0.11787   0.00308   0.00377
 0.11878   0.00313   0.00383
 0.11970   0.00318   0.00389
 0.12062   0.00323   0.00396
 0.12164   0.00329   0.00403
 0.12258   0.00334   0.00409
 0.12352   0.00339   0.00416
 0.12447   0.00345   0.00422
 0.12542   0.00350   0.00429
 0.12638   0.00356   0.00436
 0.12735   0.00361   0.00443
 0.12832   0.00367   0.00450
 0.12930   0.00373   0.00457
 0.13014   0.00378   0.00463
 0.13098   0.00383   0.00469
 0.13198   0.00389   0.00477
 0.13299   0.00395   0.00484
 0.13400   0.00402   0.00492
 0.13501   0.00408   0.00499
 0.13604   0.00414   0.00507
 0.13707   0.00421   0.00515
 0.13811   0.00427   0.00523
 0.13915   0.00434   0.00531
 0.14004   0.00440   0.00538
 0.14092   0.00445   0.00545
 0.14199   0.00452   0.00554
 0.14306   0.00459   0.00562
 0.14414   0.00466   0.00571
 0.14522   0.00474   0.00580
 0.14632   0.00481   0.00589
 0.14742   0.00488   0.00598
 0.14852   0.00496   0.00607
 0.14964   0.00504   0.00616
 0.15076   0.00511   0.00626
 0.15190   0.00519   0.00635
 0.15304   0.00527   0.00645
 0.15419   0.00535   0.00655
 0.15535   0.00543   0.00665
 0.15651   0.00552   0.00675
 0.15768   0.00560   0.00685
 0.15886   0.00569   0.00696
 0.16004   0.00577   0.00706
 0.16125   0.00586   0.00717
 0.16246   0.00595   0.00728
 0.16367   0.00604   0.00739
 0.16489   0.00613   0.00750
 0.16611   0.00623   0.00762
 0.16735   0.00632   0.00773
 0.16860   0.00641   0.00785
 0.16985   0.00651   0.00797
 0.17111   0.00661   0.00809
 0.17246   0.00672   0.00821
 0.17374   0.00682   0.00834
 0.17503   0.00692   0.00846
 0.17633   0.00702   0.00859
 0.17764   0.00713   0.00872
 0.17895   0.00723   0.00885
 0.18003   0.00732   0.00896
 0.18110   0.00741   0.00906
 0.18244   0.00752   0.00920
 0.18379   0.00763   0.00934
 0.18515   0.00775   0.00948
 0.18652   0.00786   0.00962
 0.18789   0.00798   0.00976
 0.18928   0.00810   0.00990
 0.19068   0.00822   0.01005
 0.19198   0.00833   0.01019
 0.19339   0.00846   0.01034
 0.19482   0.00858   0.01049
 0.19626   0.00871   0.01065
 0.19770   0.00884   0.01081
 0.19916   0.00897   0.01097
 0.20046   0.00909   0.01111
 0.20165   0.00920   0.01124
 0.20314   0.00933   0.01141
 0.20463   0.00947   0.01158
 0.20614   0.00961   0.01175
 0.20765   0.00975   0.01192
 0.20918   0.00990   0.01210
 0.21072   0.01004   0.01227
 0.21212   0.01017   0.01244
 0.21367   0.01032   0.01262
 0.21524   0.01048   0.01281
 0.21682   0.01063   0.01299
 0.21841   0.01079   0.01318
 0.22001   0.01095   0.01338
 0.22174   0.01112   0.01359
 0.22337   0.01128   0.01379
 0.22501   0.01145   0.01399
 0.22665   0.01161   0.01419
 0.22831   0.01178   0.01440
 0.22999   0.01196   0.01461
 0.23167   0.01213   0.01482
 0.23337   0.01231   0.01504
 0.23508   0.01249   0.01526
 0.23680   0.01267   0.01548
 0.23853   0.01286   0.01571
 0.24027   0.01304   0.01593
 0.24205   0.01323   0.01617
 0.24381   0.01343   0.01640
 0.24560   0.01362   0.01664
 0.24739   0.01382   0.01688
 0.24920   0.01402   0.01713
 0.25102   0.01423   0.01737
 0.25280   0.01443   0.01762
 0.25465   0.01464   0.01787
 0.25650   0.01485   0.01813
 0.25838   0.01506   0.01840
 0.26026   0.01528   0.01866
 0.26203   0.01549   0.01891
 0.26394   0.01571   0.01919
 0.26587   0.01594   0.01946
 0.26781   0.01617   0.01974
 0.26976   0.01640   0.02003
 0.27172   0.01664   0.02032
 0.27388   0.01690   0.02063
 0.27587   0.01715   0.02093
 0.27788   0.01739   0.02123
 0.27990   0.01764   0.02154
 0.28194   0.01790   0.02185
 0.28406   0.01816   0.02217
 0.28612   0.01843   0.02249
 0.28821   0.01869   0.02281
 0.29030   0.01896   0.02314
 0.29239   0.01923   0.02346
 0.29452   0.01951   0.02380
 0.29666   0.01979   0.02414
 0.29882   0.02007   0.02449
 0.30074   0.02032   0.02479
 0.30247   0.02055   0.02507
 0.30467   0.02085   0.02543
 0.30689   0.02115   0.02580
 0.30912   0.02145   0.02616
 0.31137   0.02176   0.02654
 0.31375   0.02209   0.02694
 0.31603   0.02240   0.02732
 0.31833   0.02272   0.02771
 0.31990   0.02294   0.02798
 0.32147   0.02316   0.02824
 0.32383   0.02350   0.02865
 0.32619   0.02383   0.02906
 0.32856   0.02417   0.02947
 0.33026   0.02442   0.02977
 0.33197   0.02466   0.03007
 0.33438   0.02502   0.03049
 0.33682   0.02537   0.03093
 0.33927   0.02573   0.03136
 0.34173   0.02610   0.03181
 0.34424   0.02647   0.03226
 0.34675   0.02685   0.03272
 0.34927   0.02723   0.03318
 0.35181   0.02762   0.03365
 0.35440   0.02802   0.03413
 0.35698   0.02841   0.03461
 0.35958   0.02882   0.03510
 0.36219   0.02923   0.03560
 0.36485   0.02964   0.03610
 0.36751   0.03006   0.03661
 0.36966   0.03041   0.03703
 0.37181   0.03075   0.03744
 0.37454   0.03119   0.03797
 0.37727   0.03163   0.03851
 0.38002   0.03208   0.03905
 0.38301   0.03257   0.03964
 0.38580   0.03303   0.04020
 0.38861   0.03349   0.04076
 0.39145   0.03397   0.04133
 0.39401   0.03440   0.04186
 0.39689   0.03488   0.04244
 0.39978   0.03537   0.04304
 0.40270   0.03587   0.04364
 0.40586   0.03642   0.04430
 0.40883   0.03693   0.04492
 0.41181   0.03745   0.04554
 0.41506   0.03802   0.04623
 0.41809   0.03855   0.04687
 0.42004   0.03890   0.04729
 0.42199   0.03924   0.04771
 0.42508   0.03980   0.04837
 0.42819   0.04035   0.04905
 0.43030   0.04074   0.04951
 0.43225   0.04109   0.04993
 0.43541   0.04166   0.05063
 0.43860   0.04225   0.05133
 0.44181   0.04284   0.05205
 0.44494   0.04342   0.05275
 0.44821   0.04403   0.05348
 0.44994   0.04435   0.05387
 0.45167   0.04468   0.05426
 0.45535   0.04537   0.05510
 0.45870   0.04601   0.05586
 0.46207   0.04665   0.05663
 0.46586   0.04738   0.05751
 0.46929   0.04804   0.05830
 0.47274   0.04871   0.05911
 0.47625   0.04940   0.05993
 0.47976   0.05009   0.06076
 0.48329   0.05078   0.06160
 0.48718   0.05156   0.06252
 0.48968   0.05206   0.06312
 0.49219   0.05256   0.06373
 0.49560   0.05325   0.06455
 0.49925   0.05399   0.06543
 0.50294   0.05473   0.06633
 0.50669   0.05550   0.06725
 0.50917   0.05601   0.06786
 0.51165   0.05652   0.06847
 0.51455   0.05712   0.06919
 0.51835   0.05791   0.07014
 0.52219   0.05871   0.07109
 0.52597   0.05951   0.07204
 0.52987   0.06033   0.07303
 0.53380   0.06117   0.07402
 0.53795   0.06205   0.07508
 0.53979   0.06245   0.07555
 0.54164   0.06284   0.07602
 0.54436   0.06343   0.07672
 0.54841   0.06430   0.07776
 0.55249   0.06519   0.07882
 0.55664   0.06609   0.07990
 0.55958   0.06674   0.08066
 0.56253   0.06739   0.08143
 0.56615   0.06819   0.08238
 0.56893   0.06880   0.08312
 0.57171   0.06942   0.08385
 0.57564   0.07030   0.08489
 0.57994   0.07126   0.08604
 0.58428   0.07224   0.08719
 0.58875   0.07325   0.08839
 0.59316   0.07425   0.08958
 0.59731   0.07520   0.09070
 0.59991   0.07579   0.09140
 0.60250   0.07638   0.09211
 0.60728   0.07749   0.09341
 0.60981   0.07807   0.09410
 0.61234   0.07866   0.09479
 0.61605   0.07952   0.09581
 0.61964   0.08036   0.09680
 0.62324   0.08120   0.09779
 0.62789   0.08229   0.09908
 0.63263   0.08341   0.10039
 0.63705   0.08445   0.10163
 0.64053   0.08528   0.10260
 0.64371   0.08604   0.10349
 0.64858   0.08720   0.10485
 0.65296   0.08825   0.10609
 0.65714   0.08926   0.10726
 0.65986   0.08991   0.10803
 0.66258   0.09057   0.10880
 0.66684   0.09160   0.11001
 0.66930   0.09220   0.11071
 0.67176   0.09280   0.11141
 0.67447   0.09346   0.11218
 0.67961   0.09471   0.11365
 0.68480   0.09599   0.11513
 0.68870   0.09695   0.11625
 0.69261   0.09791   0.11737
 0.69647   0.09887   0.11848
 0.70008   0.09976   0.11952
 0.70347   0.10060   0.12050
 0.70887   0.10195   0.12206
 0.71432   0.10331   0.12364
 0.71944   0.10459   0.12512
 0.72499   0.10598   0.12673
 0.72892   0.10697   0.12787
 0.73284   0.10796   0.12901
 0.73651   0.10889   0.13008
 0.73907   0.10954   0.13083
 0.74163   0.11019   0.13158
 0.74483   0.11100   0.13251
 0.74812   0.11184   0.13347
 0.75140   0.11267   0.13443
 0.75444   0.11344   0.13532
 0.75831   0.11443   0.13645
 0.76218   0.11542   0.13758
 0.76702   0.11666   0.13900
 0.77001   0.11743   0.13988
 0.77301   0.11820   0.14075
 0.77905   0.11975   0.14253
 0.78516   0.12133   0.14432
 0.78917   0.12236   0.14549
 0.79318   0.12340   0.14667
 0.79714   0.12442   0.14783
 0.79962   0.12506   0.14855
 0.80209   0.12570   0.14928
 0.80519   0.12651   0.15019
 0.80902   0.12750   0.15131
 0.81286   0.12850   0.15243
 0.81653   0.12945   0.15351
 0.81979   0.13030   0.15446
 0.82305   0.13115   0.15541
 0.82753   0.13232   0.15672
 0.83411   0.13403   0.15864
 0.83845   0.13516   0.15991
 0.84279   0.13630   0.16117
 0.84719   0.13745   0.16246
 0.85398   0.13922   0.16443
 0.85846   0.14040   0.16573
 0.86295   0.14157   0.16703
 0.86725   0.14270   0.16827
 0.87424   0.14453   0.17029
 0.87932   0.14586   0.17175
 0.88439   0.14719   0.17321
 0.88947   0.14852   0.17467
 0.89669   0.15041   0.17673
 0.90519   0.15263   0.17915
 0.90948   0.15376   0.18037
 0.91377   0.15488   0.18158
 0.91838   0.15609   0.18289
 0.92322   0.15735   0.18425
 0.92763   0.15850   0.18549
 0.93331   0.15999   0.18708
 0.93898   0.16147   0.18866
 0.94676   0.16349   0.19082
 0.95009   0.16436   0.19174
 0.95321   0.16518   0.19260
 0.95807   0.16644   0.19393
 0.96292   0.16770   0.19526
 0.96882   0.16923   0.19687
 0.97285   0.17027   0.19796
 0.97654   0.17123   0.19896
 0.98476   0.17335   0.20117
 0.98981   0.17466   0.20252
 0.99487   0.17596   0.20386
 0.99893   0.17700   0.20494
 1.00299   0.17805   0.20601
 1.00679   0.17902   0.20700
 1.01439   0.18097   0.20899
 1.01882   0.18210   0.21013
 1.02324   0.18322   0.21127
 1.02723   0.18424   0.21230
 1.03345   0.18582   0.21388
 1.03967   0.18739   0.21545
 1.04867   0.18966   0.21770
 1.05271   0.19068   0.21870
 1.05661   0.19166   0.21967
 1.06418   0.19355   0.22152
 1.06971   0.19493   0.22286
 1.07525   0.19631   0.22419
 1.07933   0.19732   0.22516
 1.08341   0.19833   0.22613
 1.08762   0.19936   0.22712
 1.09336   0.20077   0.22846
 1.09909   0.20218   0.22978
 1.10499   0.20362   0.23113
 1.10853   0.20448   0.23194
 1.11208   0.20534   0.23273
 1.11805   0.20678   0.23407
 1.12345   0.20809   0.23526
 1.12855   0.20931   0.23638
 1.13284   0.21033   0.23730
 1.13697   0.21132   0.23819
 1.14367   0.21291   0.23961
 1.14865   0.21409   0.24066
 1.15293   0.21510   0.24155
 1.15688   0.21602   0.24236
 1.16370   0.21762   0.24374
 1.16913   0.21887   0.24483
 1.17455   0.22013   0.24590
 1.17957   0.22128   0.24688
 1.18508   0.22255   0.24794
 1.18832   0.22328   0.24855
 1.19155   0.22402   0.24916
 1.19494   0.22479   0.24979
 1.19833   0.22555   0.25042
 1.20171   0.22631   0.25104
 1.20540   0.22714   0.25171
 1.21697   0.22972   0.25376
 1.22373   0.23121   0.25493
 1.22769   0.23208   0.25560
 1.23016   0.23261   0.25601
 1.23238   0.23310   0.25638
 1.23876   0.23448   0.25743
 1.24289   0.23537   0.25809
 1.24664   0.23618   0.25869
 1.25418   0.23778   0.25986
 1.25843   0.23868   0.26051
 1.26267   0.23958   0.26114
 1.26722   0.24053   0.26181
 1.27348   0.24183   0.26271
 1.27974   0.24312   0.26359
 1.28580   0.24436   0.26441
 1.28982   0.24518   0.26495
 1.29385   0.24600   0.26548
 1.29929   0.24709   0.26617
 1.30550   0.24833   0.26695
 1.30925   0.24907   0.26740
 1.31300   0.24981   0.26785
 1.31685   0.25056   0.26830
 1.32061   0.25130   0.26872
 1.32437   0.25202   0.26914
 1.32886   0.25289   0.26963
 1.33335   0.25375   0.27011
 1.33745   0.25453   0.27053
 1.34386   0.25574   0.27117
 1.34815   0.25654   0.27159
 1.35244   0.25733   0.27199
 1.35880   0.25851   0.27256
 1.36318   0.25930   0.27294
 1.36714   0.26002   0.27327
 1.37453   0.26135   0.27385
 1.37862   0.26207   0.27416
 1.38270   0.26279   0.27446
 1.38673   0.26350   0.27474
 1.38958   0.26400   0.27493
 1.39243   0.26449   0.27512
 1.39591   0.26509   0.27534
 1.39948   0.26570   0.27556
 1.40305   0.26631   0.27577
 1.40704   0.26698   0.27599
 1.41452   0.26823   0.27638
 1.41890   0.26895   0.27658
 1.42328   0.26967   0.27678
 1.42733   0.27032   0.27694
 1.43332   0.27128   0.27717
 1.43931   0.27223   0.27737
 1.44709   0.27345   0.27759
 1.45412   0.27453   0.27775
 1.45939   0.27533   0.27784
 1.46465   0.27612   0.27792
 1.46990   0.27690   0.27797
 1.47989   0.27835   0.27802
 1.48987   0.27977   0.27799
 1.49696   0.28076   0.27792
 1.50404   0.28173   0.27782
 1.50927   0.28244   0.27771
 1.51449   0.28313   0.27759
 1.51953   0.28379   0.27745
 1.52970   0.28510   0.27711
 1.53909   0.28627   0.27672
 1.54500   0.28700   0.27645
 1.54855   0.28743   0.27627
 1.55211   0.28785   0.27608
 1.55734   0.28847   0.27578
 1.56329   0.28916   0.27541
 1.56923   0.28983   0.27502
 1.57555   0.29054   0.27457
 1.57929   0.29095   0.27429
 1.58303   0.29135   0.27400
 1.58691   0.29177   0.27369
 1.59364   0.29248   0.27311
 1.60002   0.29313   0.27254
 1.60754   0.29389   0.27181
 1.61339   0.29446   0.27122
 1.61925   0.29502   0.27060
 1.62612   0.29566   0.26984
 1.62893   0.29592   0.26951
 1.63174   0.29617   0.26918
 1.63543   0.29650   0.26874
 1.63885   0.29681   0.26832
 1.64228   0.29710   0.26789
 1.64586   0.29741   0.26743
 1.64970   0.29774   0.26692
 1.65355   0.29805   0.26641
 1.65825   0.29844   0.26576
 1.66311   0.29882   0.26507
 1.66783   0.29919   0.26438
 1.67371   0.29964   0.26350
 1.67917   0.30004   0.26266
 1.68496   0.30046   0.26174
 1.68862   0.30071   0.26114
 1.69228   0.30096   0.26053
 1.69653   0.30125   0.25981
 1.70446   0.30177   0.25843
 1.70917   0.30206   0.25759
 1.71388   0.30235   0.25673
 1.71838   0.30262   0.25589
 1.72277   0.30287   0.25506
 1.72715   0.30312   0.25421
 1.73343   0.30346   0.25296
 1.73971   0.30378   0.25169
 1.74851   0.30422   0.24985
 1.75286   0.30442   0.24892
 1.75706   0.30461   0.24800
 1.76361   0.30489   0.24655
 1.76841   0.30509   0.24546
 1.77321   0.30528   0.24435
 1.77754   0.30545   0.24334
 1.78316   0.30565   0.24200
 1.78878   0.30584   0.24064
 1.79289   0.30597   0.23963
 1.79662   0.30609   0.23870
 1.80446   0.30632   0.23671
 1.80908   0.30644   0.23551
 1.81369   0.30656   0.23430
 1.81801   0.30666   0.23315
 1.82298   0.30676   0.23182
 1.82795   0.30686   0.23046
 1.83308   0.30696   0.22903
 1.83821   0.30704   0.22759
 1.84286   0.30711   0.22626
 1.84752   0.30717   0.22492
 1.85314   0.30724   0.22328
 1.85877   0.30729   0.22160
 1.86282   0.30732   0.22039
 1.86651   0.30734   0.21927
 1.87430   0.30738   0.21687
 1.87861   0.30739   0.21552
 1.88291   0.30739   0.21417
 1.88688   0.30739   0.21290
 1.89474   0.30737   0.21036
 1.89922   0.30735   0.20889
 1.90370   0.30732   0.20741
 1.90804   0.30729   0.20596
 1.91293   0.30724   0.20431
 1.91783   0.30719   0.20264
 1.92349   0.30712   0.20068
 1.92911   0.30704   0.19872
 1.93447   0.30695   0.19683
 1.93934   0.30686   0.19509
 1.94606   0.30673   0.19267
 1.94911   0.30666   0.19155
 1.95217   0.30659   0.19043
 1.95527   0.30652   0.18929
 1.96003   0.30640   0.18752
 1.96480   0.30628   0.18574
 1.96955   0.30614   0.18394
 1.97430   0.30600   0.18213
 1.97934   0.30585   0.18019
 1.98605   0.30563   0.17758
 1.98916   0.30552   0.17636
 1.99228   0.30541   0.17513
 1.99545   0.30530   0.17387
 1.99938   0.30515   0.17231
 2.00331   0.30500   0.17073
 2.00736   0.30484   0.16910
 2.00978   0.30474   0.16812
 2.01219   0.30464   0.16713
 2.01460   0.30454   0.16615
 2.03269   0.30371   0.15862
 2.05086   0.30279   0.15086
 2.06902   0.30177   0.14290
 2.08717   0.30065   0.13474
 2.10532   0.29944   0.12640
 2.10782   0.29927   0.12523
 2.10916   0.29917   0.12461
 2.10997   0.29912   0.12423
 2.11077   0.29906   0.12385
 2.11205   0.29897   0.12326
 2.12482   0.29804   0.11722
 2.14298   0.29665   0.10850
 2.16115   0.29517   0.09960
 2.17929   0.29361   0.09055
 2.19740   0.29196   0.08135
 2.20209   0.29153   0.07895
 2.20677   0.29109   0.07654
 2.20969   0.29081   0.07503
 2.21108   0.29067   0.07431
 2.21233   0.29055   0.07366
 2.22486   0.28933   0.06714
 2.24292   0.28750   0.05761
 2.26098   0.28561   0.04796
 2.27898   0.28365   0.03822
 2.29694   0.28162   0.02840
 2.30142   0.28111   0.02593
 2.30590   0.28059   0.02345
 2.30814   0.28033   0.02221
 2.30997   0.28012   0.02120
 2.31179   0.27990   0.02019
 2.31420   0.27962   0.01885
 2.33200   0.27750   0.00892
 2.34983   0.27531  -0.00111
 2.36760   0.27308  -0.01118
 2.38528   0.27081  -0.02128
 2.40289   0.26850  -0.03139
 2.40532   0.26818  -0.03279
 2.40775   0.26785  -0.03419
 2.40937   0.26764  -0.03512
 2.41098   0.26742  -0.03605
 2.41262   0.26720  -0.03700
 2.42904   0.26498  -0.04649
 2.44646   0.26259  -0.05661
 2.46380   0.26017  -0.06670
 2.48103   0.25772  -0.07676
 2.49816   0.25526  -0.08676
 2.50241   0.25464  -0.08924
 2.50666   0.25403  -0.09172
 2.50891   0.25370  -0.09304
 2.51001   0.25354  -0.09368
 2.51111   0.25338  -0.09433
 2.52210   0.25177  -0.10075
 2.53893   0.24928  -0.11058
 2.55569   0.24677  -0.12036
 2.57233   0.24426  -0.13004
 2.58883   0.24176  -0.13962
 2.60519   0.23925  -0.14908
 2.60985   0.23853  -0.15177
 2.61156   0.23827  -0.15276
 2.61311   0.23803  -0.15365
 2.62856   0.23565  -0.16253
 2.64458   0.23316  -0.17170
 2.66045   0.23068  -0.18072
 2.67616   0.22822  -0.18959
 2.69170   0.22578  -0.19831
 2.70706   0.22336  -0.20686
 2.70891   0.22307  -0.20788
 2.70972   0.22294  -0.20833
 2.71053   0.22281  -0.20878
 2.71132   0.22269  -0.20922
 2.71925   0.22144  -0.21359
 2.73420   0.21907  -0.22178
 2.74905   0.21672  -0.22985
 2.76371   0.21440  -0.23773
 2.77815   0.21212  -0.24541
 2.79237   0.20987  -0.25290
 2.80636   0.20766  -0.26017
 2.80803   0.20739  -0.26104
 2.80971   0.20713  -0.26190
 2.81044   0.20701  -0.26228
 2.81118   0.20690  -0.26266
 2.81854   0.20574  -0.26644
 2.83194   0.20362  -0.27325
 2.84519   0.20154  -0.27991
 2.85815   0.19951  -0.28633
 2.87080   0.19753  -0.29252
 2.88310   0.19561  -0.29845
 2.89503   0.19375  -0.30413
 2.90654   0.19197  -0.30953
 2.90910   0.19157  -0.31072
 2.90961   0.19149  -0.31096
 2.90993   0.19144  -0.31111
 2.91025   0.19140  -0.31125
 2.91056   0.19135  -0.31140
 2.91366   0.19087  -0.31283
 2.92393   0.18928  -0.31755
 2.93402   0.18773  -0.32211
 2.94228   0.18647  -0.32581
 2.94921   0.18541  -0.32888
 2.95574   0.18441  -0.33174
 2.96375   0.18320  -0.33521
 2.97274   0.18184  -0.33906
 2.98249   0.18037  -0.34318
 2.99286   0.17881  -0.34749
 3.00376   0.17718  -0.35194
 3.00663   0.17676  -0.35310
 3.00950   0.17633  -0.35425
 3.00999   0.17626  -0.35445
 3.01049   0.17618  -0.35465
 3.01127   0.17607  -0.35496
 3.01907   0.17491  -0.35806
 3.03100   0.17315  -0.36270
 3.04329   0.17135  -0.36739
 3.05592   0.16951  -0.37209
 3.06887   0.16764  -0.37678
 3.08211   0.16575  -0.38146
 3.09564   0.16382  -0.38609
 3.10943   0.16188  -0.39067
 3.10991   0.16182  -0.39083
 3.11038   0.16175  -0.39098
 3.11094   0.16167  -0.39116
 3.11653   0.16089  -0.39297
 3.13072   0.15892  -0.39745
 3.14513   0.15694  -0.40183
 3.15977   0.15495  -0.40611
 3.17464   0.15295  -0.41027
 3.18972   0.15094  -0.41430
 3.20500   0.14894  -0.41819
 3.20981   0.14831  -0.41938
 3.21118   0.14813  -0.41971
 3.21243   0.14797  -0.42001
 3.22493   0.14636  -0.42297
 3.24068   0.14435  -0.42650
 3.25661   0.14235  -0.42985
 3.27272   0.14035  -0.43301
 3.28902   0.13836  -0.43597
 3.30550   0.13639  -0.43872
 3.30755   0.13614  -0.43905
 3.30960   0.13590  -0.43937
 3.31073   0.13577  -0.43954
 3.31186   0.13563  -0.43972
 3.32311   0.13431  -0.44139
 3.33995   0.13236  -0.44368
 3.35695   0.13042  -0.44572
 3.37411   0.12850  -0.44752
 3.39144   0.12660  -0.44905
 3.40892   0.12472  -0.45032
 3.40976   0.12463  -0.45037
 3.41060   0.12454  -0.45043
 3.41148   0.12445  -0.45048
 3.42028   0.12352  -0.45099
 3.43804   0.12167  -0.45180
 3.45591   0.11985  -0.45231
 3.47392   0.11806  -0.45253
 3.49207   0.11630  -0.45244
 3.49781   0.11575  -0.45235
 3.50356   0.11520  -0.45223
 3.50980   0.11461  -0.45206
 3.51202   0.11440  -0.45199
 3.51402   0.11422  -0.45192
 3.53251   0.11251  -0.45114
 3.55104   0.11085  -0.45003
 3.56969   0.10921  -0.44860
 3.58844   0.10761  -0.44684
 3.60728   0.10605  -0.44474
 3.60984   0.10584  -0.44443
 3.61239   0.10563  -0.44412
 3.61472   0.10545  -0.44382
 3.63370   0.10393  -0.44126
 3.65271   0.10246  -0.43836
 3.67178   0.10102  -0.43513
 3.69090   0.09963  -0.43156
 3.69930   0.09903  -0.42989
 3.70769   0.09844  -0.42817
 3.70935   0.09832  -0.42782
 3.71101   0.09821  -0.42747
 3.71272   0.09809  -0.42710
 3.72985   0.09692  -0.42331
 3.74903   0.09565  -0.41877
 3.76821   0.09442  -0.41392
 3.78738   0.09323  -0.40876
 3.80652   0.09209  -0.40331
 3.80922   0.09193  -0.40252
 3.81093   0.09183  -0.40202
 3.81261   0.09173  -0.40152
 3.82939   0.09077  -0.39642
 3.84842   0.08972  -0.39036
 3.86740   0.08870  -0.38404
 3.88631   0.08773  -0.37747
 3.90515   0.08679  -0.37066
 3.90709   0.08670  -0.36995
 3.90903   0.08660  -0.36923
 3.90987   0.08656  -0.36891
 3.91072   0.08652  -0.36860
 3.91168   0.08648  -0.36824
 3.92126   0.08602  -0.36463
 3.93987   0.08516  -0.35744
 3.95843   0.08433  -0.35002
 3.97689   0.08354  -0.34241
 3.99524   0.08278  -0.33462
 3.99964   0.08260  -0.33272
 4.00404   0.08243  -0.33080
 4.00947   0.08221  -0.32843
 4.01086   0.08216  -0.32782
 4.01224   0.08210  -0.32721
 4.02610   0.08157  -0.32103
 4.04409   0.08090  -0.31284
 4.06198   0.08026  -0.30449
 4.07975   0.07965  -0.29602
 4.09739   0.07907  -0.28744
 4.10155   0.07894  -0.28539
 4.10571   0.07881  -0.28333
 4.10872   0.07871  -0.28184
 4.11172   0.07862  -0.28034
 4.11518   0.07851  -0.27861
 4.13243   0.07799  -0.26989
 4.14967   0.07748  -0.26103
 4.16677   0.07700  -0.25210
 4.18374   0.07654  -0.24310
 4.20057   0.07611  -0.23404
 4.20523   0.07599  -0.23151
 4.20989   0.07587  -0.22897
 4.21239   0.07581  -0.22761
 4.21464   0.07576  -0.22638
 4.23109   0.07536  -0.21732
 4.24752   0.07498  -0.20815
 4.26382   0.07462  -0.19897
 4.27996   0.07427  -0.18978
 4.29596   0.07394  -0.18058
 4.29938   0.07387  -0.17861
 4.30280   0.07381  -0.17663
 4.30867   0.07369  -0.17322
 4.30976   0.07367  -0.17259
 4.31085   0.07365  -0.17195
 4.31185   0.07363  -0.17137
 4.32185   0.07343  -0.16553
 4.33733   0.07315  -0.15643
 4.35269   0.07287  -0.14734
 4.36784   0.07261  -0.13832
 4.38277   0.07236  -0.12937
 4.39745   0.07212  -0.12053
 4.40100   0.07206  -0.11838
 4.40454   0.07201  -0.11624
 4.40666   0.07197  -0.11496
 4.40878   0.07194  -0.11367
 4.41157   0.07190  -0.11198
 4.41416   0.07186  -0.11040
 4.42788   0.07165  -0.10206
 4.44153   0.07145  -0.09372
 4.45475   0.07126  -0.08562
 4.46744   0.07109  -0.07782
 4.47949   0.07093  -0.07039
 4.48950   0.07079  -0.06422
 4.49777   0.07069  -0.05910
 4.50580   0.07058  -0.05413
 4.50811   0.07056  -0.05270
 4.50963   0.07054  -0.05176
 4.51075   0.07052  -0.05106
 4.51184   0.07051  -0.05039
 4.52235   0.07038  -0.04387
 4.53388   0.07024  -0.03671
 4.54627   0.07009  -0.02902
 4.55938   0.06994  -0.02086
 4.57315   0.06978  -0.01230
 4.58751   0.06962  -0.00336
 4.60241   0.06946   0.00590
 4.60822   0.06940   0.00951
 4.60997   0.06938   0.01060
 4.61173   0.06936   0.01169
 4.61429   0.06933   0.01329
 4.63018   0.06917   0.02316
 4.64641   0.06900   0.03322
 4.66305   0.06883   0.04352
 4.68008   0.06866   0.05404
 4.69748   0.06849   0.06475
 4.70250   0.06844   0.06783
 4.70752   0.06839   0.07091
 4.70960   0.06837   0.07219
 4.71120   0.06836   0.07317
 4.71266   0.06834   0.07406
 4.72720   0.06820   0.08296
 4.74546   0.06803   0.09407
 4.76395   0.06785   0.10528
 4.78266   0.06768   0.11655
 4.80157   0.06750   0.12787
 4.80468   0.06747   0.12972
 4.80780   0.06744   0.13158
 4.80920   0.06742   0.13241
 4.81060   0.06741   0.13325
 4.81191   0.06740   0.13402
 4.82499   0.06727   0.14177
 4.84419   0.06709   0.15308
 4.86347   0.06690   0.16433
 4.88280   0.06672   0.17551
 4.90214   0.06653   0.18659
 4.90598   0.06649   0.18878
 4.90983   0.06645   0.19096
 4.91542   0.06639   0.19413
 4.92056   0.06634   0.19703
 4.93973   0.06615   0.20778
 4.95894   0.06595   0.21844
 4.97807   0.06575   0.22891
 4.99709   0.06555   0.23920
 5.00308   0.06548   0.24242
 5.00908   0.06542   0.24562
 5.01141   0.06539   0.24686
 5.01374   0.06537   0.24809
 5.03232   0.06516   0.25790
 5.05095   0.06495   0.26758
 5.06941   0.06473   0.27704
 5.08770   0.06452   0.28628
 5.10581   0.06430   0.29528
 5.10938   0.06425   0.29703
 5.11120   0.06423   0.29792
 5.11302   0.06421   0.29882
 5.13062   0.06399   0.30736
 5.14823   0.06376   0.31578
 5.16563   0.06354   0.32395
 5.18278   0.06331   0.33187
 5.19968   0.06308   0.33953
 5.20517   0.06300   0.34199
 5.20748   0.06297   0.34302
 5.20980   0.06294   0.34405
 5.21378   0.06288   0.34582
 5.21739   0.06283   0.34742
 5.23343   0.06261   0.35442
 5.24941   0.06237   0.36128
 5.26506   0.06214   0.36786
 5.28033   0.06192   0.37417
 5.29517   0.06169   0.38018
 5.30955   0.06147   0.38590
 5.31072   0.06145   0.38636
 5.31189   0.06143   0.38682
 5.32358   0.06124   0.39137
 5.33667   0.06103   0.39639
 5.34913   0.06083   0.40108
 5.35929   0.06066   0.40484
 5.36799   0.06052   0.40802
 5.37625   0.06038   0.41100
 5.38629   0.06021   0.41457
 5.39753   0.06002   0.41851
 5.40970   0.05981   0.42269
 5.41059   0.05979   0.42299
 5.41148   0.05977   0.42330
 5.42039   0.05962   0.42630
 5.43386   0.05938   0.43076
 5.44792   0.05913   0.43530
 5.46250   0.05886   0.43990
 5.47754   0.05858   0.44453
 5.49300   0.05829   0.44915
 5.50885   0.05799   0.45375
 5.51178   0.05793   0.45459
 5.51462   0.05788   0.45539
 5.53092   0.05756   0.45993
 5.54754   0.05723   0.46440
 5.56443   0.05689   0.46879
 5.58158   0.05655   0.47308
 5.59894   0.05619   0.47726
 5.60530   0.05606   0.47875
 5.60846   0.05599   0.47949
 5.61032   0.05595   0.47991
 5.61217   0.05591   0.48034
 5.62983   0.05554   0.48429
 5.64767   0.05516   0.48811
 5.66564   0.05477   0.49178
 5.68372   0.05438   0.49529
 5.70188   0.05398   0.49864
 5.70667   0.05387   0.49950
 5.70964   0.05380   0.50002
 5.71261   0.05374   0.50054
 5.71575   0.05367   0.50108
 5.73393   0.05326   0.50412
 5.75221   0.05284   0.50699
 5.77050   0.05242   0.50969
 5.78878   0.05199   0.51221
 5.80705   0.05156   0.51455
 5.80956   0.05150   0.51486
 5.81208   0.05145   0.51516
 5.81490   0.05138   0.51550
 5.83299   0.05095   0.51758
 5.85114   0.05051   0.51948
 5.86921   0.05008   0.52122
 5.88721   0.04964   0.52278
 5.90512   0.04920   0.52417
 5.90897   0.04910   0.52445
 5.91282   0.04901   0.52472
 5.91638   0.04892   0.52497
 5.93397   0.04849   0.52608
 5.95158   0.04805   0.52705
 5.96905   0.04761   0.52785
 5.98639   0.04717   0.52851
 6.00358   0.04674   0.52903
 6.01005   0.04657   0.52918
 6.01635   0.04641   0.52932
 6.03309   0.04599   0.52959
 6.04979   0.04556   0.52973
 6.06629   0.04513   0.52975
 6.08258   0.04471   0.52965
 6.09864   0.04430   0.52944
 6.10625   0.04410   0.52930
 6.11011   0.04400   0.52922
 6.11380   0.04391   0.52913
 6.12911   0.04351   0.52873
 6.14437   0.04311   0.52823
 6.15933   0.04272   0.52764
 6.17394   0.04234   0.52699
 6.18817   0.04197   0.52626
 6.20199   0.04161   0.52549
 6.20994   0.04140   0.52500
 6.21788   0.04119   0.52450
 6.22971   0.04088   0.52370
 6.24178   0.04057   0.52284
 6.25315   0.04027   0.52197
 6.26208   0.04003   0.52126
 6.27101   0.03980   0.52051
 6.27958   0.03958   0.51977
 6.28946   0.03932   0.51889
 6.30028   0.03903   0.51788
 6.30927   0.03880   0.51701
 6.31825   0.03856   0.51612
 6.32721   0.03833   0.51520
 6.34005   0.03799   0.51383
 6.35335   0.03765   0.51236
 6.36705   0.03729   0.51079
 6.38110   0.03692   0.50911
 6.39546   0.03655   0.50733
 6.40711   0.03625   0.50585
 6.41434   0.03606   0.50490
 6.42157   0.03587   0.50394
 6.43659   0.03548   0.50190
 6.45185   0.03509   0.49977
 6.46729   0.03469   0.49754
 6.48288   0.03429   0.49522
 6.49862   0.03389   0.49282
 6.50655   0.03369   0.49158
 6.51449   0.03348   0.49033
 6.52416   0.03324   0.48878
 6.54013   0.03283   0.48617
 6.55622   0.03243   0.48349
 6.57237   0.03202   0.48073
 6.58858   0.03161   0.47790
 6.60484   0.03121   0.47501
 6.60967   0.03109   0.47414
 6.61450   0.03097   0.47327
 6.62061   0.03082   0.47215
 6.63685   0.03042   0.46916
 6.65318   0.03002   0.46609
 6.66953   0.02962   0.46297
 6.68588   0.02922   0.45980
 6.70223   0.02882   0.45659
 6.70826   0.02868   0.45539
 6.71340   0.02855   0.45437
 6.71839   0.02843   0.45337
 6.73464   0.02805   0.45008
 6.75096   0.02766   0.44674
 6.76727   0.02727   0.44337
 6.78356   0.02689   0.43996
 6.79983   0.02651   0.43652
 6.80798   0.02632   0.43478
 6.81331   0.02620   0.43364
 6.81864   0.02608   0.43249
 6.83477   0.02571   0.42901
 6.85095   0.02534   0.42549
 6.86710   0.02497   0.42194
 6.88322   0.02461   0.41838
 6.89930   0.02426   0.41479
 6.90702   0.02408   0.41307
 6.91474   0.02391   0.41133
 6.92208   0.02375   0.40968
 6.93801   0.02341   0.40608
 6.95397   0.02306   0.40245
 6.96990   0.02272   0.39881
 6.98579   0.02238   0.39516
 7.00164   0.02205   0.39150
 7.00669   0.02194   0.39034
 7.00983   0.02187   0.38961
 7.01297   0.02181   0.38888
 7.01761   0.02171   0.38781
 7.03330   0.02139   0.38416
 7.04903   0.02106   0.38050
 7.06472   0.02074   0.37683
 7.08038   0.02043   0.37317
 7.09600   0.02012   0.36950
 7.10231   0.01999   0.36802
 7.10862   0.01987   0.36654
 7.11287   0.01978   0.36554
 7.11699   0.01970   0.36457
 7.13242   0.01940   0.36093
 7.14791   0.01910   0.35729
 7.16335   0.01880   0.35364
 7.17875   0.01851   0.35001
 7.19412   0.01822   0.34638
 7.20945   0.01794   0.34277
 7.22123   0.01772   0.33999
 7.23185   0.01753   0.33749
 7.24705   0.01725   0.33391
 7.26224   0.01698   0.33033
 7.27739   0.01671   0.32677
 7.29251   0.01645   0.32322
 7.30758   0.01619   0.31969
 7.31417   0.01607   0.31815
 7.32014   0.01597   0.31676
 7.33507   0.01572   0.31327
 7.35004   0.01546   0.30979
 7.36497   0.01522   0.30632
 7.37987   0.01497   0.30287
 7.39473   0.01473   0.29944
 7.40955   0.01449   0.29603
 7.42434   0.01426   0.29264
 7.43784   0.01405   0.28955
 7.45255   0.01382   0.28620
 7.46723   0.01359   0.28287
 7.48188   0.01337   0.27956
 7.49649   0.01315   0.27627
 7.50293   0.01305   0.27483
 7.50936   0.01296   0.27339
 7.51893   0.01282   0.27125
 7.52760   0.01269   0.26932
 7.54206   0.01248   0.26611
 7.55653   0.01228   0.26292
 7.57097   0.01207   0.25975
 7.58537   0.01187   0.25660
 7.59974   0.01168   0.25348
 7.60656   0.01158   0.25200
 7.60990   0.01154   0.25128
 7.61324   0.01149   0.25056
 7.61862   0.01142   0.24940
 7.63285   0.01123   0.24635
 7.64711   0.01104   0.24331
 7.66134   0.01086   0.24029
 7.67554   0.01068   0.23730
 7.68970   0.01050   0.23433
 7.70384   0.01032   0.23139
 7.71120   0.01023   0.22986
 7.71824   0.01014   0.22841
 7.73226   0.00997   0.22553
 7.74630   0.00980   0.22267
 7.76031   0.00964   0.21983
 7.77429   0.00947   0.21702
 7.78824   0.00931   0.21423
 7.80217   0.00915   0.21147
 7.80996   0.00907   0.20993
 7.81775   0.00898   0.20840
 7.83077   0.00884   0.20586
 7.84459   0.00868   0.20318
 7.85840   0.00854   0.20052
 7.87217   0.00839   0.19789
 7.88592   0.00824   0.19529
 7.89964   0.00810   0.19271
 7.90621   0.00804   0.19148
 7.90975   0.00800   0.19082
 7.91330   0.00796   0.19016
 7.91809   0.00791   0.18927
 7.93168   0.00778   0.18677
 7.94530   0.00764   0.18427
 7.95890   0.00751   0.18181
 7.97247   0.00738   0.17937
 7.98602   0.00725   0.17695
 7.99954   0.00713   0.17456
 8.00603   0.00707   0.17342
 8.01077   0.00702   0.17259
 8.01552   0.00698   0.17176
 8.02891   0.00686   0.16944
 8.04234   0.00674   0.16713
 8.05575   0.00662   0.16484
 8.06914   0.00650   0.16258
 8.08249   0.00639   0.16035
 8.09583   0.00628   0.15814
 8.10913   0.00617   0.15595
 8.11775   0.00610   0.15455
 8.12553   0.00603   0.15329
 8.13874   0.00593   0.15116
 8.15196   0.00582   0.14906
 8.16517   0.00572   0.14697
 8.17834   0.00562   0.14491
 8.19150   0.00552   0.14288
 8.20463   0.00542   0.14087
 8.21774   0.00533   0.13888
 8.23096   0.00523   0.13689
 8.24403   0.00514   0.13495
 8.25706   0.00504   0.13303
 8.27008   0.00495   0.13114
 8.28307   0.00487   0.12926
 8.29603   0.00478   0.12741
 8.30898   0.00469   0.12558
 8.31628   0.00464   0.12456
 8.32296   0.00460   0.12363
 8.33581   0.00452   0.12185
 8.34869   0.00444   0.12009
 8.36154   0.00436   0.11836
 8.37437   0.00428   0.11664
 8.38718   0.00420   0.11494
 8.39997   0.00413   0.11327
 8.40643   0.00409   0.11243
 8.40946   0.00407   0.11204
 8.41249   0.00405   0.11165
 8.41625   0.00403   0.11116
 8.42892   0.00396   0.10954
 8.44164   0.00389   0.10794
 8.45434   0.00382   0.10635
 8.46701   0.00375   0.10478
 8.47967   0.00368   0.10324
 8.49231   0.00361   0.10171
 8.50492   0.00354   0.10020
 8.51752   0.00348   0.09871
 8.52975   0.00342   0.09728
 8.54230   0.00335   0.09583
 8.55484   0.00329   0.09440
 8.56735   0.00323   0.09299
 8.57985   0.00317   0.09160
 8.59232   0.00311   0.09022
 8.60478   0.00306   0.08886
 8.61722   0.00300   0.08752
 8.63000   0.00294   0.08616
 8.64240   0.00289   0.08486
 8.65478   0.00283   0.08357
 8.66714   0.00278   0.08230
 8.67948   0.00273   0.08105
 8.69180   0.00268   0.07982
 8.70411   0.00263   0.07860
 8.71006   0.00260   0.07801
 8.71602   0.00258   0.07743
 8.72824   0.00253   0.07625
 8.74049   0.00248   0.07508
 8.75272   0.00244   0.07393
 8.76493   0.00239   0.07279
 8.77712   0.00235   0.07167
 8.78930   0.00230   0.07056
 8.80146   0.00226   0.06947
 8.80826   0.00223   0.06886
 8.81355   0.00221   0.06839
 8.81874   0.00220   0.06794
 8.83080   0.00215   0.06689
 8.84290   0.00211   0.06585
 8.85498   0.00207   0.06482
 8.86704   0.00203   0.06381
 8.87909   0.00199   0.06281
 8.89112   0.00196   0.06182
 8.90313   0.00192   0.06085
 8.90766   0.00190   0.06049
 8.91218   0.00189   0.06013
 8.91691   0.00188   0.05976
 8.92883   0.00184   0.05882
 8.94079   0.00180   0.05789
 8.95273   0.00177   0.05698
 8.96466   0.00173   0.05608
 8.97656   0.00170   0.05519
 8.98846   0.00167   0.05431
 9.00033   0.00163   0.05345
 9.00758   0.00162   0.05293
 9.01406   0.00160   0.05246
 9.02055   0.00158   0.05200
 9.03234   0.00155   0.05117
 9.04416   0.00152   0.05036
 9.05596   0.00149   0.04955
 9.06774   0.00146   0.04875
 9.07951   0.00143   0.04797
 9.09127   0.00140   0.04720
 9.10300   0.00137   0.04644
 9.10801   0.00136   0.04611
 9.11302   0.00135   0.04579
 9.11977   0.00133   0.04537
 9.13143   0.00131   0.04463
 9.14311   0.00128   0.04391
 9.15478   0.00125   0.04320
 9.16644   0.00123   0.04249
 9.17807   0.00120   0.04180
 9.18970   0.00118   0.04112
 9.20131   0.00115   0.04045
 9.20794   0.00114   0.04007
 9.21389   0.00113   0.03973
 9.21984   0.00112   0.03939
 9.23137   0.00109   0.03875
 9.24292   0.00107   0.03811
 9.25446   0.00105   0.03748
 9.26599   0.00102   0.03686
 9.27750   0.00100   0.03625
 9.28900   0.00098   0.03565
 9.30048   0.00096   0.03506
 9.30830   0.00095   0.03466
 9.31528   0.00093   0.03431
 9.32163   0.00092   0.03399
 9.33303   0.00090   0.03343
 9.34446   0.00088   0.03287
 9.35587   0.00086   0.03232
 9.36727   0.00084   0.03177
 9.37866   0.00083   0.03124
 9.39003   0.00081   0.03071
 9.40139   0.00079   0.03020
 9.40801   0.00078   0.02990
 9.41395   0.00077   0.02963
 9.41990   0.00076   0.02937
 9.43118   0.00075   0.02887
 9.44249   0.00073   0.02838
 9.45379   0.00071   0.02790
 9.46507   0.00070   0.02742
 9.47634   0.00068   0.02695
 9.48759   0.00067   0.02649
 9.49883   0.00065   0.02603
 9.51006   0.00064   0.02558
 9.52105   0.00062   0.02515
 9.53225   0.00061   0.02472
 9.54344   0.00059   0.02429
 9.55462   0.00058   0.02387
 9.56578   0.00057   0.02345
 9.57693   0.00055   0.02304
 9.58807   0.00054   0.02264
 9.59920   0.00053   0.02224
 9.60712   0.00052   0.02196
 9.61504   0.00051   0.02168
 9.62294   0.00050   0.02141
 9.63400   0.00048   0.02103
 9.64507   0.00047   0.02066
 9.65613   0.00046   0.02029
 9.66718   0.00045   0.01993
 9.67822   0.00043   0.01957
 9.68924   0.00042   0.01922
 9.70025   0.00041   0.01887
 9.70625   0.00040   0.01869
 9.70990   0.00040   0.01857
 9.71355   0.00040   0.01846
 9.72041   0.00039   0.01825
 9.73136   0.00038   0.01792
 9.74232   0.00037   0.01759
 9.75327   0.00036   0.01727
 9.76421   0.00035   0.01695
 9.77514   0.00034   0.01664
 9.78606   0.00033   0.01633
 9.79696   0.00031   0.01603
 9.80786   0.00030   0.01573
 9.81493   0.00030   0.01554
 9.82135   0.00029   0.01536
 9.83219   0.00029   0.01507
 9.84304   0.00028   0.01479
 9.85389   0.00027   0.01451
 9.86472   0.00026   0.01423
 9.87554   0.00025   0.01396
 9.88635   0.00024   0.01369
 9.89715   0.00024   0.01342
 9.90793   0.00023   0.01316
 9.91527   0.00022   0.01299
 9.92194   0.00022   0.01283
 9.93268   0.00021   0.01257
 9.94343   0.00021   0.01232
 9.95416   0.00020   0.01208
 9.96489   0.00020   0.01184
 9.97561   0.00019   0.01160
 9.98631   0.00019   0.01136
 9.99701   0.00018   0.01113
 10.00769   0.00017   0.01090
 10.01469   0.00017   0.01075
 10.02154   0.00017   0.01060
 10.03217   0.00017   0.01038
 10.04282   0.00016   0.01016
 10.05345   0.00016   0.00995
 10.06408   0.00015   0.00973
 10.07469   0.00015   0.00952
 10.08530   0.00015   0.00931
 10.09589   0.00014   0.00911
 10.10648   0.00014   0.00891
 10.11558   0.00014   0.00873
 10.12468   0.00014   0.00856
 10.13523   0.00013   0.00837
 10.14577   0.00013   0.00818
 10.15631   0.00013   0.00799
 10.16683   0.00013   0.00780
 10.17734   0.00012   0.00761
 10.18785   0.00012   0.00743
 10.19834   0.00012   0.00725
 10.20882   0.00012   0.00707
 10.21930   0.00011   0.00689
 10.22962   0.00011   0.00672
 10.24007   0.00010   0.00655
 10.25051   0.00010   0.00638
 10.26094   0.00010   0.00621
 10.27137   0.00009   0.00604
 10.28178   0.00009   0.00587
 10.29218   0.00008   0.00571
 10.30258   0.00008   0.00555
 10.30942   0.00008   0.00544
 10.31627   0.00008   0.00534
 10.32483   0.00007   0.00521
 10.33518   0.00007   0.00505
 10.34553   0.00006   0.00490
 10.35588   0.00006   0.00475
 10.36621   0.00005   0.00460
 10.37654   0.00005   0.00445
 10.38685   0.00004   0.00430
 10.39715   0.00004   0.00415
 10.40745   0.00004   0.00400
 10.41531   0.00004   0.00389
 10.42283   0.00004   0.00379
 10.43309   0.00004   0.00364
 10.44335   0.00004   0.00350
 10.45360   0.00003   0.00336
 10.46384   0.00003   0.00322
 10.47408   0.00003   0.00308
 10.48430   0.00003   0.00295
 10.49452   0.00003   0.00281
 10.50473   0.00003   0.00267
 10.50933   0.00003   0.00261
 10.51393   0.00003   0.00255
 10.51992   0.00003   0.00247
 10.53007   0.00003   0.00234
 10.54025   0.00003   0.00221
 10.55041   0.00003   0.00207
 10.56057   0.00003   0.00194
 10.57072   0.00003   0.00181
 10.58086   0.00003   0.00168
 10.59099   0.00003   0.00155
 10.60111   0.00003   0.00142
 10.60739   0.00003   0.00134
 10.61367   0.00003   0.00126
 10.62428   0.00003   0.00113
 10.63438   0.00003   0.00100
 10.64446   0.00003   0.00088
 10.65454   0.00002   0.00075
 10.66460   0.00002   0.00062
 10.67466   0.00002   0.00050
 10.68471   0.00002   0.00037
 10.69475   0.00001   0.00025
 10.70478   0.00001   0.00012
 10.70994   0.00000   0.00006
 10.71510   0.00000  -0.00000
 10.72536   0.00000  -0.00013
 10.72847   0.00000  -0.00017
