 0.00018   0.00000
 0.00023   0.00000
 0.00028   0.00000
 0.00034   0.00000
 0.00041   0.00000
 0.00049   0.00000
 0.00059   0.00000
 0.00069   0.00000
 0.00082   0.00000
 0.00096   0.00000
 0.00112   0.00000
 0.00131   0.00000
 0.00151   0.00000
 0.00174   0.00000
 0.00201   0.00000
 0.00230   0.00000
 0.00262   0.00000
 0.00299   0.00001
 0.00339   0.00001
 0.00384   0.00001
 0.00433   0.00001
 0.00487   0.00002
 0.00547   0.00002
 0.00612   0.00003
 0.00684   0.00003
 0.00762   0.00004
 0.00848   0.00005
 0.00941   0.00006
 0.01043   0.00008
 0.01152   0.00009
 0.01272   0.00012
 0.01401   0.00014
 0.01541   0.00017
 0.01692   0.00020
 0.01856   0.00025
 0.02032   0.00029
 0.02215   0.00035
 0.02418   0.00042
 0.02636   0.00050
 0.02870   0.00059
 0.03121   0.00069
 0.03384   0.00082
 0.03671   0.00096
 0.03978   0.00113
 0.04305   0.00132
 0.04658   0.00155
 0.05031   0.00180
 0.05460   0.00212
 0.05887   0.00247
 0.06341   0.00286
 0.06840   0.00333
 0.07356   0.00385
 0.07927   0.00447
 0.08513   0.00515
 0.09147   0.00594
 0.09752   0.00675
 0.10455   0.00775
 0.11224   0.00893
 0.11954   0.01012
 0.12800   0.01159
 0.13711   0.01329
 0.14722   0.01530
 0.15826   0.01765
 0.17005   0.02034
 0.18117   0.02304
 0.19229   0.02590
 0.20316   0.02884
 0.21460   0.03210
 0.22741   0.03595
 0.24475   0.04146
 0.26047   0.04676
 0.27696   0.05263
 0.29490   0.05934
 0.31294   0.06643
 0.32859   0.07284
 0.34425   0.07950
 0.36085   0.08679
 0.37623   0.09376
 0.39453   0.10231
 0.41373   0.11155
 0.43508   0.12212
 0.45772   0.13363
 0.47581   0.14303
 0.49390   0.15259
 0.50955   0.16096
 0.52520   0.16942
 0.54238   0.17879
 0.55791   0.18731
 0.58066   0.19987
 0.60384   0.21269
 0.63003   0.22716
 0.65742   0.24221
 0.67641   0.25254
 0.69539   0.26275
 0.71503   0.27318
 0.73492   0.28355
 0.75489   0.29375
 0.77489   0.30371
 0.79489   0.31340
 0.81487   0.32278
 0.83482   0.33180
 0.85469   0.34043
 0.87445   0.34863
 0.89398   0.35633
 0.91311   0.36347
 0.93341   0.37058
 0.95765   0.37841
 0.97625   0.38390
 0.99485   0.38892
 1.01372   0.39353
 1.03279   0.39768
 1.05032   0.40101
 1.07059   0.40429
 1.08798   0.40659
 1.10538   0.40842
 1.12354   0.40982
 1.13887   0.41058
 1.15420   0.41095
 1.17015   0.41092
 1.18912   0.41034
 1.20700   0.40923
 1.22487   0.40758
 1.24382   0.40523
 1.26331   0.40218
 1.28746   0.39750
 1.31524   0.39088
 1.33813   0.38445
 1.36102   0.37715
 1.38484   0.36863
 1.40923   0.35895
 1.43747   0.34656
 1.46571   0.33295
 1.49518   0.31747
 1.52409   0.30108
 1.55201   0.28417
 1.57909   0.26681
 1.61690   0.24111
 1.64832   0.21854
 1.67973   0.19500
 1.71572   0.16695
 1.74959   0.13963
 1.78455   0.11068
 1.81754   0.08278
 1.85178   0.05338
 1.88533   0.02430
 1.91877  -0.00481
 1.95198  -0.03370
 1.98532  -0.06252
 2.01892  -0.09126
 2.05134  -0.11853
 2.08554  -0.14668
 2.10973  -0.16613
 2.13393  -0.18514
 2.16819  -0.21121
 2.20297  -0.23651
 2.23333  -0.25755
 2.26176  -0.27627
 2.29629  -0.29766
 2.33066  -0.31736
 2.36326  -0.33450
 2.39698  -0.35055
 2.43032  -0.36468
 2.46071  -0.37599
 2.49321  -0.38639
 2.52532  -0.39490
 2.55698  -0.40155
 2.58824  -0.40638
 2.61044  -0.40877
 2.63098  -0.41019
 2.66110  -0.41093
 2.69097  -0.41007
 2.70918  -0.40878
 2.72739  -0.40690
 2.75230  -0.40341
 2.78317  -0.39760
 2.80579  -0.39231
 2.82842  -0.38618
 2.85208  -0.37888
 2.88444  -0.36746
 2.90976  -0.35740
 2.93508  -0.34639
 2.96790  -0.33075
 3.00182  -0.31305
 3.03211  -0.29599
 3.06074  -0.27885
 3.09582  -0.25659
 3.13122  -0.23284
 3.16571  -0.20857
 3.20167  -0.18222
 3.23782  -0.15478
 3.27197  -0.12814
 3.30835  -0.09911
 3.34478  -0.06954
 3.38104  -0.03975
 3.41742  -0.00966
 3.45390   0.02055
 3.49023   0.05055
 3.52707   0.08071
 3.56424   0.11073
 3.60213   0.14075
 3.64052   0.17041
 3.67880   0.19909
 3.71810   0.22743
 3.75364   0.25199
 3.79348   0.27819
 3.83346   0.30292
 3.87350   0.32601
 3.90267   0.34171
 3.93185   0.35642
 3.96352   0.37123
 4.00260   0.38778
 4.03718   0.40077
 4.07031   0.41175
 4.10834   0.42252
 4.14605   0.43125
 4.18213   0.43777
 4.20518   0.44098
 4.22822   0.44346
 4.25489   0.44541
 4.29092   0.44647
 4.32670   0.44576
 4.36326   0.44324
 4.39967   0.43895
 4.43195   0.43369
 4.46309   0.42736
 4.50115   0.41797
 4.53978   0.40664
 4.57460   0.39494
 4.60337   0.38425
 4.63214   0.37266
 4.66514   0.35832
 4.70626   0.33895
 4.74788   0.31777
 4.78846   0.29568
 4.83109   0.27110
 4.87642   0.24356
 4.91991   0.21593
 4.96433   0.18665
 5.00852   0.15660
 5.05301   0.12560
 5.09759   0.09393
 5.14257   0.06154
 5.18707   0.02920
 5.23247  -0.00393
 5.27801  -0.03714
 5.32434  -0.07074
 5.37110  -0.10434
 5.41969  -0.13874
 5.46706  -0.17162
 5.51826  -0.20627
 5.56964  -0.23998
 5.62376  -0.27416
 5.67434  -0.30474
 5.73136  -0.33749
 5.78846  -0.36833
 5.84758  -0.39809
 5.90374  -0.42420
 5.96341  -0.44956
 6.01929  -0.47105
 6.07754  -0.49109
 6.13644  -0.50888
 6.19489  -0.52409
 6.24472  -0.53516
 6.29116  -0.54391
 6.34100  -0.55168
 6.39084  -0.55779
 6.44068  -0.56229
 6.49052  -0.56524
 6.54048  -0.56669
 6.59045  -0.56671
 6.64113  -0.56532
 6.69182  -0.56260
 6.74249  -0.55861
 6.79317  -0.55344
 6.84615  -0.54686
 6.89644  -0.53958
 6.95277  -0.53033
 7.00599  -0.52063
 7.07183  -0.50747
 7.13560  -0.49365
 7.19983  -0.47882
 7.26932  -0.46193
 7.33350  -0.44569
 7.39727  -0.42909
 7.47059  -0.40959
 7.53776  -0.39148
 7.59812  -0.37512
 7.65848  -0.35875
 7.72404  -0.34107
 7.78471  -0.32486
 7.86503  -0.30374
 7.93770  -0.28507
 7.99992  -0.26947
 8.06213  -0.25428
 8.13765  -0.23645
 8.20597  -0.22092
 8.27429  -0.20600
 8.36606  -0.18696
 8.46485  -0.16779
 8.56915  -0.14904
 8.67098  -0.13222
 8.76742  -0.11761
 8.85735  -0.10512
 8.94090  -0.09445
 9.01826  -0.08534
 9.09632  -0.07687
 9.17438  -0.06908
 9.25245  -0.06195
 9.32798  -0.05563
 9.39967  -0.05013
 9.47417  -0.04489
 9.54860  -0.04012
 9.62182  -0.03584
 9.69556  -0.03192
 9.76883  -0.02837
 9.84247  -0.02514
 9.91524  -0.02224
 9.99038  -0.01952
 10.06413  -0.01711
 10.13858  -0.01490
 10.21266  -0.01291
 10.28821  -0.01106
 10.36391  -0.00939
 10.44055  -0.00783
 10.51758  -0.00640
 10.59643  -0.00505
 10.67572  -0.00379
 10.75629  -0.00258
 10.83814  -0.00140
 10.92132  -0.00024
 10.92714  -0.00016
