 0.00032   0.00000
 0.00047   0.00000
 0.00069   0.00000
 0.00096   0.00000
 0.00130   0.00000
 0.00169   0.00000
 0.00215   0.00000
 0.00269   0.00000
 0.00330   0.00000
 0.00399   0.00000
 0.00476   0.00000
 0.00562   0.00000
 0.00656   0.00000
 0.00760   0.00000
 0.00874   0.00000
 0.00997   0.00000
 0.01130   0.00000
 0.01274   0.00000
 0.01428   0.00000
 0.01593   0.00000
 0.01769   0.00000
 0.01957   0.00000
 0.02156   0.00000
 0.02368   0.00000
 0.02591   0.00000
 0.02827   0.00000
 0.03075   0.00000
 0.03336   0.00000
 0.03610   0.00000
 0.03898   0.00000
 0.04199   0.00000
 0.04514   0.00001
 0.04843   0.00001
 0.05186   0.00001
 0.05543   0.00001
 0.05916   0.00001
 0.06303   0.00002
 0.06705   0.00002
 0.07122   0.00002
 0.07553   0.00003
 0.08002   0.00003
 0.08466   0.00004
 0.08947   0.00005
 0.09444   0.00006
 0.09958   0.00007
 0.10489   0.00008
 0.11037   0.00009
 0.11608   0.00011
 0.12191   0.00012
 0.12788   0.00014
 0.13406   0.00016
 0.14045   0.00019
 0.14711   0.00021
 0.15386   0.00025
 0.16081   0.00028
 0.16813   0.00032
 0.17548   0.00036
 0.18307   0.00041
 0.19076   0.00047
 0.19899   0.00053
 0.20718   0.00060
 0.21562   0.00068
 0.22429   0.00076
 0.23310   0.00085
 0.24205   0.00095
 0.25114   0.00107
 0.26113   0.00120
 0.27146   0.00135
 0.28179   0.00150
 0.29207   0.00168
 0.30232   0.00186
 0.31279   0.00206
 0.32353   0.00227
 0.33459   0.00251
 0.34603   0.00278
 0.35792   0.00307
 0.37037   0.00340
 0.38347   0.00378
 0.39589   0.00415
 0.40889   0.00457
 0.42279   0.00505
 0.43601   0.00553
 0.44991   0.00607
 0.46504   0.00670
 0.47943   0.00733
 0.49527   0.00808
 0.51036   0.00883
 0.52852   0.00979
 0.54493   0.01071
 0.56098   0.01167
 0.57931   0.01283
 0.59713   0.01403
 0.61475   0.01528
 0.63217   0.01658
 0.65196   0.01815
 0.67111   0.01975
 0.69026   0.02144
 0.71257   0.02352
 0.73348   0.02558
 0.75439   0.02775
 0.77448   0.02994
 0.79463   0.03224
 0.81503   0.03468
 0.83584   0.03728
 0.85731   0.04009
 0.87989   0.04318
 0.90464   0.04672
 0.92805   0.05022
 0.94924   0.05353
 0.97043   0.05696
 1.01544   0.06466
 1.05607   0.07210
 1.08093   0.07688
 1.10578   0.08183
 1.12896   0.08661
 1.14953   0.09097
 1.17009   0.09544
 1.19858   0.10184
 1.21944   0.10666
 1.24030   0.11159
 1.27163   0.11922
 1.30029   0.12642
 1.32982   0.13406
 1.35889   0.14179
 1.37852   0.14712
 1.39814   0.15255
 1.42139   0.15909
 1.44343   0.16540
 1.46740   0.17238
 1.48750   0.17834
 1.50760   0.18437
 1.53048   0.19133
 1.55633   0.19932
 1.57977   0.20667
 1.60407   0.21439
 1.62837   0.22221
 1.65440   0.23068
 1.67583   0.23773
 1.69727   0.24484
 1.72043   0.25260
 1.74760   0.26177
 1.76749   0.26853
 1.78738   0.27533
 1.80950   0.28294
 1.83133   0.29048
 1.84906   0.29663
 1.86678   0.30280
 1.88684   0.30980
 1.90848   0.31736
 1.92744   0.32401
 1.94641   0.33067
 1.96692   0.33786
 1.98876   0.34554
 2.00286   0.35048
 2.01695   0.35543
 2.03118   0.36042
 2.09093   0.38129
 2.10630   0.38663
 2.11730   0.39044
 2.12801   0.39415
 2.18970   0.41530
 2.20496   0.42048
 2.21771   0.42478
 2.23046   0.42907
 2.29414   0.45016
 2.30365   0.45326
 2.31145   0.45580
 2.31855   0.45809
 2.38397   0.47886
 2.40150   0.48429
 2.40932   0.48669
 2.41714   0.48908
 2.42725   0.49215
 2.49462   0.51207
 2.50706   0.51563
 2.51670   0.51837
 2.52562   0.52088
 2.59471   0.53967
 2.60593   0.54260
 2.61715   0.54550
 2.62817   0.54831
 2.69882   0.56553
 2.70611   0.56723
 2.71340   0.56890
 2.72079   0.57059
 2.79249   0.58605
 2.80786   0.58915
 2.81801   0.59116
 2.82732   0.59297
 2.89930   0.60600
 2.90687   0.60727
 2.91444   0.60852
 2.92637   0.61045
 2.99761   0.62094
 3.02717   0.62476
 3.05673   0.62828
 3.07766   0.63058
 3.09859   0.63273
 3.10645   0.63349
 3.11432   0.63424
 3.12347   0.63507
 3.19011   0.64026
 3.21397   0.64173
 3.23782   0.64299
 3.30102   0.64535
 3.30904   0.64554
 3.31707   0.64572
 3.32460   0.64586
 3.38334   0.64630
 3.39826   0.64622
 3.40546   0.64615
 3.40916   0.64611
 3.41286   0.64607
 3.41696   0.64601
 3.45796   0.64513
 3.47513   0.64460
 3.49229   0.64396
 3.50260   0.64353
 3.50912   0.64324
 3.51564   0.64294
 3.52259   0.64260
 3.58432   0.63892
 3.59900   0.63786
 3.60738   0.63723
 3.61484   0.63665
 3.62229   0.63605
 3.68669   0.63018
 3.69994   0.62882
 3.70817   0.62795
 3.71640   0.62706
 3.72444   0.62618
 3.79091   0.61815
 3.80540   0.61624
 3.81685   0.61469
 3.82829   0.61311
 3.89639   0.60302
 3.92841   0.59789
 3.96043   0.59252
 3.98625   0.58803
 3.99921   0.58572
 4.01217   0.58338
 4.02974   0.58015
 4.10020   0.56658
 4.12229   0.56214
 4.14438   0.55762
 4.16945   0.55238
 4.19452   0.54705
 4.22973   0.53940
 4.26183   0.53228
 4.29163   0.52555
 4.30978   0.52139
 4.32793   0.51720
 4.35590   0.51066
 4.38498   0.50378
 4.40171   0.49979
 4.41844   0.49577
 4.43445   0.49190
 4.50865   0.47371
 4.55966   0.46101
 4.60564   0.44945
 4.62409   0.44480
 4.64083   0.44056
 4.66957   0.43327
 4.69831   0.42596
 4.72597   0.41892
 4.75363   0.41188
 4.78613   0.40360
 4.80550   0.39867
 4.82487   0.39375
 4.84288   0.38917
 4.87539   0.38093
 4.90791   0.37272
 4.95450   0.36101
 4.99729   0.35033
 5.02760   0.34283
 5.05790   0.33537
 5.09520   0.32626
 5.13251   0.31724
 5.16856   0.30862
 5.19142   0.30320
 5.20926   0.29900
 5.22710   0.29482
 5.25319   0.28876
 5.29136   0.28000
 5.30883   0.27603
 5.32630   0.27209
 5.35012   0.26676
 5.38880   0.25823
 5.40897   0.25384
 5.42913   0.24948
 5.45696   0.24354
 5.50051   0.23441
 5.52783   0.22878
 5.55409   0.22344
 5.59858   0.21457
 5.62824   0.20878
 5.65791   0.20308
 5.70749   0.19378
 5.75706   0.18476
 5.80765   0.17584
 5.89992   0.16033
 5.93005   0.15548
 5.95894   0.15092
 6.00622   0.14367
 6.05350   0.13667
 6.10130   0.12985
 6.13724   0.12489
 6.16985   0.12051
 6.20358   0.11610
 6.23731   0.11182
 6.27092   0.10767
 6.30638   0.10342
 6.34184   0.09930
 6.38211   0.09477
 6.45061   0.08745
 6.50271   0.08218
 6.55481   0.07717
 6.60621   0.07247
 6.66987   0.06697
 6.70496   0.06408
 6.74005   0.06130
 6.78077   0.05820
 6.80557   0.05637
 6.83036   0.05459
 6.86218   0.05238
 6.90073   0.04979
 6.93929   0.04732
 6.97987   0.04482
 7.01148   0.04295
 7.04130   0.04125
 7.09932   0.03810
 7.15677   0.03519
 7.21959   0.03222
 7.27581   0.02974
 7.31222   0.02822
 7.34553   0.02689
 7.40164   0.02477
 7.45737   0.02280
 7.51876   0.02079
 7.57636   0.01904
 7.61703   0.01787
 7.65771   0.01677
 7.71306   0.01536
 7.76671   0.01409
 7.81123   0.01310
 7.85576   0.01216
 7.91122   0.01107
 7.96674   0.01005
 8.01356   0.00925
 8.06039   0.00849
 8.11644   0.00765
 8.17094   0.00688
 8.22740   0.00613
 8.27839   0.00550
 8.33557   0.00484
 8.39045   0.00424
 8.44839   0.00365
 8.50827   0.00307
 8.56715   0.00253
 8.62677   0.00201
 8.68428   0.00152
 8.74500   0.00102
 8.80625   0.00053
 8.86650   0.00006
