 0.00032   0.00000
 0.00047   0.00000
 0.00069   0.00000
 0.00096   0.00000
 0.00130   0.00000
 0.00169   0.00000
 0.00215   0.00000
 0.00269   0.00000
 0.00330   0.00000
 0.00399   0.00000
 0.00476   0.00000
 0.00562   0.00000
 0.00656   0.00000
 0.00760   0.00000
 0.00874   0.00000
 0.00997   0.00000
 0.01130   0.00000
 0.01274   0.00000
 0.01428   0.00000
 0.01593   0.00000
 0.01769   0.00000
 0.01957   0.00000
 0.02156   0.00000
 0.02368   0.00000
 0.02591   0.00000
 0.02827   0.00001
 0.03076   0.00001
 0.03337   0.00001
 0.03611   0.00001
 0.03899   0.00002
 0.04200   0.00002
 0.04516   0.00003
 0.04845   0.00003
 0.05188   0.00004
 0.05546   0.00005
 0.05919   0.00006
 0.06307   0.00007
 0.06710   0.00009
 0.07128   0.00010
 0.07561   0.00012
 0.08011   0.00015
 0.08478   0.00017
 0.08961   0.00021
 0.09460   0.00024
 0.09977   0.00028
 0.10510   0.00033
 0.11062   0.00039
 0.11640   0.00045
 0.12228   0.00052
 0.12831   0.00060
 0.13456   0.00069
 0.14102   0.00080
 0.14769   0.00092
 0.15453   0.00105
 0.16160   0.00120
 0.16875   0.00136
 0.17622   0.00155
 0.18392   0.00176
 0.19180   0.00200
 0.19979   0.00225
 0.20816   0.00255
 0.21677   0.00287
 0.22568   0.00324
 0.23483   0.00364
 0.24417   0.00409
 0.25371   0.00458
 0.26348   0.00512
 0.27349   0.00571
 0.28376   0.00637
 0.29433   0.00709
 0.30524   0.00789
 0.31656   0.00878
 0.32835   0.00977
 0.34072   0.01089
 0.35408   0.01218
 0.36664   0.01348
 0.37990   0.01495
 0.39401   0.01661
 0.40765   0.01832
 0.42237   0.02029
 0.43826   0.02256
 0.45396   0.02495
 0.46938   0.02743
 0.48677   0.03041
 0.50376   0.03351
 0.52069   0.03676
 0.54106   0.04092
 0.56143   0.04534
 0.58355   0.05044
 0.60566   0.05584
 0.62740   0.06145
 0.65037   0.06769
 0.68064   0.07641
 0.71146   0.08584
 0.74144   0.09553
 0.76916   0.10492
 0.79438   0.11381
 0.81961   0.12300
 0.85657   0.13698
 0.87914   0.14578
 0.90171   0.15476
 0.91946   0.16194
 0.93721   0.16921
 0.95971   0.17853
 0.98582   0.18948
 1.01071   0.20002
 1.03746   0.21140
 1.06499   0.22315
 1.08746   0.23273
 1.10994   0.24226
 1.13992   0.25488
 1.16435   0.26503
 1.18878   0.27501
 1.21421   0.28520
 1.23964   0.29514
 1.26978   0.30652
 1.29983   0.31740
 1.32974   0.32769
 1.35913   0.33720
 1.37830   0.34307
 1.39748   0.34864
 1.41884   0.35448
 1.43840   0.35948
 1.45795   0.36413
 1.47968   0.36886
 1.50052   0.37294
 1.51841   0.37609
 1.53630   0.37889
 1.55491   0.38142
 1.57306   0.38351
 1.59368   0.38542
 1.61383   0.38679
 1.63399   0.38766
 1.64811   0.38797
 1.66223   0.38802
 1.67767   0.38779
 1.69693   0.38706
 1.71629   0.38584
 1.73560   0.38413
 1.75478   0.38193
 1.77372   0.37928
 1.79301   0.37608
 1.80878   0.37309
 1.82456   0.36976
 1.83946   0.36630
 1.85436   0.36255
 1.87131   0.35791
 1.88731   0.35318
 1.90901   0.34622
 1.93776   0.33604
 1.96746   0.32440
 1.99781   0.31135
 2.02509   0.29866
 2.05237   0.28508
 2.08568   0.26735
 2.10641   0.25570
 2.12715   0.24360
 2.14740   0.23137
 2.18090   0.21030
 2.20167   0.19674
 2.22243   0.18282
 2.24854   0.16485
 2.28128   0.14167
 2.30270   0.12614
 2.32413   0.11036
 2.34813   0.09244
 2.37937   0.06877
 2.41021   0.04512
 2.44038   0.02180
 2.47015  -0.00129
 2.49939  -0.02397
 2.52860  -0.04653
 2.55830  -0.06929
 2.58822  -0.09195
 2.60972  -0.10802
 2.63123  -0.12386
 2.66179  -0.14594
 2.69281  -0.16773
 2.70979  -0.17937
 2.72678  -0.19077
 2.75670  -0.21026
 2.78831  -0.22993
 2.80610  -0.24056
 2.82389  -0.25085
 2.84321  -0.26162
 2.87462  -0.27819
 2.90594  -0.29349
 2.93170  -0.30512
 2.95499  -0.31485
 2.98527  -0.32635
 3.00164  -0.33202
 3.01802  -0.33728
 3.03490  -0.34229
 3.06374  -0.34983
 3.09230  -0.35601
 3.10537  -0.35840
 3.11844  -0.36052
 3.13273  -0.36253
 3.15959  -0.36539
 3.18614  -0.36707
 3.20001  -0.36748
 3.21031  -0.36759
 3.21992  -0.36752
 3.24474  -0.36667
 3.27020  -0.36474
 3.29627  -0.36167
 3.30857  -0.35984
 3.32086  -0.35776
 3.33592  -0.35490
 3.36342  -0.34874
 3.39142  -0.34127
 3.40508  -0.33719
 3.41875  -0.33283
 3.43516  -0.32723
 3.46449  -0.31624
 3.49423  -0.30388
 3.52441  -0.29011
 3.55372  -0.27563
 3.58467  -0.25920
 3.60939  -0.24529
 3.63410  -0.23073
 3.66423  -0.21214
 3.69596  -0.19164
 3.72774  -0.17028
 3.75948  -0.14819
 3.79106  -0.12557
 3.82243  -0.10256
 3.85305  -0.07968
 3.88384  -0.05635
 3.91428  -0.03305
 3.94395  -0.01022
 3.97363   0.01266
 4.00296   0.03523
 4.03277   0.05803
 4.06315   0.08104
 4.09393   0.10403
 4.12517   0.12694
 4.15662   0.14947
 4.18875   0.17185
 4.21415   0.18902
 4.23954   0.20567
 4.27255   0.22649
 4.30576   0.24640
 4.33905   0.26523
 4.36962   0.28146
 4.40274   0.29782
 4.43022   0.31038
 4.45521   0.32098
 4.48742   0.33342
 4.50672   0.34022
 4.52602   0.34650
 4.54731   0.35282
 4.57806   0.36082
 4.60848   0.36739
 4.63835   0.37252
 4.66549   0.37604
 4.69420   0.37856
 4.70759   0.37932
 4.72099   0.37981
 4.73613   0.38004
 4.76300   0.37961
 4.79006   0.37810
 4.80939   0.37636
 4.82873   0.37407
 4.85363   0.37033
 4.88283   0.36481
 4.90160   0.36064
 4.92038   0.35597
 4.95052   0.34748
 4.98162   0.33747
 5.00182   0.33030
 5.02203   0.32262
 5.04972   0.31129
 5.08247   0.29675
 5.11565   0.28081
 5.14960   0.26331
 5.18352   0.24471
 5.20687   0.23130
 5.23023   0.21743
 5.25919   0.19963
 5.29366   0.17767
 5.32814   0.15495
 5.36297   0.13132
 5.39720   0.10755
 5.43121   0.08348
 5.46430   0.05974
 5.49774   0.03553
 5.53085   0.01141
 5.56341  -0.01234
 5.59580  -0.03593
 5.62882  -0.05985
 5.66252  -0.08403
 5.69683  -0.10832
 5.73179  -0.13263
 5.76754  -0.15693
 5.80378  -0.18090
 5.84063  -0.20447
 5.87671  -0.22668
 5.90398  -0.24284
 5.93125  -0.25842
 5.96205  -0.27529
 6.00052  -0.29520
 6.03374  -0.31129
 6.06460  -0.32528
 6.10276  -0.34127
 6.13513  -0.35363
 6.16515  -0.36410
 6.20222  -0.37566
 6.23247  -0.38395
 6.25979  -0.39054
 6.29545  -0.39786
 6.33072  -0.40364
 6.36438  -0.40780
 6.39845  -0.41066
 6.42532  -0.41196
 6.45219  -0.41243
 6.48446  -0.41187
 6.50635  -0.41082
 6.52823  -0.40922
 6.55122  -0.40696
 6.58533  -0.40253
 6.60589  -0.39924
 6.62645  -0.39550
 6.64943  -0.39079
 6.68571  -0.38224
 6.70972  -0.37585
 6.73373  -0.36889
 6.76974  -0.35743
 6.80820  -0.34387
 6.84727  -0.32877
 6.88520  -0.31291
 6.92534  -0.29490
 6.96297  -0.27696
 7.00393  -0.25635
 7.04521  -0.23455
 7.08383  -0.21329
 7.12550  -0.18952
 7.16650  -0.16539
 7.20828  -0.14017
 7.25002  -0.11441
 7.29138  -0.08846
 7.33289  -0.06208
 7.37404  -0.03570
 7.41518  -0.00921
 7.45597   0.01709
 7.49680   0.04336
 7.53877   0.07022
 7.58223   0.09776
 7.62662   0.12553
 7.66990   0.15215
 7.71695   0.18048
 7.75952   0.20549
 7.80945   0.23395
 7.86086   0.26219
 7.89885   0.28231
 7.93684   0.30173
 7.97634   0.32116
 8.00436   0.33445
 8.03239   0.34733
 8.06665   0.36248
 8.10683   0.37941
 8.14701   0.39541
 8.19316   0.41261
 8.23665   0.42767
 8.28014   0.44158
 8.30958   0.45034
 8.33901   0.45858
 8.38698   0.47087
 8.44213   0.48328
 8.49580   0.49361
 8.53600   0.50024
 8.57328   0.50554
 8.60836   0.50980
 8.64344   0.51337
 8.68495   0.51672
 8.73793   0.51966
 8.78973   0.52113
 8.83286   0.52134
 8.87514   0.52069
 8.90939   0.51956
 8.94363   0.51791
 8.99005   0.51489
 9.03384   0.51124
 9.07764   0.50687
 9.10732   0.50351
 9.13700   0.49986
 9.17293   0.49504
 9.19898   0.49130
 9.22502   0.48736
 9.28161   0.47815
 9.34307   0.46724
 9.39289   0.45776
 9.43723   0.44891
 9.48156   0.43971
 9.54688   0.42561
 9.58599   0.41689
 9.60901   0.41168
 9.63203   0.40641
 9.67202   0.39715
 9.70178   0.39018
 9.73154   0.38314
 9.76462   0.37527
 9.79919   0.36700
 9.83375   0.35869
 9.87070   0.34978
 9.90772   0.34084
 9.94473   0.33191
 9.99596   0.31959
 10.04927   0.30685
 10.09829   0.29524
 10.16212   0.28031
 10.22027   0.26695
 10.27584   0.25442
 10.35456   0.23713
 10.39882   0.22766
 10.44307   0.21840
 10.49147   0.20850
 10.55602   0.19570
 10.59989   0.18728
 10.64377   0.17908
 10.69514   0.16976
 10.78894   0.15358
 10.87991   0.13891
 10.97215   0.12505
 11.06411   0.11225
 11.11656   0.10540
 11.16376   0.09949
 11.22032   0.09275
 11.27689   0.08636
 11.35142   0.07845
 11.41474   0.07218
 11.47640   0.06646
 11.54673   0.06036
 11.61353   0.05497
 11.68095   0.04992
 11.74838   0.04522
 11.81519   0.04091
 11.88116   0.03696
 11.94713   0.03330
 12.01269   0.02992
 12.08434   0.02651
 12.14979   0.02363
 12.21583   0.02093
 12.28132   0.01844
 12.34681   0.01612
 12.41244   0.01395
 12.48057   0.01184
 12.54686   0.00991
 12.61344   0.00808
 12.68213   0.00628
 12.74971   0.00458
 12.81784   0.00293
 12.88728   0.00128
 12.95615  -0.00035
 12.98145  -0.00094
