 0.05068   0.00029   0.00041
 0.05119   0.00030   0.00043
 0.05169   0.00032   0.00044
 0.05220   0.00033   0.00046
 0.05271   0.00034   0.00047
 0.05322   0.00036   0.00049
 0.05374   0.00037   0.00050
 0.05426   0.00038   0.00052
 0.05478   0.00040   0.00054
 0.05531   0.00041   0.00055
 0.05584   0.00043   0.00057
 0.05637   0.00044   0.00058
 0.05691   0.00045   0.00060
 0.05745   0.00047   0.00062
 0.05799   0.00048   0.00063
 0.05854   0.00050   0.00065
 0.05909   0.00051   0.00067
 0.05964   0.00053   0.00069
 0.06020   0.00055   0.00071
 0.06071   0.00056   0.00072
 0.06128   0.00058   0.00074
 0.06184   0.00059   0.00076
 0.06241   0.00061   0.00078
 0.06299   0.00062   0.00080
 0.06356   0.00064   0.00082
 0.06414   0.00066   0.00084
 0.06473   0.00068   0.00086
 0.06531   0.00069   0.00088
 0.06590   0.00071   0.00090
 0.06650   0.00073   0.00092
 0.06709   0.00075   0.00094
 0.06769   0.00076   0.00096
 0.06830   0.00078   0.00098
 0.06890   0.00080   0.00100
 0.06951   0.00082   0.00103
 0.07005   0.00084   0.00105
 0.07059   0.00085   0.00107
 0.07121   0.00087   0.00109
 0.07183   0.00089   0.00111
 0.07246   0.00091   0.00114
 0.07309   0.00093   0.00116
 0.07372   0.00095   0.00119
 0.07436   0.00097   0.00121
 0.07501   0.00099   0.00123
 0.07565   0.00101   0.00126
 0.07630   0.00103   0.00129
 0.07695   0.00106   0.00131
 0.07761   0.00108   0.00134
 0.07827   0.00110   0.00136
 0.07894   0.00112   0.00139
 0.07961   0.00115   0.00142
 0.08028   0.00117   0.00145
 0.08090   0.00119   0.00147
 0.08158   0.00121   0.00150
 0.08227   0.00124   0.00153
 0.08295   0.00126   0.00156
 0.08365   0.00129   0.00159
 0.08434   0.00131   0.00162
 0.08504   0.00134   0.00165
 0.08575   0.00136   0.00168
 0.08646   0.00139   0.00171
 0.08717   0.00141   0.00174
 0.08789   0.00144   0.00178
 0.08861   0.00147   0.00181
 0.08934   0.00149   0.00184
 0.09007   0.00152   0.00187
 0.09084   0.00155   0.00191
 0.09158   0.00158   0.00195
 0.09232   0.00161   0.00198
 0.09307   0.00164   0.00202
 0.09383   0.00167   0.00205
 0.09458   0.00170   0.00209
 0.09535   0.00173   0.00212
 0.09611   0.00176   0.00216
 0.09689   0.00179   0.00220
 0.09766   0.00182   0.00224
 0.09844   0.00185   0.00228
 0.09923   0.00188   0.00232
 0.10002   0.00192   0.00236
 0.10082   0.00195   0.00240
 0.10162   0.00198   0.00244
 0.10243   0.00202   0.00248
 0.10324   0.00205   0.00252
 0.10406   0.00209   0.00256
 0.10488   0.00212   0.00261
 0.10571   0.00216   0.00265
 0.10654   0.00219   0.00270
 0.10737   0.00223   0.00274
 0.10822   0.00227   0.00279
 0.10906   0.00231   0.00283
 0.10992   0.00235   0.00288
 0.11078   0.00238   0.00293
 0.11167   0.00242   0.00298
 0.11254   0.00247   0.00303
 0.11342   0.00251   0.00308
 0.11430   0.00255   0.00313
 0.11518   0.00259   0.00318
 0.11608   0.00263   0.00323
 0.11698   0.00267   0.00328
 0.11788   0.00272   0.00334
 0.11879   0.00276   0.00339
 0.11971   0.00281   0.00344
 0.12063   0.00285   0.00350
 0.12156   0.00290   0.00356
 0.12250   0.00294   0.00361
 0.12344   0.00299   0.00367
 0.12438   0.00304   0.00373
 0.12534   0.00309   0.00379
 0.12630   0.00314   0.00385
 0.12726   0.00319   0.00391
 0.12823   0.00324   0.00397
 0.12921   0.00329   0.00404
 0.13003   0.00333   0.00409
 0.13085   0.00338   0.00414
 0.13184   0.00343   0.00421
 0.13284   0.00348   0.00427
 0.13385   0.00354   0.00434
 0.13487   0.00359   0.00441
 0.13589   0.00365   0.00448
 0.13692   0.00371   0.00455
 0.13796   0.00377   0.00462
 0.13900   0.00382   0.00469
 0.14005   0.00388   0.00477
 0.14112   0.00394   0.00484
 0.14218   0.00401   0.00492
 0.14325   0.00407   0.00499
 0.14433   0.00413   0.00507
 0.14542   0.00419   0.00515
 0.14651   0.00426   0.00523
 0.14761   0.00433   0.00531
 0.14872   0.00439   0.00539
 0.14984   0.00446   0.00547
 0.15096   0.00453   0.00556
 0.15217   0.00460   0.00565
 0.15331   0.00467   0.00573
 0.15446   0.00474   0.00582
 0.15561   0.00482   0.00591
 0.15678   0.00489   0.00600
 0.15795   0.00496   0.00609
 0.15913   0.00504   0.00618
 0.16012   0.00510   0.00626
 0.16102   0.00516   0.00634
 0.16222   0.00524   0.00643
 0.16343   0.00532   0.00653
 0.16464   0.00540   0.00663
 0.16587   0.00548   0.00673
 0.16710   0.00557   0.00683
 0.16834   0.00565   0.00693
 0.16960   0.00573   0.00704
 0.17085   0.00582   0.00714
 0.17213   0.00591   0.00725
 0.17341   0.00600   0.00736
 0.17470   0.00609   0.00747
 0.17599   0.00618   0.00759
 0.17729   0.00627   0.00770
 0.17861   0.00637   0.00782
 0.17993   0.00646   0.00793
 0.18126   0.00656   0.00805
 0.18263   0.00666   0.00818
 0.18398   0.00676   0.00830
 0.18534   0.00686   0.00842
 0.18671   0.00696   0.00855
 0.18809   0.00707   0.00868
 0.18947   0.00717   0.00880
 0.19087   0.00728   0.00894
 0.19236   0.00739   0.00908
 0.19378   0.00750   0.00921
 0.19521   0.00761   0.00935
 0.19664   0.00773   0.00949
 0.19809   0.00784   0.00963
 0.19955   0.00796   0.00977
 0.20101   0.00807   0.00992
 0.20251   0.00819   0.01007
 0.20399   0.00832   0.01021
 0.20549   0.00844   0.01037
 0.20700   0.00856   0.01052
 0.20852   0.00869   0.01067
 0.21005   0.00882   0.01083
 0.21160   0.00895   0.01099
 0.21315   0.00908   0.01116
 0.21472   0.00921   0.01132
 0.21629   0.00935   0.01149
 0.21787   0.00949   0.01166
 0.21947   0.00963   0.01183
 0.22107   0.00977   0.01200
 0.22271   0.00991   0.01218
 0.22433   0.01006   0.01236
 0.22597   0.01020   0.01254
 0.22763   0.01035   0.01272
 0.22929   0.01050   0.01291
 0.23096   0.01066   0.01310
 0.23264   0.01081   0.01329
 0.23434   0.01097   0.01349
 0.23605   0.01113   0.01368
 0.23777   0.01129   0.01388
 0.23951   0.01146   0.01409
 0.24125   0.01162   0.01429
 0.24303   0.01179   0.01450
 0.24480   0.01197   0.01472
 0.24658   0.01214   0.01493
 0.24838   0.01232   0.01515
 0.24984   0.01246   0.01533
 0.25129   0.01261   0.01551
 0.25314   0.01279   0.01573
 0.25498   0.01297   0.01596
 0.25684   0.01316   0.01620
 0.25870   0.01335   0.01643
 0.26024   0.01351   0.01663
 0.26178   0.01367   0.01682
 0.26368   0.01387   0.01707
 0.26559   0.01407   0.01731
 0.26752   0.01427   0.01757
 0.26947   0.01448   0.01782
 0.27142   0.01469   0.01808
 0.27341   0.01490   0.01834
 0.27540   0.01511   0.01861
 0.27740   0.01533   0.01888
 0.27941   0.01555   0.01915
 0.28144   0.01578   0.01943
 0.28350   0.01601   0.01971
 0.28555   0.01624   0.02000
 0.28762   0.01647   0.02029
 0.28971   0.01670   0.02058
 0.29181   0.01694   0.02088
 0.29415   0.01721   0.02121
 0.29628   0.01746   0.02152
 0.29843   0.01771   0.02183
 0.29993   0.01789   0.02205
 0.30143   0.01806   0.02226
 0.30385   0.01835   0.02262
 0.30606   0.01861   0.02295
 0.30827   0.01888   0.02328
 0.30999   0.01909   0.02353
 0.31171   0.01929   0.02379
 0.31398   0.01957   0.02414
 0.31626   0.01985   0.02449
 0.31855   0.02014   0.02484
 0.31994   0.02031   0.02505
 0.32133   0.02048   0.02527
 0.32368   0.02078   0.02564
 0.32602   0.02107   0.02600
 0.32838   0.02137   0.02638
 0.33028   0.02162   0.02668
 0.33217   0.02186   0.02698
 0.33457   0.02217   0.02737
 0.33699   0.02248   0.02776
 0.33943   0.02280   0.02816
 0.34188   0.02313   0.02856
 0.34438   0.02346   0.02897
 0.34687   0.02379   0.02939
 0.34938   0.02413   0.02981
 0.35191   0.02447   0.03024
 0.35448   0.02482   0.03067
 0.35705   0.02517   0.03111
 0.35963   0.02553   0.03156
 0.36223   0.02589   0.03201
 0.36488   0.02626   0.03247
 0.36752   0.02663   0.03293
 0.36969   0.02694   0.03332
 0.37186   0.02725   0.03370
 0.37458   0.02764   0.03419
 0.37729   0.02803   0.03468
 0.38002   0.02842   0.03517
 0.38306   0.02886   0.03573
 0.38584   0.02927   0.03624
 0.38863   0.02968   0.03675
 0.39145   0.03010   0.03728
 0.39401   0.03048   0.03775
 0.39686   0.03091   0.03829
 0.39974   0.03135   0.03884
 0.40263   0.03179   0.03939
 0.40582   0.03228   0.04000
 0.40876   0.03273   0.04057
 0.41173   0.03319   0.04115
 0.41474   0.03366   0.04174
 0.41775   0.03413   0.04233
 0.41999   0.03449   0.04278
 0.42223   0.03484   0.04322
 0.42533   0.03533   0.04384
 0.42841   0.03583   0.04447
 0.43026   0.03613   0.04484
 0.43207   0.03642   0.04521
 0.43520   0.03693   0.04585
 0.43836   0.03744   0.04650
 0.43991   0.03770   0.04682
 0.44147   0.03795   0.04714
 0.44441   0.03844   0.04776
 0.44763   0.03897   0.04843
 0.45002   0.03937   0.04894
 0.45241   0.03977   0.04944
 0.45570   0.04033   0.05014
 0.45901   0.04089   0.05085
 0.46235   0.04146   0.05157
 0.46590   0.04207   0.05234
 0.46929   0.04265   0.05308
 0.47271   0.04325   0.05383
 0.47618   0.04385   0.05460
 0.47965   0.04446   0.05537
 0.48314   0.04508   0.05615
 0.48669   0.04571   0.05695
 0.48934   0.04618   0.05755
 0.49199   0.04665   0.05815
 0.49494   0.04719   0.05883
 0.49855   0.04784   0.05966
 0.50218   0.04850   0.06050
 0.50613   0.04922   0.06142
 0.50983   0.04990   0.06228
 0.51355   0.05059   0.06316
 0.51753   0.05133   0.06410
 0.51967   0.05173   0.06461
 0.52180   0.05213   0.06512
 0.52461   0.05266   0.06580
 0.52844   0.05338   0.06672
 0.53231   0.05411   0.06766
 0.53649   0.05491   0.06868
 0.53904   0.05540   0.06930
 0.54159   0.05589   0.06993
 0.54509   0.05657   0.07080
 0.54908   0.05734   0.07179
 0.55311   0.05813   0.07279
 0.55741   0.05897   0.07388
 0.56012   0.05950   0.07456
 0.56255   0.05998   0.07518
 0.56668   0.06080   0.07623
 0.56947   0.06136   0.07694
 0.57226   0.06191   0.07766
 0.57548   0.06256   0.07849
 0.57971   0.06341   0.07959
 0.58397   0.06427   0.08070
 0.58831   0.06516   0.08184
 0.59264   0.06604   0.08298
 0.59705   0.06695   0.08415
 0.59960   0.06747   0.08483
 0.60215   0.06800   0.08551
 0.60530   0.06865   0.08636
 0.60976   0.06958   0.08756
 0.61427   0.07052   0.08878
 0.61926   0.07157   0.09014
 0.62384   0.07253   0.09139
 0.62849   0.07352   0.09267
 0.63314   0.07451   0.09396
 0.63767   0.07548   0.09522
 0.63969   0.07591   0.09578
 0.64171   0.07634   0.09635
 0.64443   0.07693   0.09711
 0.64920   0.07796   0.09845
 0.65402   0.07900   0.09982
 0.65928   0.08015   0.10132
 0.66419   0.08122   0.10272
 0.66917   0.08232   0.10415
 0.67415   0.08342   0.10559
 0.67949   0.08460   0.10714
 0.68456   0.08572   0.10862
 0.68848   0.08660   0.10977
 0.69240   0.08747   0.11092
 0.69761   0.08864   0.11246
 0.70013   0.08921   0.11320
 0.70242   0.08972   0.11389
 0.70767   0.09091   0.11545
 0.71297   0.09211   0.11704
 0.71793   0.09324   0.11853
 0.72331   0.09446   0.12015
 0.72801   0.09554   0.12158
 0.73270   0.09662   0.12300
 0.73812   0.09786   0.12466
 0.74367   0.09914   0.12636
 0.74890   0.10035   0.12797
 0.75454   0.10166   0.12972
 0.75989   0.10291   0.13138
 0.76562   0.10425   0.13317
 0.76942   0.10513   0.13435
 0.77321   0.10602   0.13554
 0.77732   0.10699   0.13684
 0.77994   0.10760   0.13766
 0.78256   0.10822   0.13849
 0.78763   0.10941   0.14009
 0.79360   0.11083   0.14199
 0.80009   0.11236   0.14406
 0.80604   0.11378   0.14596
 0.81009   0.11474   0.14726
 0.81377   0.11562   0.14844
 0.81998   0.11709   0.15044
 0.82624   0.11859   0.15247
 0.82942   0.11935   0.15350
 0.83261   0.12012   0.15454
 0.83615   0.12096   0.15569
 0.83891   0.12163   0.15659
 0.84166   0.12229   0.15749
 0.84570   0.12326   0.15881
 0.84986   0.12426   0.16017
 0.85402   0.12526   0.16153
 0.85777   0.12616   0.16276
 0.86049   0.12682   0.16366
 0.86320   0.12747   0.16455
 0.86985   0.12907   0.16675
 0.87656   0.13070   0.16897
 0.88067   0.13169   0.17033
 0.88477   0.13268   0.17169
 0.88882   0.13366   0.17304
 0.89286   0.13464   0.17439
 0.89658   0.13554   0.17563
 0.89916   0.13617   0.17649
 0.90174   0.13679   0.17735
 0.90468   0.13750   0.17833
 0.90882   0.13851   0.17972
 0.91295   0.13951   0.18110
 0.91674   0.14043   0.18238
 0.92005   0.14123   0.18349
 0.92336   0.14203   0.18460
 0.92743   0.14302   0.18597
 0.93005   0.14366   0.18685
 0.93267   0.14429   0.18774
 0.93996   0.14606   0.19020
 0.94732   0.14785   0.19268
 0.95385   0.14943   0.19489
 0.95793   0.15042   0.19628
 0.96202   0.15141   0.19766
 0.96599   0.15237   0.19901
 0.96958   0.15324   0.20023
 0.97317   0.15410   0.20144
 0.97737   0.15512   0.20287
 0.98362   0.15663   0.20499
 0.98988   0.15814   0.20712
 0.99772   0.16003   0.20979
 1.00396   0.16153   0.21191
 1.00976   0.16292   0.21389
 1.01781   0.16485   0.21663
 1.02321   0.16615   0.21847
 1.02861   0.16744   0.22031
 1.03274   0.16842   0.22171
 1.03679   0.16939   0.22309
 1.04511   0.17137   0.22592
 1.04847   0.17217   0.22706
 1.05184   0.17297   0.22821
 1.05617   0.17399   0.22968
 1.05969   0.17483   0.23087
 1.06321   0.17566   0.23207
 1.06759   0.17669   0.23356
 1.07374   0.17814   0.23564
 1.07989   0.17958   0.23773
 1.08866   0.18164   0.24070
 1.09273   0.18259   0.24207
 1.09669   0.18351   0.24341
 1.10433   0.18529   0.24599
 1.10880   0.18632   0.24750
 1.11327   0.18736   0.24900
 1.11734   0.18829   0.25037
 1.12364   0.18974   0.25248
 1.12995   0.19119   0.25460
 1.13927   0.19331   0.25771
 1.14897   0.19551   0.26095
 1.15447   0.19675   0.26277
 1.15945   0.19787   0.26442
 1.16909   0.20003   0.26761
 1.17940   0.20232   0.27101
 1.18878   0.20439   0.27408
 1.19305   0.20532   0.27548
 1.19696   0.20618   0.27675
 1.20360   0.20763   0.27891
 1.20992   0.20899   0.28096
 1.21710   0.21054   0.28328
 1.22428   0.21208   0.28559
 1.22910   0.21311   0.28713
 1.23392   0.21413   0.28867
 1.23852   0.21510   0.29013
 1.24295   0.21603   0.29154
 1.24719   0.21692   0.29289
 1.25426   0.21839   0.29512
 1.25882   0.21934   0.29655
 1.26337   0.22028   0.29798
 1.26753   0.22113   0.29927
 1.27334   0.22231   0.30108
 1.27915   0.22349   0.30288
 1.28581   0.22484   0.30493
 1.28990   0.22566   0.30619
 1.29398   0.22647   0.30744
 1.29827   0.22733   0.30875
 1.30256   0.22817   0.31005
 1.30821   0.22928   0.31176
 1.31314   0.23025   0.31324
 1.31805   0.23120   0.31471
 1.32305   0.23217   0.31620
 1.32804   0.23312   0.31768
 1.33305   0.23408   0.31916
 1.33806   0.23503   0.32064
 1.34304   0.23597   0.32209
 1.34803   0.23690   0.32354
 1.35308   0.23784   0.32501
 1.35814   0.23877   0.32646
 1.36331   0.23972   0.32794
 1.36830   0.24063   0.32936
 1.37317   0.24150   0.33074
 1.37783   0.24234   0.33206
 1.38317   0.24329   0.33355
 1.38850   0.24423   0.33503
 1.39316   0.24505   0.33632
 1.39743   0.24579   0.33749
 1.40347   0.24684   0.33914
 1.40951   0.24787   0.34078
 1.41623   0.24901   0.34259
 1.41971   0.24960   0.34352
 1.42319   0.25018   0.34444
 1.42765   0.25092   0.34562
 1.43364   0.25190   0.34719
 1.43963   0.25288   0.34875
 1.44589   0.25389   0.35036
 1.44926   0.25442   0.35122
 1.45263   0.25496   0.35208
 1.45623   0.25553   0.35299
 1.45987   0.25610   0.35391
 1.46351   0.25666   0.35482
 1.46895   0.25750   0.35617
 1.47457   0.25836   0.35755
 1.47963   0.25913   0.35879
 1.48622   0.26011   0.36038
 1.48962   0.26061   0.36119
 1.49301   0.26111   0.36200
 1.49713   0.26171   0.36298
 1.50054   0.26220   0.36378
 1.50395   0.26269   0.36457
 1.51837   0.26472   0.36788
 1.52289   0.26535   0.36890
 1.52741   0.26596   0.36991
 1.53354   0.26679   0.37126
 1.53967   0.26760   0.37260
 1.54681   0.26854   0.37414
 1.55395   0.26946   0.37565
 1.56119   0.27037   0.37716
 1.56865   0.27129   0.37868
 1.57303   0.27183   0.37957
 1.57705   0.27231   0.38037
 1.58365   0.27310   0.38168
 1.58823   0.27364   0.38257
 1.59281   0.27417   0.38345
 1.59802   0.27476   0.38444
 1.60358   0.27538   0.38548
 1.60875   0.27596   0.38643
 1.61346   0.27647   0.38729
 1.61771   0.27693   0.38806
 1.62325   0.27751   0.38904
 1.62878   0.27809   0.39000
 1.63362   0.27858   0.39083
 1.63798   0.27902   0.39157
 1.64318   0.27954   0.39244
 1.64837   0.28004   0.39329
 1.65287   0.28047   0.39402
 1.65737   0.28090   0.39473
 1.66340   0.28145   0.39567
 1.66943   0.28200   0.39659
 1.67802   0.28275   0.39787
 1.68309   0.28319   0.39861
 1.68817   0.28361   0.39933
 1.69314   0.28402   0.40003
 1.69811   0.28442   0.40071
 1.70308   0.28481   0.40137
 1.70804   0.28520   0.40202
 1.71308   0.28558   0.40267
 1.71812   0.28595   0.40330
 1.72319   0.28631   0.40392
 1.72827   0.28667   0.40453
 1.73294   0.28699   0.40508
 1.73762   0.28730   0.40561
 1.74392   0.28771   0.40631
 1.74997   0.28809   0.40696
 1.75631   0.28848   0.40761
 1.75963   0.28867   0.40795
 1.76296   0.28887   0.40828
 1.76707   0.28910   0.40867
 1.77348   0.28945   0.40927
 1.77988   0.28979   0.40984
 1.80027   0.29076   0.41150
 1.80813   0.29110   0.41207
 1.81302   0.29130   0.41241
 1.81791   0.29150   0.41273
 1.82339   0.29170   0.41308
 1.82886   0.29189   0.41340
 1.83389   0.29206   0.41368
 1.83845   0.29221   0.41392
 1.84282   0.29234   0.41414
 1.84718   0.29247   0.41435
 1.85420   0.29266   0.41465
 1.85979   0.29280   0.41488
 1.86538   0.29293   0.41508
 1.86994   0.29302   0.41523
 1.87451   0.29311   0.41537
 1.87918   0.29320   0.41549
 1.88385   0.29327   0.41561
 1.88844   0.29334   0.41570
 1.89297   0.29340   0.41578
 1.89740   0.29345   0.41585
 1.90349   0.29351   0.41592
 1.90957   0.29356   0.41597
 1.91830   0.29361   0.41600
 1.92292   0.29362   0.41599
 1.92754   0.29363   0.41597
 1.93400   0.29363   0.41592
 1.93845   0.29362   0.41587
 1.94291   0.29360   0.41581
 1.94733   0.29358   0.41573
 1.95371   0.29353   0.41560
 1.95913   0.29348   0.41546
 1.96456   0.29343   0.41531
 1.96967   0.29336   0.41515
 1.97632   0.29326   0.41491
 1.97988   0.29321   0.41477
 1.98345   0.29315   0.41462
 1.98892   0.29304   0.41438
 1.99384   0.29294   0.41414
 1.99837   0.29284   0.41391
 2.00292   0.29273   0.41366
 2.00747   0.29262   0.41340
 2.00986   0.29256   0.41326
 2.01225   0.29249   0.41311
 2.01499   0.29241   0.41294
 2.03928   0.29163   0.41119
 2.06368   0.29065   0.40903
 2.08803   0.28949   0.40648
 2.09322   0.28922   0.40589
 2.09842   0.28894   0.40527
 2.10641   0.28849   0.40429
 2.10859   0.28837   0.40402
 2.10987   0.28829   0.40386
 2.11115   0.28822   0.40369
 2.11263   0.28813   0.40350
 2.12740   0.28723   0.40151
 2.15151   0.28561   0.39796
 2.17560   0.28382   0.39401
 2.19960   0.28187   0.38970
 2.20407   0.28149   0.38885
 2.20855   0.28110   0.38799
 2.20972   0.28100   0.38776
 2.21089   0.28090   0.38754
 2.21207   0.28080   0.38730
 2.22386   0.27974   0.38495
 2.24773   0.27748   0.37990
 2.27160   0.27508   0.37447
 2.29543   0.27253   0.36869
 2.30168   0.27183   0.36711
 2.30794   0.27113   0.36551
 2.30949   0.27096   0.36511
 2.31103   0.27078   0.36471
 2.31244   0.27062   0.36434
 2.32656   0.26898   0.36059
 2.35034   0.26612   0.35399
 2.37413   0.26312   0.34703
 2.39789   0.26000   0.33974
 2.40515   0.25903   0.33744
 2.40806   0.25863   0.33652
 2.40973   0.25840   0.33598
 2.41141   0.25818   0.33544
 2.41298   0.25796   0.33493
 2.42873   0.25578   0.32977
 2.45252   0.25238   0.32170
 2.47633   0.24888   0.31329
 2.50013   0.24527   0.30457
 2.50469   0.24456   0.30287
 2.50925   0.24386   0.30115
 2.51101   0.24359   0.30048
 2.51276   0.24331   0.29982
 2.53026   0.24056   0.29309
 2.55413   0.23672   0.28365
 2.57803   0.23278   0.27390
 2.60192   0.22877   0.26387
 2.60921   0.22753   0.26075
 2.61100   0.22722   0.25998
 2.61280   0.22691   0.25921
 2.63074   0.22382   0.25140
 2.65472   0.21963   0.24073
 2.67873   0.21536   0.22979
 2.70274   0.21103   0.21860
 2.70950   0.20980   0.21541
 2.71085   0.20955   0.21477
 2.71221   0.20930   0.21412
 2.72581   0.20681   0.20763
 2.74989   0.20236   0.19595
 2.77401   0.19786   0.18403
 2.79813   0.19332   0.17190
 2.80560   0.19190   0.16810
 2.80872   0.19131   0.16651
 2.81183   0.19072   0.16492
 2.81503   0.19011   0.16328
 2.83919   0.18550   0.15081
 2.86340   0.18085   0.13813
 2.88761   0.17618   0.12528
 2.89280   0.17517   0.12251
 2.89799   0.17417   0.11972
 2.90530   0.17275   0.11580
 2.90817   0.17220   0.11425
 2.90981   0.17188   0.11337
 2.91146   0.17156   0.11248
 2.91306   0.17125   0.11161
 2.92910   0.16813   0.10292
 2.95335   0.16342   0.08966
 2.97762   0.15869   0.07627
 3.00186   0.15397   0.06278
 3.00891   0.15260   0.05884
 3.01001   0.15238   0.05823
 3.01111   0.15217   0.05762
 3.02208   0.15004   0.05147
 3.04632   0.14532   0.03781
 3.07059   0.14062   0.02407
 3.09483   0.13594   0.01029
 3.10069   0.13481   0.00695
 3.10655   0.13368   0.00360
 3.10857   0.13329   0.00245
 3.10980   0.13306   0.00175
 3.11103   0.13282   0.00104
 3.11226   0.13259   0.00034
 3.12452   0.13023  -0.00666
 3.14872   0.12561  -0.02052
 3.17293   0.12101  -0.03440
 3.19710   0.11645  -0.04826
 3.20359   0.11523  -0.05199
 3.20676   0.11464  -0.05381
 3.20993   0.11405  -0.05562
 3.21462   0.11317  -0.05832
 3.21894   0.11237  -0.06079
 3.24303   0.10789  -0.07460
 3.26715   0.10346  -0.08839
 3.29123   0.09907  -0.10212
 3.29630   0.09815  -0.10501
 3.30137   0.09724  -0.10789
 3.30854   0.09595  -0.11197
 3.30947   0.09578  -0.11250
 3.31041   0.09561  -0.11303
 3.31127   0.09546  -0.11352
 3.31992   0.09391  -0.11842
 3.34392   0.08965  -0.13199
 3.36792   0.08544  -0.14549
 3.39190   0.08129  -0.15888
 3.39694   0.08042  -0.16169
 3.40198   0.07956  -0.16449
 3.40856   0.07844  -0.16814
 3.40976   0.07823  -0.16880
 3.41096   0.07803  -0.16947
 3.41206   0.07784  -0.17008
 3.42309   0.07598  -0.17617
 3.44701   0.07197  -0.18931
 3.47093   0.06803  -0.20232
 3.49484   0.06415  -0.21521
 3.50025   0.06329  -0.21811
 3.50565   0.06242  -0.22099
 3.50812   0.06203  -0.22231
 3.50937   0.06183  -0.22297
 3.50995   0.06174  -0.22328
 3.51053   0.06165  -0.22359
 3.51134   0.06152  -0.22403
 3.51951   0.06022  -0.22836
 3.54344   0.05648  -0.24097
 3.56736   0.05281  -0.25342
 3.59130   0.04920  -0.26572
 3.59610   0.04849  -0.26816
 3.60090   0.04778  -0.27060
 3.60817   0.04670  -0.27428
 3.60971   0.04648  -0.27506
 3.61063   0.04634  -0.27552
 3.61149   0.04622  -0.27595
 3.62004   0.04497  -0.28025
 3.64412   0.04150  -0.29222
 3.66820   0.03811  -0.30400
 3.69237   0.03479  -0.31563
 3.69724   0.03413  -0.31794
 3.70211   0.03347  -0.32025
 3.70821   0.03265  -0.32313
 3.70949   0.03248  -0.32373
 3.71077   0.03231  -0.32433
 3.71216   0.03212  -0.32499
 3.72604   0.03028  -0.33147
 3.75053   0.02710  -0.34272
 3.77508   0.02400  -0.35377
 3.79983   0.02095  -0.36467
 3.80870   0.01988  -0.36851
 3.80988   0.01973  -0.36902
 3.81106   0.01959  -0.36953
 3.81222   0.01945  -0.37003
 3.82376   0.01808  -0.37497
 3.84907   0.01513  -0.38560
 3.87444   0.01226  -0.39598
 3.90009   0.00946  -0.40619
 3.90737   0.00868  -0.40903
 3.90900   0.00850  -0.40966
 3.91001   0.00839  -0.41005
 3.91101   0.00829  -0.41044
 3.92103   0.00723  -0.41430
 3.94715   0.00454  -0.42414
 3.97326   0.00194  -0.43367
 3.99928  -0.00056  -0.44285
 4.00398  -0.00100  -0.44447
 4.00868  -0.00144  -0.44608
 4.01182  -0.00173  -0.44715
 4.01496  -0.00202  -0.44822
 4.03974  -0.00426  -0.45648
 4.06462  -0.00643  -0.46447
 4.08884  -0.00846  -0.47195
 4.09355  -0.00884  -0.47338
 4.09825  -0.00923  -0.47479
 4.10372  -0.00967  -0.47641
 4.10919  -0.01010  -0.47802
 4.10996  -0.01016  -0.47825
 4.11073  -0.01023  -0.47848
 4.11171  -0.01030  -0.47876
 4.12146  -0.01107  -0.48158
 4.14378  -0.01278  -0.48787
 4.16598  -0.01441  -0.49388
 4.18768  -0.01595  -0.49951
 4.20892  -0.01740  -0.50480
 4.20997  -0.01747  -0.50506
 4.21102  -0.01754  -0.50531
 4.21237  -0.01763  -0.50564
 4.22578  -0.01851  -0.50884
 4.24621  -0.01981  -0.51354
 4.26649  -0.02105  -0.51799
 4.28648  -0.02222  -0.52219
 4.30620  -0.02333  -0.52612
 4.30804  -0.02343  -0.52648
 4.30989  -0.02353  -0.52684
 4.31150  -0.02362  -0.52715
 4.31295  -0.02370  -0.52743
 4.32749  -0.02448  -0.53016
 4.34672  -0.02547  -0.53361
 4.36583  -0.02641  -0.53686
 4.38478  -0.02731  -0.53989
 4.40357  -0.02816  -0.54273
 4.40887  -0.02839  -0.54350
 4.40990  -0.02844  -0.54365
 4.41093  -0.02848  -0.54380
 4.41200  -0.02853  -0.54395
 4.42269  -0.02898  -0.54545
 4.44114  -0.02974  -0.54789
 4.45959  -0.03047  -0.55017
 4.47794  -0.03115  -0.55228
 4.49621  -0.03180  -0.55421
 4.50022  -0.03194  -0.55462
 4.50424  -0.03207  -0.55501
 4.50932  -0.03224  -0.55550
 4.51094  -0.03230  -0.55566
 4.51257  -0.03235  -0.55581
 4.52877  -0.03287  -0.55727
 4.54683  -0.03342  -0.55874
 4.56486  -0.03394  -0.56007
 4.58283  -0.03443  -0.56124
 4.60076  -0.03488  -0.56226
 4.60610  -0.03501  -0.56253
 4.60814  -0.03506  -0.56263
 4.60918  -0.03509  -0.56268
 4.60992  -0.03511  -0.56272
 4.61066  -0.03512  -0.56276
 4.61157  -0.03515  -0.56280
 4.62068  -0.03536  -0.56322
 4.63844  -0.03575  -0.56392
 4.65627  -0.03612  -0.56449
 4.67406  -0.03646  -0.56492
 4.69182  -0.03677  -0.56521
 4.70956  -0.03706  -0.56536
 4.71083  -0.03708  -0.56537
 4.71202  -0.03710  -0.56537
 4.72394  -0.03728  -0.56539
 4.74159  -0.03752  -0.56530
 4.75929  -0.03774  -0.56508
 4.77696  -0.03794  -0.56474
 4.79461  -0.03811  -0.56427
 4.79885  -0.03815  -0.56414
 4.80308  -0.03819  -0.56400
 4.80567  -0.03821  -0.56391
 4.80825  -0.03823  -0.56382
 4.80932  -0.03824  -0.56379
 4.80993  -0.03824  -0.56376
 4.81054  -0.03825  -0.56374
 4.81143  -0.03826  -0.56371
 4.82028  -0.03832  -0.56337
 4.83782  -0.03845  -0.56260
 4.85542  -0.03855  -0.56172
 4.87301  -0.03863  -0.56072
 4.89058  -0.03869  -0.55960
 4.90813  -0.03873  -0.55837
 4.90929  -0.03873  -0.55829
 4.90995  -0.03874  -0.55824
 4.91061  -0.03874  -0.55819
 4.91167  -0.03874  -0.55811
 4.92222  -0.03875  -0.55731
 4.93968  -0.03876  -0.55589
 4.95719  -0.03876  -0.55437
 4.97469  -0.03873  -0.55274
 4.99216  -0.03870  -0.55101
 5.00961  -0.03864  -0.54919
 5.01134  -0.03863  -0.54900
 5.01291  -0.03863  -0.54883
 5.02859  -0.03856  -0.54709
 5.04599  -0.03848  -0.54507
 5.06339  -0.03838  -0.54296
 5.08076  -0.03827  -0.54076
 5.09811  -0.03814  -0.53848
 5.10339  -0.03810  -0.53776
 5.10866  -0.03806  -0.53704
 5.10988  -0.03805  -0.53688
 5.11110  -0.03804  -0.53671
 5.11267  -0.03802  -0.53649
 5.12836  -0.03789  -0.53429
 5.14563  -0.03773  -0.53179
 5.16289  -0.03756  -0.52921
 5.18013  -0.03738  -0.52655
 5.19733  -0.03719  -0.52383
 5.20258  -0.03713  -0.52298
 5.20783  -0.03707  -0.52213
 5.20979  -0.03705  -0.52181
 5.21176  -0.03702  -0.52149
 5.21389  -0.03700  -0.52114
 5.23091  -0.03679  -0.51830
 5.24803  -0.03657  -0.51539
 5.26512  -0.03635  -0.51241
 5.28218  -0.03611  -0.50937
 5.29921  -0.03587  -0.50628
 5.30505  -0.03579  -0.50520
 5.30828  -0.03574  -0.50460
 5.31001  -0.03571  -0.50428
 5.31174  -0.03569  -0.50396
 5.32858  -0.03544  -0.50080
 5.34552  -0.03518  -0.49757
 5.36243  -0.03491  -0.49429
 5.37931  -0.03464  -0.49096
 5.39615  -0.03436  -0.48759
 5.40304  -0.03425  -0.48620
 5.40993  -0.03413  -0.48480
 5.42662  -0.03384  -0.48137
 5.44346  -0.03355  -0.47788
 5.46017  -0.03326  -0.47436
 5.47684  -0.03296  -0.47082
 5.49347  -0.03266  -0.46724
 5.50295  -0.03248  -0.46519
 5.50697  -0.03241  -0.46432
 5.50935  -0.03236  -0.46380
 5.51173  -0.03232  -0.46328
 5.51390  -0.03228  -0.46280
 5.53033  -0.03197  -0.45919
 5.54685  -0.03166  -0.45553
 5.56333  -0.03135  -0.45185
 5.57977  -0.03103  -0.44815
 5.59618  -0.03071  -0.44443
 5.60308  -0.03058  -0.44285
 5.60999  -0.03045  -0.44127
 5.62625  -0.03013  -0.43754
 5.64285  -0.02980  -0.43370
 5.65911  -0.02948  -0.42993
 5.67533  -0.02915  -0.42614
 5.69152  -0.02883  -0.42234
 5.70767  -0.02850  -0.41853
 5.70955  -0.02847  -0.41809
 5.71144  -0.02843  -0.41764
 5.71348  -0.02839  -0.41716
 5.72946  -0.02807  -0.41337
 5.74552  -0.02774  -0.40955
 5.76154  -0.02742  -0.40573
 5.77753  -0.02709  -0.40191
 5.79347  -0.02677  -0.39808
 5.80938  -0.02645  -0.39426
 5.81279  -0.02638  -0.39344
 5.81592  -0.02631  -0.39269
 5.83167  -0.02599  -0.38889
 5.84749  -0.02567  -0.38507
 5.86328  -0.02535  -0.38126
 5.87902  -0.02503  -0.37745
 5.89473  -0.02472  -0.37365
 5.90170  -0.02458  -0.37197
 5.90867  -0.02444  -0.37028
 5.91205  -0.02437  -0.36947
 5.91542  -0.02430  -0.36865
 5.93094  -0.02399  -0.36489
 5.94653  -0.02368  -0.36112
 5.96209  -0.02337  -0.35736
 5.97761  -0.02306  -0.35361
 5.99309  -0.02275  -0.34988
 6.00853  -0.02244  -0.34615
 6.01219  -0.02237  -0.34527
 6.01584  -0.02230  -0.34440
 6.03114  -0.02200  -0.34072
 6.04650  -0.02170  -0.33703
 6.06183  -0.02140  -0.33336
 6.07712  -0.02111  -0.32970
 6.09237  -0.02082  -0.32607
 6.10759  -0.02052  -0.32245
 6.11278  -0.02043  -0.32122
 6.11753  -0.02034  -0.32009
 6.13261  -0.02005  -0.31652
 6.14774  -0.01977  -0.31295
 6.16284  -0.01948  -0.30940
 6.17790  -0.01921  -0.30587
 6.19293  -0.01893  -0.30236
 6.20792  -0.01865  -0.29887
 6.21280  -0.01857  -0.29774
 6.21767  -0.01848  -0.29661
 6.23253  -0.01821  -0.29318
 6.24744  -0.01794  -0.28975
 6.26232  -0.01768  -0.28634
 6.27716  -0.01742  -0.28296
 6.29197  -0.01716  -0.27959
 6.30675  -0.01690  -0.27626
 6.31471  -0.01676  -0.27447
 6.32266  -0.01663  -0.27268
 6.33732  -0.01638  -0.26941
 6.35200  -0.01613  -0.26615
 6.36665  -0.01589  -0.26291
 6.38127  -0.01564  -0.25969
 6.39586  -0.01541  -0.25651
 6.40293  -0.01529  -0.25497
 6.40999  -0.01518  -0.25344
 6.42447  -0.01494  -0.25031
 6.43902  -0.01471  -0.24719
 6.45349  -0.01448  -0.24410
 6.46793  -0.01426  -0.24104
 6.48234  -0.01403  -0.23801
 6.49672  -0.01381  -0.23500
 6.50258  -0.01372  -0.23378
 6.50844  -0.01364  -0.23256
 6.51250  -0.01357  -0.23172
 6.51656  -0.01351  -0.23088
 6.53079  -0.01330  -0.22795
 6.54507  -0.01309  -0.22504
 6.55932  -0.01288  -0.22215
 6.57355  -0.01268  -0.21928
 6.58774  -0.01247  -0.21644
 6.60191  -0.01227  -0.21363
 6.60909  -0.01217  -0.21221
 6.61362  -0.01211  -0.21132
 6.61773  -0.01205  -0.21052
 6.63176  -0.01186  -0.20778
 6.64584  -0.01167  -0.20505
 6.65989  -0.01148  -0.20235
 6.67391  -0.01129  -0.19967
 6.68791  -0.01111  -0.19702
 6.70188  -0.01092  -0.19440
 6.70899  -0.01083  -0.19308
 6.71342  -0.01078  -0.19226
 6.71742  -0.01073  -0.19151
 6.73126  -0.01055  -0.18896
 6.74514  -0.01038  -0.18642
 6.75900  -0.01020  -0.18391
 6.77284  -0.01004  -0.18143
 6.78665  -0.00987  -0.17897
 6.80043  -0.00971  -0.17653
 6.80685  -0.00963  -0.17541
 6.80975  -0.00960  -0.17490
 6.81266  -0.00956  -0.17439
 6.81648  -0.00952  -0.17373
 6.83013  -0.00936  -0.17136
 6.84383  -0.00920  -0.16901
 6.85751  -0.00905  -0.16669
 6.87116  -0.00890  -0.16439
 6.88479  -0.00875  -0.16211
 6.89839  -0.00860  -0.15986
 6.90499  -0.00853  -0.15878
 6.90900  -0.00849  -0.15812
 6.91301  -0.00844  -0.15747
 6.91680  -0.00840  -0.15685
 6.93026  -0.00826  -0.15468
 6.94378  -0.00812  -0.15251
 6.95728  -0.00798  -0.15037
 6.97075  -0.00785  -0.14826
 6.98419  -0.00771  -0.14617
 6.99762  -0.00758  -0.14410
 7.00354  -0.00752  -0.14320
 7.00946  -0.00747  -0.14229
 7.01999  -0.00737  -0.14070
 7.02954  -0.00728  -0.13927
 7.04286  -0.00715  -0.13729
 7.05618  -0.00703  -0.13533
 7.06948  -0.00691  -0.13339
 7.08275  -0.00679  -0.13148
 7.09600  -0.00667  -0.12958
 7.10923  -0.00655  -0.12772
 7.11634  -0.00649  -0.12672
 7.12279  -0.00644  -0.12582
 7.13593  -0.00633  -0.12401
 7.14909  -0.00622  -0.12221
 7.16223  -0.00611  -0.12043
 7.17534  -0.00600  -0.11867
 7.18844  -0.00590  -0.11694
 7.20151  -0.00580  -0.11523
 7.20821  -0.00574  -0.11436
 7.21346  -0.00570  -0.11368
 7.21824  -0.00567  -0.11307
 7.23121  -0.00557  -0.11141
 7.24421  -0.00547  -0.10977
 7.25719  -0.00538  -0.10815
 7.27015  -0.00528  -0.10655
 7.28309  -0.00519  -0.10497
 7.29601  -0.00510  -0.10341
 7.30890  -0.00501  -0.10187
 7.31422  -0.00497  -0.10124
 7.31906  -0.00494  -0.10067
 7.33186  -0.00485  -0.09917
 7.34470  -0.00477  -0.09769
 7.35752  -0.00468  -0.09623
 7.37032  -0.00460  -0.09478
 7.38310  -0.00452  -0.09336
 7.39586  -0.00444  -0.09195
 7.40860  -0.00436  -0.09056
 7.41321  -0.00434  -0.09006
 7.41739  -0.00431  -0.08961
 7.43003  -0.00423  -0.08826
 7.44272  -0.00416  -0.08692
 7.45539  -0.00408  -0.08560
 7.46803  -0.00401  -0.08430
 7.48066  -0.00394  -0.08301
 7.49327  -0.00387  -0.08175
 7.50586  -0.00380  -0.08049
 7.50902  -0.00378  -0.08018
 7.51217  -0.00377  -0.07987
 7.51558  -0.00375  -0.07954
 7.52807  -0.00368  -0.07833
 7.54061  -0.00361  -0.07712
 7.55313  -0.00355  -0.07593
 7.56563  -0.00349  -0.07476
 7.57811  -0.00342  -0.07361
 7.59057  -0.00336  -0.07247
 7.60301  -0.00330  -0.07135
 7.60766  -0.00328  -0.07093
 7.61231  -0.00326  -0.07052
 7.61691  -0.00323  -0.07011
 7.62926  -0.00318  -0.06903
 7.64165  -0.00312  -0.06795
 7.65402  -0.00306  -0.06689
 7.66637  -0.00301  -0.06585
 7.67870  -0.00295  -0.06482
 7.69102  -0.00290  -0.06380
 7.70332  -0.00285  -0.06280
 7.70766  -0.00283  -0.06245
 7.71201  -0.00281  -0.06210
 7.71619  -0.00279  -0.06177
 7.72839  -0.00275  -0.06080
 7.74063  -0.00270  -0.05984
 7.75286  -0.00265  -0.05890
 7.76507  -0.00260  -0.05796
 7.77727  -0.00256  -0.05705
 7.78944  -0.00251  -0.05614
 7.80160  -0.00247  -0.05525
 7.80815  -0.00244  -0.05478
 7.81355  -0.00242  -0.05439
 7.81872  -0.00241  -0.05402
 7.83079  -0.00236  -0.05316
 7.84289  -0.00232  -0.05231
 7.85498  -0.00228  -0.05147
 7.86705  -0.00224  -0.05065
 7.87910  -0.00220  -0.04984
 7.89113  -0.00216  -0.04904
 7.90315  -0.00212  -0.04825
 7.90772  -0.00211  -0.04796
 7.91228  -0.00209  -0.04766
 7.91700  -0.00208  -0.04736
 7.92893  -0.00204  -0.04660
 7.94090  -0.00201  -0.04585
 7.95285  -0.00197  -0.04511
 7.96479  -0.00194  -0.04438
 7.97671  -0.00190  -0.04366
 7.98862  -0.00187  -0.04295
 8.00051  -0.00184  -0.04225
 8.00666  -0.00182  -0.04189
 8.00997  -0.00181  -0.04170
 8.01328  -0.00180  -0.04151
 8.02041  -0.00179  -0.04110
 8.03223  -0.00176  -0.04043
 8.04406  -0.00173  -0.03977
 8.05588  -0.00170  -0.03912
 8.06768  -0.00167  -0.03848
 8.07947  -0.00164  -0.03785
 8.09124  -0.00161  -0.03723
 8.10300  -0.00158  -0.03662
 8.10884  -0.00157  -0.03632
 8.11468  -0.00156  -0.03602
 8.12023  -0.00155  -0.03574
 8.13191  -0.00152  -0.03515
 8.14361  -0.00150  -0.03457
 8.15530  -0.00147  -0.03400
 8.16698  -0.00145  -0.03343
 8.17864  -0.00143  -0.03288
 8.19029  -0.00141  -0.03233
 8.20192  -0.00139  -0.03179
 8.20849  -0.00137  -0.03149
 8.21433  -0.00136  -0.03123
 8.21964  -0.00135  -0.03099
 8.23119  -0.00133  -0.03047
 8.24277  -0.00131  -0.02997
 8.25433  -0.00129  -0.02946
 8.26589  -0.00127  -0.02897
 8.27743  -0.00125  -0.02848
 8.28895  -0.00123  -0.02800
 8.30047  -0.00121  -0.02753
 8.30948  -0.00120  -0.02717
 8.31850  -0.00118  -0.02681
 8.32816  -0.00116  -0.02643
 8.33961  -0.00115  -0.02598
 8.35106  -0.00113  -0.02554
 8.36250  -0.00111  -0.02511
 8.37392  -0.00109  -0.02468
 8.38533  -0.00107  -0.02426
 8.39673  -0.00106  -0.02385
 8.40811  -0.00104  -0.02344
 8.41359  -0.00103  -0.02325
 8.41906  -0.00102  -0.02306
 8.43038  -0.00101  -0.02266
 8.44172  -0.00099  -0.02228
 8.45305  -0.00097  -0.02189
 8.46437  -0.00096  -0.02152
 8.47567  -0.00094  -0.02115
 8.48696  -0.00093  -0.02078
 8.49824  -0.00091  -0.02042
 8.50951  -0.00090  -0.02007
 8.52076  -0.00089  -0.01972
 8.53221  -0.00088  -0.01937
 8.54344  -0.00087  -0.01904
 8.55465  -0.00086  -0.01870
 8.56585  -0.00085  -0.01838
 8.57704  -0.00084  -0.01806
 8.58822  -0.00083  -0.01774
 8.59938  -0.00082  -0.01743
 8.60610  -0.00082  -0.01724
 8.60942  -0.00082  -0.01715
 8.61274  -0.00081  -0.01706
 8.61695  -0.00081  -0.01695
 8.62803  -0.00080  -0.01665
 8.63915  -0.00080  -0.01635
 8.65026  -0.00079  -0.01606
 8.66135  -0.00078  -0.01578
 8.67244  -0.00078  -0.01550
 8.68351  -0.00077  -0.01522
 8.69456  -0.00076  -0.01495
 8.70561  -0.00076  -0.01468
 8.71665  -0.00075  -0.01442
 8.72778  -0.00075  -0.01415
 8.73879  -0.00075  -0.01390
 8.74979  -0.00074  -0.01365
 8.76078  -0.00074  -0.01340
 8.77175  -0.00073  -0.01315
 8.78272  -0.00073  -0.01291
 8.79367  -0.00073  -0.01268
 8.80461  -0.00073  -0.01244
 8.80869  -0.00072  -0.01236
 8.81276  -0.00072  -0.01227
 8.81729  -0.00072  -0.01218
 8.82816  -0.00072  -0.01195
 8.83906  -0.00071  -0.01173
 8.84995  -0.00071  -0.01152
 8.86083  -0.00071  -0.01130
 8.87170  -0.00070  -0.01109
 8.88256  -0.00070  -0.01088
 8.89341  -0.00070  -0.01068
 8.90425  -0.00070  -0.01048
 8.90959  -0.00069  -0.01038
 8.91494  -0.00070  -0.01028
 8.92177  -0.00070  -0.01015
 8.93255  -0.00070  -0.00996
 8.94334  -0.00070  -0.00977
 8.95413  -0.00071  -0.00958
 8.96490  -0.00071  -0.00940
 8.97567  -0.00072  -0.00921
 8.98642  -0.00072  -0.00903
 8.99716  -0.00073  -0.00886
 9.00789  -0.00074  -0.00868
 9.01435  -0.00074  -0.00858
 9.02050  -0.00073  -0.00848
 9.03117  -0.00073  -0.00831
 9.04187  -0.00073  -0.00815
 9.05255  -0.00073  -0.00798
 9.06323  -0.00073  -0.00782
 9.07389  -0.00073  -0.00767
 9.08455  -0.00074  -0.00751
 9.09519  -0.00074  -0.00736
 9.10582  -0.00074  -0.00720
 9.11644  -0.00074  -0.00705
 9.12721  -0.00074  -0.00690
 9.13781  -0.00076  -0.00676
 9.14841  -0.00077  -0.00661
 9.15899  -0.00078  -0.00647
 9.16956  -0.00079  -0.00633
 9.18012  -0.00080  -0.00619
 9.19067  -0.00081  -0.00606
 9.20121  -0.00083  -0.00592
 9.21174  -0.00084  -0.00579
 9.22231  -0.00085  -0.00566
 9.23282  -0.00086  -0.00553
 9.24332  -0.00087  -0.00541
 9.25381  -0.00087  -0.00528
 9.26429  -0.00088  -0.00516
 9.27476  -0.00089  -0.00504
 9.28522  -0.00090  -0.00492
 9.29567  -0.00091  -0.00480
 9.30611  -0.00092  -0.00469
 9.31654  -0.00092  -0.00457
 9.32641  -0.00090  -0.00447
 9.33681  -0.00089  -0.00436
 9.34722  -0.00087  -0.00425
 9.35761  -0.00086  -0.00415
 9.36799  -0.00084  -0.00404
 9.37837  -0.00083  -0.00394
 9.38873  -0.00082  -0.00384
 9.39909  -0.00080  -0.00374
 9.40943  -0.00079  -0.00364
 9.41977  -0.00078  -0.00354
 9.43043  -0.00077  -0.00344
 9.44075  -0.00076  -0.00334
 9.45105  -0.00075  -0.00325
 9.46135  -0.00074  -0.00315
 9.47164  -0.00074  -0.00306
 9.48192  -0.00073  -0.00297
 9.49219  -0.00072  -0.00288
 9.50245  -0.00073  -0.00279
 9.50895  -0.00073  -0.00273
 9.51545  -0.00072  -0.00267
 9.52239  -0.00069  -0.00262
 9.53260  -0.00067  -0.00253
 9.54283  -0.00065  -0.00245
 9.55304  -0.00064  -0.00236
 9.56325  -0.00062  -0.00228
 9.57345  -0.00060  -0.00220
 9.58364  -0.00059  -0.00211
 9.59382  -0.00057  -0.00203
 9.60399  -0.00057  -0.00195
 9.61127  -0.00055  -0.00190
 9.61808  -0.00052  -0.00185
 9.62820  -0.00046  -0.00177
 9.63834  -0.00041  -0.00170
 9.64848  -0.00036  -0.00162
 9.65860  -0.00032  -0.00155
 9.66872  -0.00027  -0.00148
 9.67882  -0.00022  -0.00141
 9.68892  -0.00018  -0.00134
 9.69901  -0.00013  -0.00126
 9.70909  -0.00012  -0.00119
 9.71916  -0.00009  -0.00112
 9.72936  -0.00006  -0.00105
 9.73942  -0.00003  -0.00098
 9.74946  -0.00000  -0.00091
 9.75315   0.00000  -0.00088
