 0.00018   0.00000
 0.00023   0.00000
 0.00028   0.00000
 0.00034   0.00000
 0.00041   0.00000
 0.00049   0.00000
 0.00059   0.00000
 0.00069   0.00000
 0.00082   0.00000
 0.00096   0.00000
 0.00112   0.00000
 0.00131   0.00000
 0.00151   0.00000
 0.00174   0.00000
 0.00201   0.00000
 0.00230   0.00000
 0.00262   0.00000
 0.00299   0.00001
 0.00339   0.00001
 0.00384   0.00001
 0.00433   0.00001
 0.00487   0.00001
 0.00547   0.00002
 0.00612   0.00002
 0.00684   0.00003
 0.00762   0.00004
 0.00848   0.00004
 0.00941   0.00006
 0.01043   0.00007
 0.01152   0.00008
 0.01272   0.00010
 0.01401   0.00012
 0.01541   0.00015
 0.01692   0.00018
 0.01856   0.00021
 0.02031   0.00026
 0.02215   0.00031
 0.02418   0.00037
 0.02636   0.00043
 0.02870   0.00051
 0.03121   0.00061
 0.03383   0.00071
 0.03670   0.00084
 0.03977   0.00099
 0.04304   0.00116
 0.04656   0.00135
 0.05029   0.00158
 0.05504   0.00189
 0.05931   0.00219
 0.06387   0.00255
 0.06882   0.00295
 0.07399   0.00341
 0.07966   0.00396
 0.08551   0.00456
 0.09179   0.00525
 0.09789   0.00597
 0.10490   0.00685
 0.11276   0.00791
 0.12017   0.00898
 0.12933   0.01039
 0.13831   0.01187
 0.14804   0.01359
 0.15866   0.01558
 0.17006   0.01788
 0.18236   0.02052
 0.19350   0.02307
 0.20474   0.02578
 0.21706   0.02892
 0.23228   0.03303
 0.25070   0.03833
 0.26939   0.04408
 0.28807   0.05019
 0.30702   0.05675
 0.32634   0.06379
 0.34608   0.07133
 0.36643   0.07948
 0.38790   0.08845
 0.40599   0.09628
 0.42407   0.10437
 0.43990   0.11163
 0.45573   0.11907
 0.47333   0.12751
 0.49386   0.13759
 0.51758   0.14951
 0.53947   0.16074
 0.55856   0.17069
 0.57766   0.18076
 0.59935   0.19233
 0.61815   0.20243
 0.63694   0.21260
 0.65757   0.22379
 0.68008   0.23602
 0.71033   0.25243
 0.75091   0.27424
 0.77769   0.28842
 0.79654   0.29825
 0.81538   0.30795
 0.83478   0.31777
 0.85423   0.32742
 0.87343   0.33674
 0.91128   0.35441
 0.95152   0.37206
 0.99132   0.38819
 1.01855   0.39838
 1.04472   0.40748
 1.07061   0.41576
 1.09985   0.42422
 1.12107   0.42974
 1.14114   0.43445
 1.15961   0.43835
 1.17798   0.44179
 1.19634   0.44479
 1.21574   0.44748
 1.23545   0.44968
 1.25516   0.45136
 1.27466   0.45248
 1.29371   0.45306
 1.31311   0.45311
 1.33056   0.45270
 1.34802   0.45185
 1.36899   0.45023
 1.39357   0.44753
 1.41591   0.44430
 1.43924   0.44015
 1.46754   0.43406
 1.49441   0.42720
 1.52743   0.41735
 1.55729   0.40713
 1.58634   0.39600
 1.61452   0.38412
 1.64709   0.36909
 1.67942   0.35284
 1.71709   0.33232
 1.76031   0.30677
 1.79656   0.28382
 1.83280   0.25959
 1.86638   0.23607
 1.90624   0.20699
 1.94386   0.17848
 1.97857   0.15141
 2.01731   0.12046
 2.05304   0.09136
 2.09062   0.06032
 2.12797   0.02918
 2.16498  -0.00181
 2.20182  -0.03265
 2.23879  -0.06345
 2.27633  -0.09442
 2.30386  -0.11686
 2.33139  -0.13901
 2.36426  -0.16498
 2.40329  -0.19504
 2.44275  -0.22443
 2.47920  -0.25057
 2.50790  -0.27040
 2.53661  -0.28950
 2.57100  -0.31136
 2.60037  -0.32909
 2.62975  -0.34592
 2.65800  -0.36121
 2.69803  -0.38130
 2.72841  -0.39527
 2.75878  -0.40809
 2.79794  -0.42289
 2.82743  -0.43272
 2.85692  -0.44139
 2.89496  -0.45086
 2.92891  -0.45763
 2.96285  -0.46283
 2.99970  -0.46667
 3.02658  -0.46829
 3.05347  -0.46892
 3.08912  -0.46822
 3.10931  -0.46707
 3.12951  -0.46536
 3.15829  -0.46200
 3.19527  -0.45608
 3.23285  -0.44826
 3.26700  -0.43963
 3.30577  -0.42811
 3.34094  -0.41614
 3.37445  -0.40343
 3.40066  -0.39265
 3.42687  -0.38114
 3.45663  -0.36724
 3.49822  -0.34639
 3.53378  -0.32733
 3.56806  -0.30796
 3.60568  -0.28564
 3.64330  -0.26231
 3.68278  -0.23685
 3.72652  -0.20758
 3.76943  -0.17794
 3.80612  -0.15198
 3.84281  -0.12553
 3.88554  -0.09424
 3.93012  -0.06119
 3.97513  -0.02754
 4.01991   0.00606
 4.06484   0.03975
 4.11043   0.07376
 4.15714   0.10827
 4.20498   0.14311
 4.25407   0.17818
 4.30453   0.21335
 4.35640   0.24841
 4.40897   0.28266
 4.46385   0.31689
 4.51984   0.35005
 4.57504   0.38088
 4.61801   0.40353
 4.65722   0.42312
 4.69383   0.44048
 4.73044   0.45689
 4.78949   0.48136
 4.83903   0.49995
 4.88857   0.51676
 4.93888   0.53200
 4.98920   0.54541
 5.03801   0.55668
 5.08682   0.56625
 5.14399   0.57536
 5.19764   0.58189
 5.23707   0.58548
 5.27392   0.58794
 5.30800   0.58946
 5.34208   0.59027
 5.38555   0.59032
 5.44247   0.58878
 5.50213   0.58532
 5.55288   0.58097
 5.59975   0.57589
 5.65103   0.56923
 5.69756   0.56226
 5.74434   0.55444
 5.78792   0.54647
 5.84191   0.53576
 5.89590   0.52421
 5.95134   0.51159
 6.00137   0.49962
 6.06226   0.48441
 6.12008   0.46942
 6.18302   0.45261
 6.25481   0.43299
 6.30793   0.41825
 6.36104   0.40340
 6.40343   0.39151
 6.44582   0.37962
 6.49910   0.36471
 6.57662   0.34319
 6.64670   0.32402
 6.70474   0.30841
 6.76278   0.29309
 6.83375   0.27482
 6.89960   0.25837
 6.98538   0.23774
 7.06770   0.21884
 7.14496   0.20196
 7.20711   0.18899
 7.26927   0.17659
 7.37253   0.15722
 7.47872   0.13892
 7.57998   0.12296
 7.67547   0.10922
 7.76385   0.09759
 7.84525   0.08775
 7.91935   0.07950
 8.00077   0.07117
 8.07582   0.06413
 8.15085   0.05767
 8.22358   0.05193
 8.29305   0.04690
 8.36521   0.04211
 8.43810   0.03770
 8.50790   0.03384
 8.57931   0.03024
 8.65073   0.02696
 8.72208   0.02398
 8.79335   0.02128
 8.86506   0.01882
 8.93747   0.01656
 9.00902   0.01454
 9.08181   0.01268
 9.15512   0.01099
 9.22913   0.00943
 9.30296   0.00803
 9.37834   0.00672
 9.45465   0.00550
 9.53193   0.00437
 9.60999   0.00330
 9.68967   0.00228
 9.77074   0.00129
 9.85332   0.00031
 9.93377  -0.00064
