 0.00018   0.00000
 0.00023   0.00000
 0.00028   0.00000
 0.00034   0.00000
 0.00041   0.00000
 0.00049   0.00000
 0.00059   0.00000
 0.00069   0.00000
 0.00082   0.00000
 0.00096   0.00000
 0.00112   0.00000
 0.00131   0.00000
 0.00151   0.00000
 0.00174   0.00000
 0.00201   0.00000
 0.00230   0.00000
 0.00262   0.00000
 0.00299   0.00000
 0.00339   0.00000
 0.00384   0.00001
 0.00433   0.00001
 0.00487   0.00001
 0.00547   0.00001
 0.00612   0.00002
 0.00684   0.00002
 0.00762   0.00002
 0.00848   0.00003
 0.00941   0.00004
 0.01043   0.00004
 0.01152   0.00005
 0.01272   0.00007
 0.01401   0.00008
 0.01541   0.00010
 0.01692   0.00012
 0.01855   0.00014
 0.02031   0.00017
 0.02216   0.00020
 0.02419   0.00024
 0.02637   0.00029
 0.02870   0.00034
 0.03121   0.00040
 0.03383   0.00047
 0.03670   0.00055
 0.03976   0.00065
 0.04303   0.00076
 0.04654   0.00089
 0.05026   0.00104
 0.05486   0.00124
 0.05911   0.00143
 0.06365   0.00166
 0.06858   0.00193
 0.07371   0.00223
 0.07938   0.00259
 0.08518   0.00298
 0.09143   0.00343
 0.09742   0.00389
 0.10433   0.00447
 0.11179   0.00513
 0.11887   0.00579
 0.12709   0.00662
 0.13601   0.00758
 0.14568   0.00869
 0.15554   0.00990
 0.16588   0.01125
 0.17689   0.01278
 0.18901   0.01458
 0.20245   0.01671
 0.21505   0.01883
 0.22780   0.02111
 0.24184   0.02375
 0.25588   0.02655
 0.27075   0.02967
 0.28664   0.03318
 0.30325   0.03705
 0.31982   0.04111
 0.34397   0.04736
 0.36789   0.05395
 0.39126   0.06075
 0.41363   0.06759
 0.43962   0.07591
 0.46953   0.08597
 0.50014   0.09678
 0.53088   0.10811
 0.56062   0.11950
 0.58572   0.12940
 0.60915   0.13887
 0.63758   0.15062
 0.66408   0.16180
 0.68972   0.17280
 0.72045   0.18618
 0.74910   0.19880
 0.77775   0.21153
 0.80077   0.22181
 0.82378   0.23210
 0.84621   0.24213
 0.86864   0.25214
 0.89396   0.26339
 0.92035   0.27502
 0.94023   0.28371
 0.96011   0.29231
 0.98985   0.30498
 1.00909   0.31305
 1.02834   0.32099
 1.05069   0.33004
 1.06802   0.33691
 1.08536   0.34366
 1.10386   0.35070
 1.11996   0.35669
 1.13606   0.36255
 1.15398   0.36889
 1.16882   0.37400
 1.18365   0.37898
 1.19929   0.38408
 1.21846   0.39011
 1.23763   0.39589
 1.25857   0.40190
 1.27832   0.40728
 1.29807   0.41235
 1.31958   0.41753
 1.34388   0.42292
 1.37008   0.42817
 1.39068   0.43187
 1.40869   0.43479
 1.42670   0.43742
 1.44545   0.43983
 1.46384   0.44186
 1.47882   0.44328
 1.49380   0.44448
 1.50866   0.44544
 1.52978   0.44644
 1.55091   0.44697
 1.57050   0.44706
 1.58787   0.44681
 1.60525   0.44624
 1.62009   0.44550
 1.63493   0.44452
 1.65048   0.44326
 1.66626   0.44170
 1.68376   0.43967
 1.70107   0.43734
 1.71704   0.43491
 1.73627   0.43162
 1.75674   0.42768
 1.77866   0.42297
 1.80372   0.41697
 1.82788   0.41056
 1.85435   0.40284
 1.87845   0.39519
 1.89889   0.38824
 1.91934   0.38087
 1.94657   0.37043
 1.96888   0.36134
 1.99118   0.35179
 2.00849   0.34406
 2.02581   0.33607
 2.04795   0.32546
 2.09016   0.30409
 2.10711   0.29510
 2.12405   0.28589
 2.14208   0.27586
 2.18444   0.25136
 2.20195   0.24088
 2.21947   0.23021
 2.24229   0.21601
 2.28425   0.18915
 2.30745   0.17390
 2.33065   0.15841
 2.35802   0.13984
 2.39898   0.11155
 2.43298   0.08768
 2.46489   0.06503
 2.50466   0.03656
 2.54406   0.00820
 2.58223  -0.01930
 2.62084  -0.04705
 2.65585  -0.07205
 2.69548  -0.10007
 2.73565  -0.12804
 2.77531  -0.15512
 2.80911  -0.17770
 2.84291  -0.19974
 2.88346  -0.22540
 2.90249  -0.23711
 2.92152  -0.24860
 2.94857  -0.26452
 2.99164  -0.28883
 3.03493  -0.31187
 3.08267  -0.33553
 3.11022  -0.34831
 3.13775  -0.36040
 3.18060  -0.37784
 3.20567  -0.38723
 3.23074  -0.39601
 3.25379  -0.40353
 3.29537  -0.41574
 3.30955  -0.41949
 3.32373  -0.42304
 3.34592  -0.42817
 3.38627  -0.43616
 3.40318  -0.43899
 3.42010  -0.44151
 3.44221  -0.44435
 3.48117  -0.44806
 3.50164  -0.44935
 3.52210  -0.45019
 3.54724  -0.45060
 3.58462  -0.44996
 3.60602  -0.44892
 3.62512  -0.44758
 3.64259  -0.44602
 3.68136  -0.44142
 3.70372  -0.43806
 3.72281  -0.43479
 3.74087  -0.43136
 3.78148  -0.42248
 3.80627  -0.41627
 3.83107  -0.40947
 3.85503  -0.40237
 3.89752  -0.38851
 3.92767  -0.37772
 3.95781  -0.36618
 4.00174  -0.34805
 4.02725  -0.33685
 4.05175  -0.32565
 4.09674  -0.30400
 4.13066  -0.28681
 4.16458  -0.26892
 4.20569  -0.24638
 4.24680  -0.22297
 4.28630  -0.19976
 4.33244  -0.17186
 4.37648  -0.14455
 4.40508  -0.12651
 4.43368  -0.10827
 4.46964  -0.08509
 4.50815  -0.06003
 4.54666  -0.03481
 4.59182  -0.00512
 4.63742   0.02489
 4.68294   0.05475
 4.72991   0.08534
 4.77447   0.11406
 4.80503   0.13354
 4.83559   0.15281
 4.87531   0.17748
 4.90415   0.19510
 4.93299   0.21246
 4.96717   0.23266
 5.00343   0.25361
 5.03969   0.27403
 5.07749   0.29472
 5.10839   0.31115
 5.13929   0.32713
 5.18100   0.34796
 5.21046   0.36214
 5.23992   0.37586
 5.30112   0.40287
 5.33513   0.41697
 5.36582   0.42914
 5.40133   0.44254
 5.43238   0.45365
 5.46040   0.46319
 5.49906   0.47559
 5.53011   0.48491
 5.56026   0.49340
 5.62018   0.50867
 5.67526   0.52083
 5.69866   0.52545
 5.72206   0.52975
 5.74720   0.53402
 5.80586   0.54258
 5.84156   0.54683
 5.87455   0.55014
 5.90868   0.55294
 5.94280   0.55512
 5.98143   0.55685
 6.00651   0.55758
 6.03159   0.55799
 6.05666   0.55809
 6.08463   0.55785
 6.10203   0.55752
 6.11944   0.55705
 6.14194   0.55624
 6.20118   0.55306
 6.22808   0.55113
 6.25267   0.54911
 6.28387   0.54621
 6.31507   0.54295
 6.34682   0.53927
 6.41006   0.53092
 6.47052   0.52177
 6.50479   0.51612
 6.53905   0.51015
 6.57208   0.50412
 6.60166   0.49850
 6.63123   0.49269
 6.65861   0.48714
 6.69688   0.47915
 6.73514   0.47090
 6.77010   0.46316
 6.81786   0.45230
 6.86563   0.44115
 6.89912   0.43319
 6.93261   0.42512
 6.96494   0.41725
 6.99636   0.40953
 7.02779   0.40176
 7.07835   0.38916
 7.15454   0.37005
 7.19594   0.35965
 7.23734   0.34927
 7.27732   0.33927
 7.35690   0.31952
 7.40208   0.30844
 7.44727   0.29748
 7.49241   0.28665
 7.54253   0.27482
 7.59116   0.26354
 7.64278   0.25179
 7.69440   0.24030
 7.74568   0.22916
 7.79252   0.21923
 7.84524   0.20834
 7.89640   0.19807
 7.96844   0.18414
 8.00883   0.17660
 8.04922   0.16926
 8.09819   0.16062
 8.14717   0.15228
 8.19942   0.14370
 8.29711   0.12854
 8.37448   0.11734
 8.45186   0.10683
 8.50876   0.09954
 8.56567   0.09260
 8.61766   0.08657
 8.66964   0.08081
 8.73862   0.07359
 8.80091   0.06746
 8.87657   0.06049
 8.95545   0.05375
 9.01621   0.04889
 9.07186   0.04469
 9.14432   0.03955
 9.21195   0.03505
 9.28297   0.03063
 9.35399   0.02648
 9.41827   0.02294
 9.48255   0.01957
 9.55348   0.01604
 9.62494   0.01264
 9.69180   0.00958
 9.76288   0.00644
 9.83450   0.00333
 9.90488   0.00032
 9.93377  -0.00091
