 0.05068   0.00360   0.00801
 0.05123   0.00377   0.00819
 0.05177   0.00394   0.00837
 0.05233   0.00411   0.00856
 0.05289   0.00429   0.00874
 0.05346   0.00446   0.00893
 0.05403   0.00464   0.00913
 0.05461   0.00481   0.00932
 0.05520   0.00499   0.00952
 0.05580   0.00517   0.00973
 0.05640   0.00535   0.00993
 0.05701   0.00553   0.01014
 0.05762   0.00572   0.01035
 0.05825   0.00590   0.01056
 0.05888   0.00609   0.01078
 0.05951   0.00628   0.01100
 0.05996   0.00641   0.01115
 0.06041   0.00654   0.01131
 0.06105   0.00673   0.01153
 0.06171   0.00692   0.01176
 0.06238   0.00711   0.01199
 0.06306   0.00731   0.01223
 0.06374   0.00750   0.01247
 0.06443   0.00770   0.01271
 0.06513   0.00790   0.01295
 0.06583   0.00810   0.01320
 0.06654   0.00831   0.01345
 0.06726   0.00851   0.01371
 0.06799   0.00872   0.01396
 0.06873   0.00892   0.01422
 0.06947   0.00913   0.01448
 0.07002   0.00929   0.01468
 0.07056   0.00944   0.01487
 0.07132   0.00965   0.01514
 0.07209   0.00987   0.01542
 0.07287   0.01009   0.01569
 0.07366   0.01030   0.01597
 0.07445   0.01053   0.01626
 0.07525   0.01075   0.01654
 0.07607   0.01097   0.01683
 0.07689   0.01120   0.01713
 0.07771   0.01143   0.01742
 0.07855   0.01166   0.01772
 0.07939   0.01189   0.01803
 0.08002   0.01206   0.01825
 0.08063   0.01223   0.01847
 0.08150   0.01246   0.01878
 0.08237   0.01270   0.01910
 0.08326   0.01294   0.01942
 0.08415   0.01319   0.01974
 0.08505   0.01343   0.02006
 0.08596   0.01368   0.02039
 0.08689   0.01393   0.02073
 0.08782   0.01418   0.02106
 0.08876   0.01444   0.02140
 0.08971   0.01469   0.02175
 0.09067   0.01495   0.02210
 0.09173   0.01524   0.02248
 0.09271   0.01550   0.02284
 0.09370   0.01577   0.02320
 0.09470   0.01604   0.02356
 0.09571   0.01631   0.02393
 0.09673   0.01658   0.02430
 0.09777   0.01686   0.02468
 0.09881   0.01714   0.02506
 0.09986   0.01742   0.02544
 0.10093   0.01771   0.02583
 0.10201   0.01800   0.02622
 0.10310   0.01829   0.02662
 0.10420   0.01858   0.02702
 0.10530   0.01887   0.02743
 0.10642   0.01917   0.02784
 0.10755   0.01947   0.02825
 0.10870   0.01977   0.02867
 0.10985   0.02008   0.02909
 0.11102   0.02039   0.02952
 0.11221   0.02071   0.02995
 0.11340   0.02102   0.03039
 0.11460   0.02134   0.03083
 0.11582   0.02166   0.03127
 0.11704   0.02199   0.03172
 0.11828   0.02231   0.03218
 0.11953   0.02264   0.03264
 0.12080   0.02298   0.03310
 0.12209   0.02332   0.03358
 0.12338   0.02366   0.03405
 0.12469   0.02400   0.03453
 0.12600   0.02435   0.03502
 0.12733   0.02470   0.03550
 0.12868   0.02506   0.03600
 0.13004   0.02541   0.03650
 0.13138   0.02577   0.03700
 0.13277   0.02613   0.03751
 0.13417   0.02650   0.03802
 0.13558   0.02687   0.03854
 0.13701   0.02725   0.03907
 0.13845   0.02762   0.03960
 0.13991   0.02801   0.04014
 0.14138   0.02839   0.04068
 0.14300   0.02882   0.04128
 0.14451   0.02921   0.04183
 0.14603   0.02961   0.04239
 0.14756   0.03001   0.04296
 0.14911   0.03042   0.04353
 0.14994   0.03063   0.04384
 0.15077   0.03085   0.04414
 0.15214   0.03121   0.04465
 0.15374   0.03163   0.04524
 0.15535   0.03205   0.04584
 0.15698   0.03248   0.04644
 0.15863   0.03291   0.04705
 0.16004   0.03327   0.04757
 0.16140   0.03363   0.04807
 0.16309   0.03407   0.04870
 0.16480   0.03452   0.04933
 0.16652   0.03497   0.04997
 0.16827   0.03542   0.05061
 0.17003   0.03588   0.05127
 0.17183   0.03635   0.05193
 0.17362   0.03682   0.05260
 0.17544   0.03729   0.05327
 0.17727   0.03777   0.05395
 0.17912   0.03825   0.05464
 0.18100   0.03874   0.05533
 0.18269   0.03918   0.05596
 0.18460   0.03967   0.05666
 0.18652   0.04017   0.05738
 0.18847   0.04068   0.05810
 0.18983   0.04103   0.05861
 0.19119   0.04138   0.05911
 0.19300   0.04186   0.05978
 0.19502   0.04238   0.06053
 0.19705   0.04290   0.06129
 0.19910   0.04344   0.06205
 0.20118   0.04398   0.06282
 0.20320   0.04450   0.06357
 0.20532   0.04505   0.06436
 0.20745   0.04560   0.06515
 0.20961   0.04616   0.06595
 0.21179   0.04673   0.06677
 0.21403   0.04730   0.06760
 0.21625   0.04788   0.06842
 0.21850   0.04846   0.06926
 0.21972   0.04878   0.06972
 0.22095   0.04909   0.07017
 0.22241   0.04947   0.07072
 0.22472   0.05007   0.07158
 0.22706   0.05067   0.07245
 0.22942   0.05128   0.07332
 0.23180   0.05189   0.07421
 0.23429   0.05254   0.07514
 0.23673   0.05316   0.07605
 0.23919   0.05380   0.07696
 0.24167   0.05444   0.07789
 0.24429   0.05511   0.07887
 0.24683   0.05576   0.07981
 0.24939   0.05642   0.08077
 0.25198   0.05709   0.08173
 0.25466   0.05777   0.08273
 0.25730   0.05845   0.08372
 0.25997   0.05914   0.08472
 0.26266   0.05983   0.08572
 0.26544   0.06054   0.08676
 0.26819   0.06125   0.08779
 0.26963   0.06161   0.08833
 0.27107   0.06198   0.08886
 0.27273   0.06241   0.08948
 0.27555   0.06313   0.09054
 0.27841   0.06386   0.09161
 0.27978   0.06421   0.09212
 0.28115   0.06456   0.09263
 0.28294   0.06501   0.09330
 0.28587   0.06576   0.09439
 0.28883   0.06652   0.09550
 0.29182   0.06728   0.09662
 0.29488   0.06806   0.09777
 0.29794   0.06884   0.09891
 0.29977   0.06930   0.09959
 0.30159   0.06977   0.10028
 0.30388   0.07035   0.10113
 0.30703   0.07115   0.10231
 0.30918   0.07169   0.10312
 0.31132   0.07224   0.10392
 0.31417   0.07296   0.10499
 0.31742   0.07378   0.10621
 0.31954   0.07432   0.10700
 0.32166   0.07485   0.10779
 0.32393   0.07543   0.10864
 0.32728   0.07627   0.10990
 0.32946   0.07682   0.11072
 0.33164   0.07737   0.11154
 0.33389   0.07794   0.11238
 0.33735   0.07881   0.11368
 0.33960   0.07938   0.11452
 0.34186   0.07995   0.11537
 0.34435   0.08057   0.11630
 0.34791   0.08147   0.11764
 0.34981   0.08194   0.11835
 0.35172   0.08242   0.11907
 0.35426   0.08306   0.12002
 0.35793   0.08398   0.12140
 0.35994   0.08448   0.12215
 0.36194   0.08498   0.12291
 0.36550   0.08587   0.12424
 0.36929   0.08681   0.12566
 0.37311   0.08777   0.12710
 0.37687   0.08870   0.12851
 0.37932   0.08931   0.12943
 0.38176   0.08992   0.13035
 0.38416   0.09051   0.13125
 0.38814   0.09150   0.13275
 0.39035   0.09205   0.13358
 0.39256   0.09259   0.13441
 0.39663   0.09360   0.13594
 0.39959   0.09433   0.13705
 0.40255   0.09506   0.13817
 0.40578   0.09586   0.13938
 0.40998   0.09689   0.14096
 0.41423   0.09793   0.14256
 0.41857   0.09900   0.14419
 0.42238   0.09993   0.14562
 0.42618   0.10086   0.14705
 0.42895   0.10153   0.14809
 0.43173   0.10221   0.14914
 0.43499   0.10300   0.15036
 0.43950   0.10410   0.15206
 0.44406   0.10521   0.15378
 0.44913   0.10644   0.15569
 0.45379   0.10756   0.15744
 0.45803   0.10858   0.15903
 0.46278   0.10973   0.16082
 0.46787   0.11095   0.16274
 0.47274   0.11211   0.16457
 0.47723   0.11319   0.16626
 0.47960   0.11375   0.16715
 0.48197   0.11432   0.16804
 0.48465   0.11496   0.16905
 0.48969   0.11615   0.17095
 0.49479   0.11736   0.17286
 0.49823   0.11818   0.17416
 0.50168   0.11899   0.17545
 0.50478   0.11972   0.17662
 0.51004   0.12096   0.17860
 0.51569   0.12228   0.18072
 0.51882   0.12302   0.18190
 0.52196   0.12375   0.18308
 0.52546   0.12456   0.18439
 0.52996   0.12561   0.18609
 0.53446   0.12666   0.18778
 0.53782   0.12743   0.18904
 0.54043   0.12804   0.19002
 0.54304   0.12864   0.19100
 0.54870   0.12994   0.19312
 0.55238   0.13079   0.19450
 0.55595   0.13161   0.19585
 0.55942   0.13240   0.19715
 0.56288   0.13319   0.19845
 0.56633   0.13397   0.19974
 0.57006   0.13482   0.20114
 0.57349   0.13560   0.20242
 0.57948   0.13695   0.20467
 0.58555   0.13832   0.20694
 0.58922   0.13914   0.20832
 0.59289   0.13996   0.20969
 0.59631   0.14073   0.21097
 0.59890   0.14130   0.21194
 0.60149   0.14188   0.21291
 0.60654   0.14300   0.21480
 0.60946   0.14365   0.21589
 0.61238   0.14429   0.21698
 0.61543   0.14496   0.21812
 0.61914   0.14578   0.21951
 0.62286   0.14659   0.22090
 0.62625   0.14734   0.22217
 0.62882   0.14790   0.22312
 0.63138   0.14845   0.22408
 0.63456   0.14915   0.22527
 0.63863   0.15003   0.22679
 0.64270   0.15091   0.22830
 0.64637   0.15170   0.22967
 0.64927   0.15232   0.23075
 0.65217   0.15294   0.23183
 0.65505   0.15356   0.23290
 0.65892   0.15439   0.23434
 0.66227   0.15510   0.23559
 0.66544   0.15577   0.23677
 0.66955   0.15664   0.23829
 0.67366   0.15751   0.23982
 0.67791   0.15841   0.24140
 0.68286   0.15944   0.24323
 0.68780   0.16047   0.24507
 0.69280   0.16151   0.24692
 0.69779   0.16255   0.24877
 0.70281   0.16358   0.25062
 0.70782   0.16461   0.25248
 0.71292   0.16565   0.25436
 0.71802   0.16669   0.25624
 0.72330   0.16776   0.25819
 0.72827   0.16876   0.26002
 0.73254   0.16961   0.26159
 0.73681   0.17047   0.26316
 0.74461   0.17202   0.26603
 0.74864   0.17282   0.26751
 0.75266   0.17361   0.26899
 0.75637   0.17434   0.27035
 0.75990   0.17503   0.27164
 0.76343   0.17571   0.27293
 0.76861   0.17672   0.27483
 0.77241   0.17745   0.27622
 0.77621   0.17818   0.27761
 0.77885   0.17869   0.27857
 0.78148   0.17919   0.27953
 0.78545   0.17995   0.28098
 0.78861   0.18055   0.28213
 0.79177   0.18115   0.28328
 0.79616   0.18198   0.28487
 0.79892   0.18249   0.28588
 0.80168   0.18301   0.28688
 0.80531   0.18369   0.28820
 0.80833   0.18425   0.28929
 0.81135   0.18481   0.29039
 0.81421   0.18534   0.29142
 0.81893   0.18621   0.29313
 0.82248   0.18686   0.29441
 0.82569   0.18745   0.29557
 0.82938   0.18812   0.29690
 0.83307   0.18878   0.29823
 0.83675   0.18945   0.29956
 0.83942   0.18993   0.30052
 0.84209   0.19041   0.30148
 0.84497   0.19092   0.30252
 0.84820   0.19150   0.30368
 0.85143   0.19207   0.30484
 0.85439   0.19259   0.30590
 0.85953   0.19349   0.30774
 0.86466   0.19439   0.30957
 0.86979   0.19528   0.31140
 0.87912   0.19689   0.31473
 0.88334   0.19761   0.31623
 0.88718   0.19826   0.31760
 0.88975   0.19870   0.31851
 0.89232   0.19913   0.31942
 0.89566   0.19969   0.32060
 0.89865   0.20019   0.32166
 0.90164   0.20069   0.32272
 0.90550   0.20133   0.32408
 0.90986   0.20205   0.32562
 0.91423   0.20276   0.32716
 0.92005   0.20371   0.32921
 0.92535   0.20457   0.33107
 0.92966   0.20526   0.33258
 0.93396   0.20595   0.33408
 0.93871   0.20670   0.33574
 0.94254   0.20731   0.33708
 0.94619   0.20788   0.33835
 0.94982   0.20845   0.33962
 0.95346   0.20901   0.34088
 0.95820   0.20974   0.34253
 0.96272   0.21044   0.34409
 0.96724   0.21113   0.34566
 0.97373   0.21211   0.34790
 0.97797   0.21274   0.34936
 0.98220   0.21337   0.35081
 0.98636   0.21399   0.35224
 0.98972   0.21448   0.35339
 0.99308   0.21497   0.35454
 0.99714   0.21556   0.35593
 1.00378   0.21652   0.35820
 1.00760   0.21707   0.35950
 1.01000   0.21741   0.36031
 1.01240   0.21775   0.36113
 1.01787   0.21852   0.36298
 1.02335   0.21929   0.36484
 1.02886   0.22005   0.36670
 1.03240   0.22054   0.36789
 1.03579   0.22100   0.36903
 1.03929   0.22147   0.37020
 1.04278   0.22195   0.37138
 1.04628   0.22241   0.37255
 1.04959   0.22286   0.37365
 1.05291   0.22330   0.37476
 1.05667   0.22379   0.37601
 1.05925   0.22413   0.37687
 1.06184   0.22447   0.37773
 1.06456   0.22482   0.37864
 1.06910   0.22540   0.38014
 1.07363   0.22598   0.38164
 1.07774   0.22651   0.38299
 1.08290   0.22715   0.38469
 1.08806   0.22780   0.38639
 1.09287   0.22839   0.38796
 1.09767   0.22898   0.38953
 1.10292   0.22961   0.39124
 1.10818   0.23024   0.39295
 1.11272   0.23078   0.39442
 1.11726   0.23131   0.39589
 1.12331   0.23202   0.39784
 1.12922   0.23270   0.39974
 1.13477   0.23333   0.40152
 1.13979   0.23389   0.40312
 1.14592   0.23457   0.40507
 1.14990   0.23501   0.40633
 1.15387   0.23544   0.40759
 1.15962   0.23606   0.40941
 1.16572   0.23670   0.41133
 1.16957   0.23711   0.41254
 1.17343   0.23751   0.41375
 1.17764   0.23794   0.41506
 1.18343   0.23853   0.41687
 1.18922   0.23912   0.41866
 1.19457   0.23965   0.42032
 1.19945   0.24012   0.42182
 1.20533   0.24069   0.42363
 1.20865   0.24101   0.42465
 1.21198   0.24133   0.42566
 1.21670   0.24177   0.42710
 1.22003   0.24208   0.42811
 1.22335   0.24238   0.42912
 1.22808   0.24282   0.43055
 1.23281   0.24324   0.43198
 1.23872   0.24376   0.43376
 1.24269   0.24411   0.43494
 1.24637   0.24443   0.43604
 1.24974   0.24472   0.43705
 1.25311   0.24501   0.43805
 1.25730   0.24536   0.43929
 1.25954   0.24554   0.43995
 1.26178   0.24573   0.44062
 1.26448   0.24595   0.44141
 1.26899   0.24632   0.44274
 1.27304   0.24664   0.44393
 1.27676   0.24694   0.44501
 1.27984   0.24718   0.44591
 1.28292   0.24742   0.44681
 1.28724   0.24775   0.44806
 1.28991   0.24795   0.44883
 1.29257   0.24816   0.44960
 1.29686   0.24848   0.45084
 1.29991   0.24870   0.45171
 1.30297   0.24892   0.45259
 1.30783   0.24927   0.45398
 1.31301   0.24964   0.45545
 1.31819   0.25000   0.45692
 1.32303   0.25033   0.45828
 1.32785   0.25066   0.45964
 1.33338   0.25102   0.46118
 1.33890   0.25138   0.46272
 1.34300   0.25164   0.46386
 1.34671   0.25187   0.46489
 1.34967   0.25206   0.46570
 1.35263   0.25224   0.46652
 1.35626   0.25246   0.46751
 1.35933   0.25264   0.46835
 1.36240   0.25282   0.46919
 1.36564   0.25301   0.47007
 1.36956   0.25323   0.47113
 1.37347   0.25346   0.47219
 1.37775   0.25369   0.47335
 1.38299   0.25398   0.47475
 1.38823   0.25426   0.47615
 1.39329   0.25452   0.47749
 1.39788   0.25475   0.47871
 1.40291   0.25500   0.48003
 1.40794   0.25525   0.48135
 1.41290   0.25548   0.48264
 1.41786   0.25571   0.48393
 1.42293   0.25594   0.48524
 1.42800   0.25616   0.48654
 1.43306   0.25638   0.48784
 1.43811   0.25659   0.48912
 1.44328   0.25680   0.49043
 1.44816   0.25699   0.49166
 1.45339   0.25719   0.49297
 1.45811   0.25736   0.49415
 1.46335   0.25755   0.49545
 1.46820   0.25772   0.49664
 1.47280   0.25787   0.49777
 1.47740   0.25802   0.49890
 1.48332   0.25821   0.50033
 1.48924   0.25839   0.50176
 1.49513   0.25856   0.50318
 1.49834   0.25865   0.50394
 1.50155   0.25873   0.50470
 1.50485   0.25882   0.50549
 1.50924   0.25893   0.50652
 1.51362   0.25904   0.50755
 1.51787   0.25914   0.50854
 1.52315   0.25926   0.50977
 1.52844   0.25937   0.51099
 1.53301   0.25946   0.51203
 1.53725   0.25954   0.51300
 1.54346   0.25966   0.51441
 1.54967   0.25976   0.51581
 1.55778   0.25988   0.51762
 1.56340   0.25996   0.51886
 1.56902   0.26003   0.52009
 1.57395   0.26009   0.52117
 1.57840   0.26013   0.52213
 1.58305   0.26018   0.52314
 1.58737   0.26021   0.52406
 1.59319   0.26026   0.52530
 1.59901   0.26029   0.52653
 1.60347   0.26031   0.52747
 1.60758   0.26033   0.52832
 1.61308   0.26035   0.52946
 1.61859   0.26036   0.53059
 1.62277   0.26036   0.53145
 1.62676   0.26037   0.53226
 1.63454   0.26036   0.53382
 1.63910   0.26035   0.53473
 1.64367   0.26033   0.53563
 1.64793   0.26031   0.53647
 1.65310   0.26029   0.53748
 1.65826   0.26026   0.53849
 1.66295   0.26022   0.53939
 1.66763   0.26019   0.54028
 1.67323   0.26013   0.54134
 1.67883   0.26008   0.54240
 1.68300   0.26003   0.54317
 1.68676   0.25999   0.54387
 1.69480   0.25988   0.54535
 1.69968   0.25981   0.54623
 1.70455   0.25974   0.54711
 1.70924   0.25966   0.54795
 1.71392   0.25958   0.54878
 1.71842   0.25950   0.54957
 1.72269   0.25942   0.55031
 1.72695   0.25933   0.55105
 1.73360   0.25919   0.55220
 1.73987   0.25906   0.55326
 1.74922   0.25884   0.55482
 1.75526   0.25869   0.55582
 1.75894   0.25859   0.55642
 1.76261   0.25850   0.55702
 1.76609   0.25840   0.55758
 1.76969   0.25830   0.55816
 1.77328   0.25820   0.55873
 1.77764   0.25807   0.55942
 1.78354   0.25789   0.56034
 1.78945   0.25771   0.56125
 1.79792   0.25744   0.56254
 1.80347   0.25725   0.56337
 1.80884   0.25706   0.56417
 1.81320   0.25691   0.56481
 1.81714   0.25677   0.56538
 1.82328   0.25654   0.56627
 1.82906   0.25632   0.56709
 1.83408   0.25612   0.56780
 1.83866   0.25594   0.56843
 1.84270   0.25577   0.56899
 1.84659   0.25561   0.56952
 1.85521   0.25525   0.57068
 1.85877   0.25509   0.57115
 1.86233   0.25494   0.57162
 1.86606   0.25477   0.57210
 1.86955   0.25461   0.57255
 1.87303   0.25446   0.57300
 1.87701   0.25427   0.57351
 1.88336   0.25397   0.57430
 1.88913   0.25369   0.57501
 1.89507   0.25340   0.57573
 1.89844   0.25323   0.57614
 1.90182   0.25306   0.57654
 1.90599   0.25285   0.57703
 1.90939   0.25268   0.57743
 1.91278   0.25250   0.57782
 1.91644   0.25231   0.57824
 1.92524   0.25183   0.57923
 1.92994   0.25158   0.57975
 1.93463   0.25132   0.58026
 1.93910   0.25107   0.58074
 1.94357   0.25081   0.58121
 1.94780   0.25057   0.58165
 1.95311   0.25026   0.58220
 1.95843   0.24995   0.58274
 1.96286   0.24969   0.58318
 1.96725   0.24942   0.58361
 1.97329   0.24905   0.58420
 1.97933   0.24868   0.58477
 1.98704   0.24819   0.58548
 1.99401   0.24775   0.58611
 1.99785   0.24750   0.58645
 2.00168   0.24725   0.58679
 2.00517   0.24702   0.58709
 2.00845   0.24680   0.58737
 2.00988   0.24671   0.58749
 2.01132   0.24661   0.58761
 2.01316   0.24649   0.58776
 2.03155   0.24523   0.58923
 2.05201   0.24378   0.59075
 2.07256   0.24228   0.59213
 2.09318   0.24071   0.59339
 2.09868   0.24028   0.59370
 2.10418   0.23985   0.59401
 2.10655   0.23966   0.59413
 2.10893   0.23948   0.59426
 2.11153   0.23927   0.59440
 2.11412   0.23906   0.59453
 2.13470   0.23740   0.59551
 2.15546   0.23567   0.59637
 2.17627   0.23389   0.59709
 2.19713   0.23207   0.59768
 2.20286   0.23156   0.59782
 2.20858   0.23104   0.59795
 2.20973   0.23094   0.59798
 2.21089   0.23084   0.59800
 2.21205   0.23073   0.59802
 2.22365   0.22968   0.59824
 2.24450   0.22776   0.59852
 2.26544   0.22579   0.59868
 2.28641   0.22378   0.59869
 2.30741   0.22173   0.59858
 2.30932   0.22154   0.59856
 2.31102   0.22138   0.59854
 2.31271   0.22121   0.59853
 2.32969   0.21952   0.59831
 2.35067   0.21741   0.59792
 2.37169   0.21526   0.59740
 2.39272   0.21308   0.59676
 2.39894   0.21243   0.59654
 2.40516   0.21178   0.59631
 2.40782   0.21150   0.59621
 2.40954   0.21132   0.59615
 2.41099   0.21117   0.59609
 2.41230   0.21103   0.59604
 2.42540   0.20964   0.59550
 2.44635   0.20741   0.59453
 2.46737   0.20514   0.59343
 2.48837   0.20286   0.59222
 2.50938   0.20056   0.59088
 2.51098   0.20038   0.59077
 2.51258   0.20020   0.59067
 2.52860   0.19843   0.58955
 2.54952   0.19610   0.58799
 2.57046   0.19376   0.58632
 2.59138   0.19140   0.58453
 2.59599   0.19088   0.58412
 2.60060   0.19036   0.58371
 2.60891   0.18942   0.58294
 2.61146   0.18913   0.58271
 2.61402   0.18884   0.58247
 2.63473   0.18649   0.58047
 2.65557   0.18411   0.57835
 2.67638   0.18173   0.57613
 2.69716   0.17935   0.57381
 2.70295   0.17868   0.57315
 2.70873   0.17802   0.57248
 2.70972   0.17791   0.57236
 2.71071   0.17779   0.57225
 2.71174   0.17767   0.57213
 2.72207   0.17649   0.57090
 2.74268   0.17411   0.56838
 2.76334   0.17173   0.56576
 2.78397   0.16936   0.56305
 2.80456   0.16699   0.56026
 2.81108   0.16623   0.55935
 2.81761   0.16548   0.55844
 2.83801   0.16314   0.55553
 2.85848   0.16078   0.55252
 2.87891   0.15844   0.54944
 2.89929   0.15611   0.54628
 2.90583   0.15536   0.54525
 2.90870   0.15504   0.54480
 2.91157   0.15471   0.54434
 2.91415   0.15441   0.54393
 2.93431   0.15212   0.54068
 2.95455   0.14982   0.53734
 2.97476   0.14754   0.53394
 2.99491   0.14527   0.53047
 3.00011   0.14469   0.52957
 3.00531   0.14411   0.52866
 3.00806   0.14380   0.52818
 3.00968   0.14362   0.52789
 3.01130   0.14343   0.52761
 3.01281   0.14327   0.52734
 3.02795   0.14157   0.52465
 3.04793   0.13935   0.52104
 3.06789   0.13715   0.51738
 3.08780   0.13496   0.51367
 3.10766   0.13279   0.50992
 3.10966   0.13257   0.50953
 3.11146   0.13237   0.50919
 3.11310   0.13220   0.50888
 3.12950   0.13042   0.50572
 3.14921   0.12829   0.50189
 3.16889   0.12618   0.49801
 3.18853   0.12410   0.49409
 3.20810   0.12203   0.49014
 3.20969   0.12187   0.48982
 3.21127   0.12170   0.48949
 3.21279   0.12154   0.48919
 3.22797   0.11995   0.48609
 3.24740   0.11794   0.48208
 3.26680   0.11594   0.47804
 3.28615   0.11396   0.47398
 3.30544   0.11201   0.46990
 3.30828   0.11172   0.46929
 3.30951   0.11160   0.46903
 3.31075   0.11147   0.46877
 3.31237   0.11131   0.46842
 3.32866   0.10968   0.46494
 3.34781   0.10778   0.46082
 3.36692   0.10590   0.45668
 3.38597   0.10405   0.45252
 3.40497   0.10222   0.44835
 3.40763   0.10196   0.44776
 3.40903   0.10183   0.44745
 3.41004   0.10173   0.44723
 3.41100   0.10164   0.44702
 3.42059   0.10073   0.44490
 3.43940   0.09895   0.44074
 3.45824   0.09718   0.43654
 3.47702   0.09544   0.43234
 3.49574   0.09373   0.42814
 3.50087   0.09326   0.42699
 3.50599   0.09280   0.42583
 3.50915   0.09251   0.42512
 3.51137   0.09231   0.42462
 3.51355   0.09211   0.42413
 3.53203   0.09046   0.41995
 3.55058   0.08881   0.41575
 3.56909   0.08719   0.41154
 3.58753   0.08559   0.40734
 3.60592   0.08402   0.40315
 3.60907   0.08375   0.40243
 3.61126   0.08356   0.40193
 3.61345   0.08338   0.40143
 3.63163   0.08185   0.39727
 3.64988   0.08033   0.39309
 3.66808   0.07884   0.38892
 3.68623   0.07736   0.38476
 3.70432   0.07592   0.38062
 3.70689   0.07571   0.38003
 3.70946   0.07551   0.37944
 3.71120   0.07537   0.37904
 3.71277   0.07525   0.37868
 3.72844   0.07401   0.37508
 3.74639   0.07262   0.37097
 3.76430   0.07125   0.36687
 3.78216   0.06989   0.36278
 3.79997   0.06857   0.35871
 3.80608   0.06811   0.35732
 3.80903   0.06790   0.35664
 3.81129   0.06773   0.35613
 3.81356   0.06756   0.35561
 3.83115   0.06628   0.35160
 3.84881   0.06501   0.34758
 3.86642   0.06376   0.34358
 3.88397   0.06253   0.33960
 3.90148   0.06133   0.33564
 3.90861   0.06084   0.33403
 3.90998   0.06075   0.33372
 3.91134   0.06066   0.33341
 3.91373   0.06049   0.33288
 3.93103   0.05933   0.32898
 3.94840   0.05818   0.32508
 3.96572   0.05704   0.32121
 3.98298   0.05593   0.31736
 4.00020   0.05484   0.31353
 4.00629   0.05446   0.31218
 4.00941   0.05426   0.31149
 4.01122   0.05415   0.31109
 4.01293   0.05404   0.31071
 4.02994   0.05299   0.30696
 4.04703   0.05195   0.30321
 4.06407   0.05092   0.29948
 4.08105   0.04992   0.29577
 4.09800   0.04893   0.29210
 4.10335   0.04862   0.29094
 4.10869   0.04832   0.28979
 4.11170   0.04814   0.28914
 4.11471   0.04797   0.28849
 4.13144   0.04703   0.28490
 4.14824   0.04609   0.28130
 4.16500   0.04517   0.27774
 4.18171   0.04427   0.27421
 4.19837   0.04339   0.27070
 4.20378   0.04310   0.26957
 4.20919   0.04282   0.26844
 4.21142   0.04270   0.26797
 4.21364   0.04259   0.26751
 4.23010   0.04174   0.26408
 4.24663   0.04090   0.26067
 4.26311   0.04008   0.25728
 4.27956   0.03927   0.25392
 4.29595   0.03848   0.25059
 4.30135   0.03823   0.24950
 4.30674   0.03797   0.24841
 4.30928   0.03785   0.24790
 4.31138   0.03775   0.24748
 4.31343   0.03765   0.24707
 4.32962   0.03690   0.24383
 4.34588   0.03615   0.24059
 4.36210   0.03542   0.23739
 4.37828   0.03470   0.23421
 4.39442   0.03399   0.23107
 4.40037   0.03374   0.22992
 4.40632   0.03348   0.22877
 4.40873   0.03338   0.22830
 4.40982   0.03333   0.22809
 4.41090   0.03328   0.22788
 4.41234   0.03322   0.22761
 4.42664   0.03262   0.22486
 4.44264   0.03195   0.22182
 4.45861   0.03130   0.21880
 4.47454   0.03066   0.21581
 4.49043   0.03003   0.21285
 4.50628   0.02942   0.20993
 4.50875   0.02932   0.20947
 4.51122   0.02923   0.20902
 4.51350   0.02914   0.20860
 4.52918   0.02855   0.20574
 4.54494   0.02796   0.20289
 4.56065   0.02738   0.20007
 4.57633   0.02682   0.19728
 4.59196   0.02627   0.19452
 4.60756   0.02572   0.19179
 4.60988   0.02564   0.19139
 4.61219   0.02556   0.19098
 4.61511   0.02546   0.19048
 4.63056   0.02494   0.18781
 4.64606   0.02443   0.18515
 4.66153   0.02392   0.18253
 4.67696   0.02342   0.17994
 4.69235   0.02294   0.17737
 4.70771   0.02246   0.17484
 4.70975   0.02240   0.17450
 4.71179   0.02234   0.17416
 4.71411   0.02226   0.17378
 4.72931   0.02180   0.17131
 4.74458   0.02135   0.16884
 4.75982   0.02091   0.16641
 4.77502   0.02047   0.16400
 4.79018   0.02004   0.16162
 4.80531   0.01962   0.15927
 4.80871   0.01953   0.15875
 4.81211   0.01944   0.15822
 4.81541   0.01935   0.15772
 4.83039   0.01895   0.15543
 4.84543   0.01855   0.15315
 4.86043   0.01816   0.15091
 4.87540   0.01778   0.14869
 4.89033   0.01741   0.14650
 4.90524   0.01704   0.14433
 4.90875   0.01696   0.14383
 4.91188   0.01688   0.14338
 4.91501   0.01681   0.14293
 4.92977   0.01646   0.14082
 4.94458   0.01611   0.13873
 4.95936   0.01577   0.13666
 4.97411   0.01544   0.13462
 4.98883   0.01511   0.13261
 5.00352   0.01480   0.13062
 5.00781   0.01470   0.13004
 5.00948   0.01467   0.12982
 5.01114   0.01463   0.12959
 5.01298   0.01459   0.12935
 5.02751   0.01429   0.12742
 5.04211   0.01399   0.12549
 5.05668   0.01369   0.12360
 5.07123   0.01340   0.12173
 5.08574   0.01312   0.11988
 5.10022   0.01284   0.11806
 5.10594   0.01273   0.11734
 5.10916   0.01267   0.11694
 5.11164   0.01262   0.11664
 5.11412   0.01258   0.11633
 5.12844   0.01231   0.11457
 5.14283   0.01205   0.11281
 5.15720   0.01180   0.11109
 5.17153   0.01155   0.10938
 5.18583   0.01130   0.10770
 5.20010   0.01106   0.10604
 5.20578   0.01097   0.10539
 5.20895   0.01091   0.10502
 5.21212   0.01086   0.10466
 5.21499   0.01082   0.10433
 5.22911   0.01059   0.10273
 5.24330   0.01036   0.10114
 5.25746   0.01014   0.09957
 5.27159   0.00993   0.09802
 5.28569   0.00971   0.09650
 5.29976   0.00951   0.09499
 5.30534   0.00943   0.09440
 5.30852   0.00938   0.09406
 5.31170   0.00933   0.09373
 5.31510   0.00929   0.09337
 5.32903   0.00909   0.09192
 5.34302   0.00890   0.09048
 5.35699   0.00871   0.08906
 5.37092   0.00852   0.08766
 5.38483   0.00834   0.08628
 5.39871   0.00816   0.08491
 5.40473   0.00808   0.08433
 5.40783   0.00804   0.08403
 5.40968   0.00802   0.08385
 5.41153   0.00800   0.08367
 5.41378   0.00797   0.08346
 5.42752   0.00780   0.08214
 5.44132   0.00763   0.08084
 5.45509   0.00747   0.07956
 5.46884   0.00731   0.07829
 5.48257   0.00715   0.07705
 5.49627   0.00700   0.07582
 5.50994   0.00685   0.07461
 5.52359   0.00670   0.07341
 5.53753   0.00656   0.07221
 5.55114   0.00642   0.07105
 5.56471   0.00628   0.06991
 5.57826   0.00614   0.06878
 5.59178   0.00601   0.06767
 5.60528   0.00588   0.06658
 5.60965   0.00584   0.06623
 5.61401   0.00580   0.06588
 5.61849   0.00576   0.06553
 5.63188   0.00564   0.06447
 5.64531   0.00552   0.06343
 5.65871   0.00540   0.06240
 5.67209   0.00528   0.06139
 5.68545   0.00517   0.06039
 5.69879   0.00506   0.05940
 5.70595   0.00500   0.05888
 5.70854   0.00498   0.05869
 5.71114   0.00496   0.05850
 5.71364   0.00494   0.05832
 5.72684   0.00483   0.05738
 5.74010   0.00473   0.05644
 5.75335   0.00462   0.05552
 5.76657   0.00453   0.05460
 5.77976   0.00443   0.05371
 5.79294   0.00433   0.05283
 5.80609   0.00424   0.05196
 5.80888   0.00422   0.05177
 5.81167   0.00420   0.05159
 5.81550   0.00417   0.05134
 5.82854   0.00408   0.05050
 5.84164   0.00400   0.04967
 5.85471   0.00391   0.04884
 5.86776   0.00383   0.04804
 5.88079   0.00374   0.04724
 5.89379   0.00366   0.04646
 5.90678   0.00358   0.04568
 5.91396   0.00354   0.04526
 5.92049   0.00350   0.04488
 5.93339   0.00343   0.04414
 5.94631   0.00335   0.04340
 5.95921   0.00328   0.04268
 5.97209   0.00321   0.04196
 5.98495   0.00314   0.04126
 5.99779   0.00307   0.04057
 6.00370   0.00304   0.04026
 6.00961   0.00301   0.03995
 6.01953   0.00296   0.03942
 6.02854   0.00291   0.03896
 6.04128   0.00285   0.03830
 6.05404   0.00279   0.03766
 6.06677   0.00273   0.03703
 6.07948   0.00267   0.03640
 6.09217   0.00261   0.03579
 6.10484   0.00255   0.03518
 6.10923   0.00253   0.03498
 6.11361   0.00251   0.03477
 6.11769   0.00250   0.03458
 6.13026   0.00244   0.03400
 6.14287   0.00239   0.03342
 6.15547   0.00234   0.03285
 6.16804   0.00228   0.03230
 6.18060   0.00223   0.03175
 6.19314   0.00219   0.03121
 6.20566   0.00214   0.03067
 6.20915   0.00212   0.03053
 6.21265   0.00211   0.03038
 6.21602   0.00210   0.03024
 6.22844   0.00205   0.02973
 6.24090   0.00201   0.02922
 6.25335   0.00196   0.02872
 6.26578   0.00192   0.02823
 6.27820   0.00188   0.02774
 6.29059   0.00184   0.02727
 6.30297   0.00180   0.02680
 6.30967   0.00178   0.02655
 6.31636   0.00175   0.02630
 6.32331   0.00173   0.02604
 6.33560   0.00170   0.02560
 6.34791   0.00166   0.02516
 6.36020   0.00162   0.02472
 6.37248   0.00159   0.02429
 6.38474   0.00155   0.02387
 6.39699   0.00152   0.02346
 6.40921   0.00148   0.02305
 6.41461   0.00147   0.02288
 6.41956   0.00145   0.02272
 6.43170   0.00142   0.02232
 6.44387   0.00139   0.02193
 6.45603   0.00136   0.02155
 6.46818   0.00133   0.02118
 6.48031   0.00130   0.02081
 6.49242   0.00127   0.02045
 6.50451   0.00124   0.02009
 6.50983   0.00123   0.01993
 6.51515   0.00122   0.01978
 6.52190   0.00120   0.01958
 6.53392   0.00117   0.01924
 6.54595   0.00115   0.01891
 6.55798   0.00112   0.01857
 6.56998   0.00109   0.01825
 6.58197   0.00107   0.01793
 6.59394   0.00104   0.01761
 6.60590   0.00102   0.01730
 6.60961   0.00101   0.01721
 6.61332   0.00100   0.01711
 6.61763   0.00100   0.01700
 6.62950   0.00097   0.01670
 6.64141   0.00095   0.01641
 6.65330   0.00093   0.01612
 6.66518   0.00090   0.01583
 6.67705   0.00088   0.01555
 6.68889   0.00086   0.01528
 6.70073   0.00084   0.01500
 6.70640   0.00083   0.01488
 6.70915   0.00083   0.01481
 6.71190   0.00082   0.01475
 6.71489   0.00082   0.01468
 6.72662   0.00080   0.01442
 6.73841   0.00078   0.01417
 6.75018   0.00076   0.01391
 6.76193   0.00074   0.01367
 6.77367   0.00072   0.01342
 6.78539   0.00071   0.01318
 6.79710   0.00069   0.01294
 6.80880   0.00067   0.01271
 6.81335   0.00066   0.01262
 6.81749   0.00066   0.01254
 6.82910   0.00064   0.01232
 6.84076   0.00063   0.01209
 6.85240   0.00061   0.01187
 6.86403   0.00060   0.01166
 6.87564   0.00058   0.01145
 6.88724   0.00057   0.01124
 6.89882   0.00055   0.01104
 6.90536   0.00054   0.01092
 6.90962   0.00054   0.01085
 6.91388   0.00053   0.01078
 6.91887   0.00053   0.01069
 6.93037   0.00052   0.01050
 6.94190   0.00050   0.01030
 6.95342   0.00049   0.01011
 6.96492   0.00048   0.00993
 6.97641   0.00047   0.00975
 6.98789   0.00046   0.00957
 6.99935   0.00044   0.00939
 7.00501   0.00044   0.00930
 7.00848   0.00043   0.00925
 7.01195   0.00043   0.00920
 7.01715   0.00043   0.00912
 7.02853   0.00042   0.00895
 7.03995   0.00041   0.00879
 7.05135   0.00039   0.00862
 7.06274   0.00038   0.00846
 7.07411   0.00037   0.00830
 7.08547   0.00036   0.00815
 7.09682   0.00035   0.00800
 7.10815   0.00034   0.00785
 7.11321   0.00034   0.00778
 7.11828   0.00033   0.00771
 7.12954   0.00032   0.00757
 7.14084   0.00031   0.00743
 7.15212   0.00030   0.00729
 7.16339   0.00029   0.00715
 7.17465   0.00028   0.00701
 7.18589   0.00028   0.00688
 7.19713   0.00027   0.00675
 7.20835   0.00026   0.00662
 7.21303   0.00025   0.00656
 7.21772   0.00025   0.00651
 7.22887   0.00024   0.00638
 7.24005   0.00023   0.00626
 7.25122   0.00022   0.00614
 7.26238   0.00022   0.00602
 7.27353   0.00021   0.00590
 7.28466   0.00020   0.00579
 7.29579   0.00019   0.00567
 7.30690   0.00018   0.00556
 7.31429   0.00018   0.00549
 7.32168   0.00017   0.00541
 7.33273   0.00017   0.00531
 7.34380   0.00016   0.00520
 7.35486   0.00015   0.00510
 7.36591   0.00014   0.00499
 7.37694   0.00013   0.00489
 7.38796   0.00013   0.00479
 7.39897   0.00012   0.00470
 7.40997   0.00011   0.00460
 7.42096   0.00010   0.00451
 7.43200   0.00009   0.00441
 7.44297   0.00008   0.00432
 7.45392   0.00008   0.00423
 7.46486   0.00007   0.00414
 7.47579   0.00006   0.00405
 7.48670   0.00005   0.00397
 7.49761   0.00004   0.00388
 7.50850   0.00003   0.00380
 7.51327   0.00003   0.00376
 7.51779   0.00003   0.00373
 7.52862   0.00003   0.00365
 7.53948   0.00003   0.00357
 7.55033   0.00003   0.00349
 7.56117   0.00003   0.00341
 7.57200   0.00003   0.00333
 7.58282   0.00003   0.00325
 7.59362   0.00003   0.00318
 7.60442   0.00003   0.00310
 7.60920   0.00003   0.00307
 7.61399   0.00003   0.00304
 7.61902   0.00002   0.00300
 7.62974   0.00002   0.00293
 7.64050   0.00001   0.00286
 7.65125   0.00001   0.00279
 7.66199   0.00000   0.00273
 7.67271  -0.00000   0.00266
 7.68343  -0.00001   0.00259
 7.69413  -0.00001   0.00253
 7.70482  -0.00002   0.00246
 7.70892  -0.00002   0.00244
 7.71302  -0.00002   0.00241
 7.71722  -0.00002   0.00239
 7.72785  -0.00002   0.00232
 7.73851  -0.00002   0.00226
 7.74916  -0.00003   0.00220
 7.75979  -0.00003   0.00214
 7.77042  -0.00003   0.00208
 7.78104  -0.00003   0.00202
 7.79165  -0.00003   0.00196
 7.80225  -0.00003   0.00190
 7.80827  -0.00004   0.00187
 7.81353  -0.00003   0.00184
 7.81861  -0.00003   0.00181
 7.82914  -0.00003   0.00175
 7.83970  -0.00003   0.00170
 7.85025  -0.00002   0.00164
 7.86079  -0.00002   0.00158
 7.87132  -0.00002   0.00153
 7.88185  -0.00001   0.00147
 7.89236  -0.00001   0.00142
 7.90286  -0.00001   0.00137
 7.90911  -0.00000   0.00134
 7.91536  -0.00000   0.00130
 7.92162  -0.00000   0.00127
 7.93207  -0.00000   0.00122
 7.94253  -0.00000   0.00117
 7.95298  -0.00001   0.00112
 7.96343  -0.00001   0.00107
 7.97386  -0.00001   0.00102
 7.98429  -0.00001   0.00097
 7.99470  -0.00001   0.00092
 8.00511  -0.00001   0.00087
 8.00948  -0.00001   0.00085
 8.01386  -0.00001   0.00083
 8.01913  -0.00001   0.00081
 8.02948  -0.00001   0.00076
 8.03985  -0.00001   0.00071
 8.05021  -0.00001   0.00066
 8.06057  -0.00002   0.00062
 8.07091  -0.00002   0.00057
 8.08125  -0.00002   0.00052
 8.09157  -0.00002   0.00048
 8.10189  -0.00002   0.00043
 8.10777  -0.00002   0.00040
 8.11364  -0.00002   0.00038
 8.12021  -0.00002   0.00035
 8.13047  -0.00001   0.00030
 8.14076  -0.00001   0.00026
 8.15103  -0.00001   0.00021
 8.16129  -0.00001   0.00016
 8.17155  -0.00001   0.00012
 8.18179  -0.00000   0.00007
 8.19203  -0.00000   0.00003
 8.20225  -0.00000  -0.00002
 8.20972   0.00000  -0.00005
