 0.00018   0.00000
 0.00023   0.00000
 0.00028   0.00000
 0.00034   0.00000
 0.00041   0.00000
 0.00049   0.00000
 0.00059   0.00000
 0.00069   0.00000
 0.00082   0.00000
 0.00096   0.00000
 0.00112   0.00000
 0.00131   0.00000
 0.00151   0.00000
 0.00174   0.00000
 0.00201   0.00000
 0.00230   0.00000
 0.00262   0.00000
 0.00299   0.00000
 0.00339   0.00000
 0.00384   0.00000
 0.00433   0.00001
 0.00487   0.00001
 0.00547   0.00001
 0.00612   0.00001
 0.00684   0.00001
 0.00762   0.00002
 0.00848   0.00002
 0.00941   0.00003
 0.01043   0.00003
 0.01152   0.00004
 0.01272   0.00005
 0.01401   0.00006
 0.01541   0.00007
 0.01692   0.00009
 0.01855   0.00011
 0.02031   0.00013
 0.02216   0.00015
 0.02419   0.00018
 0.02637   0.00022
 0.02871   0.00026
 0.03121   0.00031
 0.03383   0.00036
 0.03669   0.00042
 0.03975   0.00050
 0.04302   0.00058
 0.04653   0.00068
 0.05025   0.00079
 0.05477   0.00094
 0.05901   0.00109
 0.06353   0.00127
 0.06846   0.00147
 0.07357   0.00170
 0.07923   0.00197
 0.08500   0.00227
 0.09124   0.00261
 0.09718   0.00296
 0.10405   0.00339
 0.11133   0.00388
 0.11861   0.00441
 0.12675   0.00503
 0.13562   0.00576
 0.14495   0.00658
 0.15442   0.00747
 0.16414   0.00843
 0.17417   0.00949
 0.18462   0.01066
 0.19571   0.01197
 0.20785   0.01350
 0.22204   0.01539
 0.23754   0.01760
 0.25204   0.01980
 0.26937   0.02259
 0.28620   0.02546
 0.30226   0.02836
 0.31915   0.03158
 0.33884   0.03553
 0.35859   0.03971
 0.37903   0.04427
 0.40068   0.04934
 0.41998   0.05408
 0.43928   0.05901
 0.45811   0.06401
 0.47695   0.06919
 0.49814   0.07522
 0.51831   0.08116
 0.53848   0.08729
 0.55792   0.09337
 0.57736   0.09961
 0.59972   0.10699
 0.62705   0.11628
 0.64816   0.12365
 0.66926   0.13118
 0.68805   0.13801
 0.70684   0.14496
 0.72821   0.15299
 0.74745   0.16033
 0.76669   0.16778
 0.78816   0.17620
 0.80756   0.18389
 0.82697   0.19167
 0.84866   0.20044
 0.87095   0.20954
 0.89325   0.21871
 0.91454   0.22751
 0.93538   0.23618
 0.95675   0.24509
 0.97931   0.25452
 1.00137   0.26376
 1.01909   0.27117
 1.03681   0.27857
 1.05677   0.28689
 1.07819   0.29579
 1.09838   0.30414
 1.11857   0.31244
 1.13857   0.32060
 1.15857   0.32869
 1.17904   0.33690
 1.19950   0.34501
 1.22373   0.35449
 1.24823   0.36392
 1.26827   0.37149
 1.28830   0.37894
 1.31055   0.38706
 1.33383   0.39536
 1.35711   0.40345
 1.38014   0.41123
 1.40114   0.41812
 1.42073   0.42438
 1.44087   0.43061
 1.46075   0.43657
 1.48104   0.44244
 1.50007   0.44775
 1.51749   0.45243
 1.53491   0.45695
 1.55030   0.46079
 1.56570   0.46449
 1.58055   0.46792
 1.59532   0.47120
 1.60908   0.47413
 1.62284   0.47694
 1.63670   0.47965
 1.65470   0.48298
 1.66873   0.48542
 1.68276   0.48773
 1.69699   0.48993
 1.71536   0.49257
 1.73313   0.49489
 1.75838   0.49779
 1.77611   0.49956
 1.79365   0.50107
 1.80979   0.50226
 1.83366   0.50366
 1.85001   0.50437
 1.86636   0.50488
 1.88274   0.50517
 1.89680   0.50526
 1.90932   0.50521
 1.92185   0.50504
 1.93514   0.50472
 1.94962   0.50421
 1.96758   0.50335
 1.98625   0.50219
 2.00460   0.50077
 2.01878   0.49949
 2.03296   0.49806
 2.07897   0.49229
 2.09955   0.48917
 2.10996   0.48746
 2.12037   0.48566
 2.14299   0.48147
 2.19067   0.47133
 2.20521   0.46789
 2.21815   0.46469
 2.23110   0.46136
 2.28001   0.44764
 2.30489   0.43998
 2.32042   0.43497
 2.33454   0.43027
 2.38460   0.41246
 2.40209   0.40583
 2.41958   0.39900
 2.43973   0.39088
 2.49056   0.36924
 2.50617   0.36227
 2.52178   0.35515
 2.53720   0.34799
 2.58830   0.32328
 2.60345   0.31568
 2.61861   0.30796
 2.64474   0.29438
 2.69568   0.26698
 2.72905   0.24841
 2.76243   0.22938
 2.79216   0.21208
 2.80793   0.20278
 2.82370   0.19340
 2.84476   0.18076
 2.89426   0.15054
 2.93218   0.12699
 2.97011   0.10315
 3.00527   0.08083
 3.04043   0.05836
 3.08032   0.03273
 3.12767   0.00221
 3.17389  -0.02759
 3.20743  -0.04916
 3.24097  -0.07065
 3.28853  -0.10092
 3.33846  -0.13232
 3.39023  -0.16438
 3.44277  -0.19626
 3.49281  -0.22592
 3.53300  -0.24917
 3.57318  -0.27187
 3.60796  -0.29103
 3.64273  -0.30971
 3.68175  -0.33008
 3.70077  -0.33977
 3.71978  -0.34930
 3.74161  -0.36004
 3.80386  -0.38943
 3.82816  -0.40040
 3.85051  -0.41022
 3.88087  -0.42316
 3.90219  -0.43197
 3.92351  -0.44053
 3.94632  -0.44943
 4.00985  -0.47275
 4.07370  -0.49396
 4.10739  -0.50425
 4.14109  -0.51390
 4.17287  -0.52243
 4.20530  -0.53055
 4.22606  -0.53544
 4.24500  -0.53969
 4.30594  -0.55203
 4.32758  -0.55592
 4.34731  -0.55924
 4.40741  -0.56806
 4.43639  -0.57162
 4.46300  -0.57451
 4.48871  -0.57694
 4.50499  -0.57831
 4.52127  -0.57954
 4.53602  -0.58054
 4.59465  -0.58345
 4.60658  -0.58384
 4.61850  -0.58416
 4.63042  -0.58441
 4.68838  -0.58469
 4.70998  -0.58441
 4.73157  -0.58392
 4.77963  -0.58210
 4.79935  -0.58108
 4.80984  -0.58047
 4.82034  -0.57981
 4.84103  -0.57840
 4.90232  -0.57323
 4.92408  -0.57106
 4.94434  -0.56889
 5.00769  -0.56120
 5.05188  -0.55507
 5.09166  -0.54905
 5.10640  -0.54671
 5.12115  -0.54430
 5.13689  -0.54167
 5.20376  -0.52978
 5.22596  -0.52560
 5.24598  -0.52173
 5.27757  -0.51546
 5.30915  -0.50899
 5.37901  -0.49402
 5.40640  -0.48793
 5.43380  -0.48174
 5.46144  -0.47538
 5.49892  -0.46661
 5.52786  -0.45973
 5.55679  -0.45276
 5.59413  -0.44367
 5.63146  -0.43446
 5.69096  -0.41962
 5.73750  -0.40790
 5.78405  -0.39612
 5.81061  -0.38938
 5.83538  -0.38308
 5.87718  -0.37247
 5.90412  -0.36564
 5.93106  -0.35882
 5.95842  -0.35191
 6.00365  -0.34055
 6.04887  -0.32927
 6.09022  -0.31905
 6.13739  -0.30751
 6.18456  -0.29612
 6.23746  -0.28355
 6.28585  -0.27225
 6.34061  -0.25973
 6.39537  -0.24749
 6.43614  -0.23857
 6.47691  -0.22984
 6.50874  -0.22314
 6.54058  -0.21656
 6.58853  -0.20686
 6.64114  -0.19652
 6.69375  -0.18651
 6.74393  -0.17728
 6.78962  -0.16913
 6.84357  -0.15983
 6.89752  -0.15089
 6.99401  -0.13577
 7.08709  -0.12223
 7.15120  -0.11349
 7.19551  -0.10772
 7.23982  -0.10218
 7.28831  -0.09635
 7.36733  -0.08740
 7.40477  -0.08338
 7.44222  -0.07950
 7.49437  -0.07433
 7.56877  -0.06739
 7.61102  -0.06368
 7.65326  -0.06012
 7.70666  -0.05584
 7.76006  -0.05178
 7.82055  -0.04746
 7.88101  -0.04341
 7.95088  -0.03903
 8.02093  -0.03497
 8.08959  -0.03126
 8.15826  -0.02782
 8.21998  -0.02493
 8.28170  -0.02222
 8.35040  -0.01940
 8.41948  -0.01674
 8.48837  -0.01425
 8.55725  -0.01190
 8.62871  -0.00960
 8.69423  -0.00758
 8.76426  -0.00550
 8.83523  -0.00346
 8.90477  -0.00150
 8.97555   0.00047
 9.03070   0.00201
