 0.00032   0.00000
 0.00047   0.00000
 0.00069   0.00000
 0.00096   0.00000
 0.00130   0.00000
 0.00169   0.00000
 0.00215   0.00000
 0.00269   0.00000
 0.00330   0.00000
 0.00399   0.00000
 0.00476   0.00000
 0.00562   0.00000
 0.00656   0.00000
 0.00760   0.00000
 0.00874   0.00000
 0.00997   0.00000
 0.01130   0.00000
 0.01274   0.00000
 0.01428   0.00000
 0.01593   0.00000
 0.01769   0.00000
 0.01957   0.00000
 0.02156   0.00000
 0.02368   0.00000
 0.02591   0.00000
 0.02827   0.00001
 0.03076   0.00001
 0.03337   0.00001
 0.03611   0.00001
 0.03899   0.00001
 0.04200   0.00002
 0.04515   0.00002
 0.04845   0.00003
 0.05188   0.00003
 0.05546   0.00004
 0.05918   0.00005
 0.06306   0.00006
 0.06709   0.00007
 0.07127   0.00008
 0.07559   0.00010
 0.08009   0.00012
 0.08475   0.00014
 0.08957   0.00017
 0.09456   0.00020
 0.09972   0.00023
 0.10505   0.00027
 0.11056   0.00031
 0.11633   0.00036
 0.12219   0.00042
 0.12821   0.00049
 0.13444   0.00056
 0.14089   0.00065
 0.14759   0.00074
 0.15441   0.00085
 0.16145   0.00097
 0.16858   0.00110
 0.17602   0.00126
 0.18369   0.00143
 0.19153   0.00162
 0.19949   0.00182
 0.20781   0.00206
 0.21638   0.00232
 0.22524   0.00262
 0.23429   0.00294
 0.24352   0.00330
 0.25294   0.00370
 0.26256   0.00413
 0.27239   0.00460
 0.28246   0.00512
 0.29277   0.00570
 0.30338   0.00633
 0.31432   0.00702
 0.32564   0.00780
 0.33743   0.00865
 0.34979   0.00962
 0.36259   0.01069
 0.37499   0.01179
 0.38798   0.01302
 0.40192   0.01443
 0.41771   0.01614
 0.43229   0.01782
 0.44839   0.01981
 0.46404   0.02186
 0.47937   0.02400
 0.49659   0.02655
 0.51334   0.02918
 0.52995   0.03194
 0.54923   0.03533
 0.56834   0.03889
 0.58787   0.04275
 0.60798   0.04694
 0.62886   0.05154
 0.65094   0.05666
 0.67549   0.06268
 0.69788   0.06846
 0.72221   0.07505
 0.74454   0.08138
 0.76695   0.08800
 0.78894   0.09474
 0.81092   0.10172
 0.83508   0.10967
 0.85876   0.11771
 0.88825   0.12808
 0.91796   0.13888
 0.94722   0.14983
 0.97501   0.16051
 1.00766   0.17334
 1.03709   0.18514
 1.06419   0.19615
 1.09081   0.20709
 1.11865   0.21862
 1.14791   0.23078
 1.17517   0.24213
 1.20095   0.25283
 1.22681   0.26350
 1.24892   0.27255
 1.27103   0.28150
 1.29305   0.29031
 1.31299   0.29818
 1.33270   0.30582
 1.35063   0.31266
 1.36979   0.31982
 1.38807   0.32651
 1.40635   0.33305
 1.42633   0.33999
 1.44739   0.34708
 1.46995   0.35437
 1.48783   0.35993
 1.50572   0.36528
 1.52454   0.37067
 1.54328   0.37577
 1.57059   0.38272
 1.58749   0.38672
 1.60439   0.39048
 1.61887   0.39350
 1.63335   0.39633
 1.64797   0.39900
 1.66724   0.40221
 1.68652   0.40506
 1.70571   0.40753
 1.72418   0.40955
 1.73820   0.41085
 1.75222   0.41194
 1.76789   0.41291
 1.78739   0.41374
 1.80638   0.41415
 1.81877   0.41420
 1.82953   0.41410
 1.84030   0.41386
 1.85293   0.41342
 1.86524   0.41281
 1.87972   0.41187
 1.89727   0.41039
 1.91577   0.40845
 1.93417   0.40611
 1.94841   0.40402
 1.96265   0.40169
 1.97940   0.39864
 2.00379   0.39359
 2.02037   0.38975
 2.03695   0.38559
 2.07080   0.37608
 2.10506   0.36509
 2.12032   0.35976
 2.13406   0.35472
 2.16924   0.34088
 2.20471   0.32554
 2.22009   0.31847
 2.23547   0.31116
 2.27159   0.29304
 2.30785   0.27357
 2.33930   0.25572
 2.36862   0.23830
 2.40477   0.21588
 2.43092   0.19906
 2.45501   0.18315
 2.49023   0.15924
 2.51389   0.14280
 2.53754   0.12608
 2.57146   0.10168
 2.60496   0.07718
 2.63785   0.05284
 2.66886   0.02971
 2.70048   0.00601
 2.73150  -0.01725
 2.76204  -0.04011
 2.79320  -0.06328
 2.82485  -0.08660
 2.85557  -0.10894
 2.88817  -0.13224
 2.91464  -0.15081
 2.94112  -0.16899
 2.97485  -0.19155
 3.00895  -0.21356
 3.04335  -0.23487
 3.07709  -0.25481
 3.09947  -0.26747
 3.12186  -0.27965
 3.14742  -0.29296
 3.18205  -0.30989
 3.20464  -0.32022
 3.22723  -0.32997
 3.24770  -0.33830
 3.28128  -0.35085
 3.30082  -0.35751
 3.32035  -0.36369
 3.34159  -0.36985
 3.37368  -0.37803
 3.40540  -0.38477
 3.42031  -0.38747
 3.43430  -0.38972
 3.46438  -0.39365
 3.49416  -0.39631
 3.50657  -0.39706
 3.51898  -0.39759
 3.53062  -0.39789
 3.55823  -0.39786
 3.58558  -0.39678
 3.60095  -0.39571
 3.60912  -0.39502
 3.61728  -0.39423
 3.62868  -0.39297
 3.65797  -0.38894
 3.68792  -0.38362
 3.70698  -0.37961
 3.72604  -0.37513
 3.74495  -0.37022
 3.77678  -0.36092
 3.80915  -0.35018
 3.84210  -0.33797
 3.87365  -0.32509
 3.90760  -0.31001
 3.94199  -0.29351
 3.97329  -0.27747
 4.00834  -0.25842
 4.04360  -0.23818
 4.07719  -0.21799
 4.10228  -0.20236
 4.12738  -0.18631
 4.15335  -0.16930
 4.18840  -0.14575
 4.22329  -0.12173
 4.25586  -0.09886
 4.29004  -0.07450
 4.32384  -0.05013
 4.35707  -0.02600
 4.38995  -0.00202
 4.42233   0.02159
 4.45448   0.04497
 4.48754   0.06885
 4.52129   0.09299
 4.55334   0.11561
 4.58844   0.13995
 4.62420   0.16421
 4.65698   0.18589
 4.69401   0.20964
 4.73162   0.23286
 4.77087   0.25605
 4.80944   0.27768
 4.84829   0.29824
 4.88673   0.31728
 4.91000   0.32814
 4.93326   0.33849
 4.97173   0.35442
 5.01008   0.36881
 5.04611   0.38092
 5.08350   0.39201
 5.10772   0.39837
 5.13195   0.40409
 5.15803   0.40950
 5.19341   0.41562
 5.22835   0.42026
 5.26414   0.42356
 5.29770   0.42533
 5.32350   0.42582
 5.34823   0.42558
 5.38001   0.42427
 5.39842   0.42299
 5.40862   0.42212
 5.41881   0.42114
 5.43296   0.41959
 5.46715   0.41494
 5.50211   0.40890
 5.52564   0.40411
 5.54822   0.39899
 5.58505   0.38954
 5.60401   0.38416
 5.62298   0.37843
 5.64339   0.37189
 5.68207   0.35847
 5.71047   0.34778
 5.73805   0.33675
 5.77815   0.31963
 5.80725   0.30645
 5.83635   0.29265
 5.87009   0.27593
 5.90283   0.25902
 5.93557   0.24147
 5.96866   0.22315
 6.01040   0.19926
 6.04999   0.17589
 6.09170   0.15062
 6.13331   0.12486
 6.17433   0.09901
 6.21551   0.07271
 6.25322   0.04840
 6.29377   0.02210
 6.33400  -0.00406
 6.37358  -0.02979
 6.41402  -0.05598
 6.45208  -0.08047
 6.49491  -0.10776
 6.53900  -0.13548
 6.58471  -0.16370
 6.63159  -0.19201
 6.67625  -0.21829
 6.71603  -0.24106
 6.75255  -0.26141
 6.80508  -0.28964
 6.85896  -0.31725
 6.90964  -0.34188
 6.96603  -0.36769
 7.00223  -0.38334
 7.03843  -0.39824
 7.07355  -0.41198
 7.10070  -0.42210
 7.12784  -0.43178
 7.15740  -0.44183
 7.19057  -0.45248
 7.21405  -0.45961
 7.23754  -0.46642
 7.29258  -0.48106
 7.33155  -0.49032
 7.37053  -0.49867
 7.40263  -0.50487
 7.43142  -0.50991
 7.45792  -0.51413
 7.49432  -0.51926
 7.53072  -0.52363
 7.58675  -0.52892
 7.63925  -0.53234
 7.69086  -0.53430
 7.70730  -0.53464
 7.72373  -0.53485
 7.74258  -0.53493
 7.79316  -0.53429
 7.82818  -0.53317
 7.85994  -0.53168
 7.88883  -0.52995
 7.90951  -0.52850
 7.93018  -0.52688
 7.96348  -0.52391
 8.01935  -0.51801
 8.07776  -0.51068
 8.10389  -0.50704
 8.13003  -0.50319
 8.15613  -0.49915
 8.18681  -0.49415
 8.20984  -0.49024
 8.23286  -0.48619
 8.28006  -0.47750
 8.30942  -0.47184
 8.33878  -0.46601
 8.38504  -0.45648
 8.43857  -0.44501
 8.49210  -0.43313
 8.53888  -0.42245
 8.58534  -0.41162
 8.63848  -0.39901
 8.69163  -0.38622
 8.74167  -0.37406
 8.78903  -0.36249
 8.83968  -0.35008
 8.89032  -0.33769
 8.94325  -0.32478
 8.99457  -0.31235
 9.04235  -0.30088
 9.08651  -0.29038
 9.14263  -0.27723
 9.19874  -0.26431
 9.25596  -0.25140
 9.30886  -0.23973
 9.38881  -0.22263
 9.45096  -0.20980
 9.50836  -0.19833
 9.59463  -0.18181
 9.67175  -0.16779
 9.70544  -0.16189
 9.73912  -0.15613
 9.78613  -0.14833
 9.87814  -0.13383
 9.96347  -0.12129
 10.00425  -0.11561
 10.04504  -0.11012
 10.10272  -0.10268
 10.17955  -0.09336
 10.26075  -0.08421
 10.32092  -0.07787
 10.37688  -0.07230
 10.44646  -0.06580
 10.51143  -0.06013
 10.57777  -0.05473
 10.64411  -0.04969
 10.70705  -0.04523
 10.77231  -0.04092
 10.83780  -0.03689
 10.89771  -0.03344
 10.96181  -0.02999
 11.01990  -0.02707
 11.07800  -0.02432
 11.14167  -0.02149
 11.20378  -0.01890
 11.26742  -0.01641
 11.33169  -0.01403
 11.39287  -0.01189
 11.45699  -0.00975
 11.52221  -0.00766
 11.58537  -0.00572
 11.65027  -0.00379
 11.71551  -0.00188
 11.78121   0.00002
 11.80131   0.00060
