 0.00018   0.00000
 0.00023   0.00000
 0.00028   0.00000
 0.00034   0.00000
 0.00041   0.00000
 0.00049   0.00000
 0.00059   0.00000
 0.00069   0.00000
 0.00082   0.00000
 0.00096   0.00000
 0.00112   0.00000
 0.00131   0.00000
 0.00151   0.00000
 0.00174   0.00000
 0.00201   0.00000
 0.00230   0.00000
 0.00262   0.00000
 0.00299   0.00000
 0.00339   0.00000
 0.00384   0.00000
 0.00433   0.00000
 0.00487   0.00000
 0.00547   0.00001
 0.00612   0.00001
 0.00684   0.00001
 0.00762   0.00001
 0.00848   0.00001
 0.00941   0.00002
 0.01043   0.00002
 0.01152   0.00003
 0.01272   0.00003
 0.01401   0.00004
 0.01541   0.00005
 0.01692   0.00006
 0.01855   0.00007
 0.02031   0.00008
 0.02216   0.00010
 0.02419   0.00011
 0.02637   0.00014
 0.02871   0.00016
 0.03121   0.00019
 0.03383   0.00022
 0.03669   0.00026
 0.03975   0.00031
 0.04301   0.00036
 0.04652   0.00043
 0.05023   0.00050
 0.05468   0.00059
 0.05891   0.00068
 0.06341   0.00079
 0.06834   0.00092
 0.07344   0.00106
 0.07901   0.00123
 0.08475   0.00141
 0.09098   0.00163
 0.09769   0.00188
 0.10454   0.00215
 0.11204   0.00247
 0.11912   0.00279
 0.12722   0.00318
 0.13594   0.00363
 0.14542   0.00416
 0.15497   0.00472
 0.16482   0.00534
 0.17504   0.00602
 0.18578   0.00678
 0.19734   0.00765
 0.21030   0.00869
 0.22343   0.00981
 0.23556   0.01091
 0.24886   0.01217
 0.26375   0.01367
 0.27760   0.01514
 0.29399   0.01697
 0.30917   0.01877
 0.32875   0.02121
 0.34709   0.02363
 0.36518   0.02615
 0.38293   0.02873
 0.40297   0.03180
 0.42301   0.03501
 0.44432   0.03859
 0.46412   0.04207
 0.48373   0.04566
 0.50541   0.04978
 0.52700   0.05406
 0.54954   0.05869
 0.57487   0.06412
 0.59777   0.06921
 0.61838   0.07394
 0.63898   0.07881
 0.66079   0.08412
 0.67928   0.08874
 0.69777   0.09347
 0.71958   0.09918
 0.73865   0.10429
 0.75773   0.10951
 0.77987   0.11570
 0.80335   0.12242
 0.82538   0.12886
 0.84767   0.13551
 0.86868   0.14188
 0.88968   0.14837
 0.90920   0.15449
 0.92871   0.16071
 0.94834   0.16704
 0.96796   0.17345
 0.99045   0.18090
 1.01709   0.18985
 1.04109   0.19802
 1.05848   0.20401
 1.07588   0.21005
 1.09506   0.21676
 1.11497   0.22379
 1.13530   0.23102
 1.15605   0.23845
 1.17750   0.24619
 1.20041   0.25451
 1.22430   0.26324
 1.24818   0.27201
 1.26788   0.27928
 1.28758   0.28657
 1.30928   0.29462
 1.33395   0.30380
 1.35602   0.31202
 1.37799   0.32021
 1.40131   0.32892
 1.41904   0.33552
 1.43676   0.34213
 1.45631   0.34940
 1.47673   0.35698
 1.49795   0.36484
 1.52061   0.37320
 1.54361   0.38165
 1.56662   0.39006
 1.58922   0.39827
 1.61384   0.40716
 1.63934   0.41628
 1.66061   0.42383
 1.67813   0.43000
 1.69565   0.43613
 1.71399   0.44249
 1.72862   0.44752
 1.74325   0.45252
 1.75837   0.45765
 1.78410   0.46627
 1.80555   0.47336
 1.82620   0.48010
 1.84670   0.48669
 1.86739   0.49326
 1.88868   0.49991
 1.90833   0.50596
 1.92798   0.51191
 1.94904   0.51817
 1.96727   0.52350
 1.98550   0.52874
 2.00380   0.53391
 2.02130   0.53877
 2.03729   0.54313
 2.06570   0.55070
 2.09410   0.55802
 2.10607   0.56103
 2.11651   0.56362
 2.12694   0.56618
 2.20327   0.58380
 2.21751   0.58688
 2.23050   0.58963
 2.30774   0.60476
 2.31863   0.60673
 2.32847   0.60847
 2.40563   0.62091
 2.41723   0.62259
 2.42864   0.62420
 2.50478   0.63371
 2.51708   0.63504
 2.52938   0.63632
 2.60376   0.64285
 2.60994   0.64330
 2.61613   0.64374
 2.62854   0.64457
 2.70078   0.64830
 2.70700   0.64853
 2.71322   0.64874
 2.72024   0.64897
 2.79016   0.65026
 2.80177   0.65030
 2.80910   0.65031
 2.81642   0.65029
 2.82431   0.65025
 2.89230   0.64902
 2.90599   0.64858
 2.91607   0.64821
 2.92615   0.64781
 2.99600   0.64411
 3.00821   0.64330
 3.02043   0.64244
 3.03166   0.64161
 3.10308   0.63540
 3.11779   0.63393
 3.13138   0.63252
 3.20396   0.62406
 3.22016   0.62197
 3.23489   0.62001
 3.30856   0.60936
 3.33465   0.60527
 3.35833   0.60141
 3.38633   0.59668
 3.40421   0.59357
 3.41864   0.59101
 3.43307   0.58840
 3.50854   0.57409
 3.54256   0.56728
 3.57332   0.56096
 3.59123   0.55720
 3.60914   0.55339
 3.66427   0.54136
 3.68500   0.53672
 3.70573   0.53203
 3.71978   0.52882
 3.73274   0.52583
 3.77394   0.51622
 3.79318   0.51167
 3.80541   0.50875
 3.81764   0.50583
 3.83230   0.50230
 3.87158   0.49275
 3.89654   0.48662
 3.91035   0.48321
 3.92330   0.48000
 4.00323   0.45998
 4.02337   0.45488
 4.04166   0.45025
 4.08328   0.43965
 4.10730   0.43352
 4.13131   0.42738
 4.15488   0.42135
 4.19087   0.41213
 4.20800   0.40774
 4.22513   0.40336
 4.24464   0.39837
 4.27876   0.38966
 4.29781   0.38480
 4.31044   0.38159
 4.32297   0.37841
 4.40653   0.35732
 4.44415   0.34793
 4.47822   0.33948
 4.50915   0.33187
 4.54007   0.32433
 4.57936   0.31483
 4.60513   0.30866
 4.63091   0.30254
 4.65543   0.29676
 4.69865   0.28671
 4.73051   0.27940
 4.75969   0.27279
 4.80773   0.26207
 4.85577   0.25158
 4.90446   0.24118
 4.94102   0.23353
 4.97456   0.22664
 4.99758   0.22199
 5.02060   0.21739
 5.04349   0.21287
 5.09070   0.20374
 5.13791   0.19485
 5.19059   0.18524
 5.23416   0.17753
 5.27773   0.17004
 5.30745   0.16505
 5.33717   0.16017
 5.37325   0.15437
 5.40113   0.15000
 5.42901   0.14571
 5.45744   0.14143
 5.51014   0.13374
 5.56285   0.12636
 5.59779   0.12163
 5.63274   0.11704
 5.66923   0.11238
 5.70789   0.10760
 5.74655   0.10298
 5.79818   0.09705
 5.87512   0.08870
 5.90369   0.08575
 5.93225   0.08288
 5.96565   0.07962
 5.99969   0.07640
 6.03374   0.07329
 6.06966   0.07011
 6.10805   0.06684
 6.14644   0.06370
 6.20653   0.05902
 6.27593   0.05397
 6.31186   0.05150
 6.34563   0.04926
 6.39842   0.04592
 6.45120   0.04278
 6.51008   0.03948
 6.57862   0.03591
 6.64487   0.03273
 6.70593   0.03000
 6.77175   0.02727
 6.81663   0.02554
 6.86150   0.02389
 6.91401   0.02208
 6.96233   0.02052
 7.01052   0.01905
 7.05870   0.01766
 7.11278   0.01621
 7.16686   0.01485
 7.22514   0.01348
 7.27888   0.01231
 7.34534   0.01097
 7.41032   0.00976
 7.47833   0.00860
 7.54566   0.00754
 7.61231   0.00657
 7.68619   0.00557
 7.75509   0.00471
 7.82625   0.00389
 7.89250   0.00317
 7.96389   0.00243
 8.03691   0.00171
 8.10876   0.00103
 8.18278   0.00034
 8.20972   0.00009
