 0.05068   0.00019   0.00028
 0.05119   0.00020   0.00029
 0.05169   0.00021   0.00030
 0.05220   0.00022   0.00031
 0.05271   0.00023   0.00032
 0.05322   0.00024   0.00033
 0.05374   0.00025   0.00034
 0.05426   0.00026   0.00035
 0.05478   0.00027   0.00036
 0.05531   0.00027   0.00037
 0.05584   0.00028   0.00038
 0.05637   0.00029   0.00039
 0.05691   0.00030   0.00040
 0.05745   0.00031   0.00041
 0.05800   0.00032   0.00042
 0.05854   0.00033   0.00044
 0.05909   0.00034   0.00045
 0.05965   0.00035   0.00046
 0.06020   0.00036   0.00047
 0.06072   0.00037   0.00048
 0.06128   0.00038   0.00050
 0.06185   0.00040   0.00051
 0.06242   0.00041   0.00052
 0.06299   0.00042   0.00053
 0.06357   0.00043   0.00055
 0.06415   0.00044   0.00056
 0.06473   0.00045   0.00057
 0.06532   0.00046   0.00059
 0.06591   0.00047   0.00060
 0.06650   0.00049   0.00061
 0.06710   0.00050   0.00063
 0.06770   0.00051   0.00064
 0.06830   0.00052   0.00066
 0.06891   0.00053   0.00067
 0.06952   0.00055   0.00069
 0.07006   0.00056   0.00070
 0.07060   0.00057   0.00071
 0.07122   0.00058   0.00073
 0.07184   0.00059   0.00074
 0.07247   0.00061   0.00076
 0.07310   0.00062   0.00078
 0.07373   0.00063   0.00079
 0.07437   0.00065   0.00081
 0.07502   0.00066   0.00083
 0.07566   0.00068   0.00084
 0.07631   0.00069   0.00086
 0.07697   0.00071   0.00088
 0.07762   0.00072   0.00090
 0.07828   0.00073   0.00091
 0.07895   0.00075   0.00093
 0.07962   0.00076   0.00095
 0.08029   0.00078   0.00097
 0.08092   0.00079   0.00099
 0.08160   0.00081   0.00100
 0.08228   0.00083   0.00102
 0.08297   0.00084   0.00104
 0.08367   0.00086   0.00106
 0.08436   0.00087   0.00108
 0.08506   0.00089   0.00110
 0.08577   0.00091   0.00112
 0.08648   0.00093   0.00115
 0.08719   0.00094   0.00117
 0.08791   0.00096   0.00119
 0.08863   0.00098   0.00121
 0.08936   0.00100   0.00123
 0.09009   0.00101   0.00125
 0.09088   0.00103   0.00128
 0.09162   0.00105   0.00130
 0.09236   0.00107   0.00133
 0.09311   0.00109   0.00135
 0.09386   0.00111   0.00137
 0.09462   0.00113   0.00140
 0.09539   0.00115   0.00142
 0.09615   0.00117   0.00145
 0.09693   0.00119   0.00147
 0.09770   0.00121   0.00150
 0.09849   0.00123   0.00152
 0.09927   0.00126   0.00155
 0.10006   0.00128   0.00158
 0.10091   0.00130   0.00161
 0.10171   0.00132   0.00163
 0.10252   0.00135   0.00166
 0.10333   0.00137   0.00169
 0.10415   0.00139   0.00172
 0.10497   0.00142   0.00175
 0.10580   0.00144   0.00178
 0.10663   0.00146   0.00181
 0.10747   0.00149   0.00184
 0.10832   0.00151   0.00187
 0.10917   0.00154   0.00190
 0.11002   0.00156   0.00193
 0.11089   0.00159   0.00196
 0.11175   0.00162   0.00200
 0.11262   0.00164   0.00203
 0.11350   0.00167   0.00206
 0.11438   0.00170   0.00210
 0.11527   0.00173   0.00213
 0.11616   0.00175   0.00216
 0.11706   0.00178   0.00220
 0.11797   0.00181   0.00224
 0.11888   0.00184   0.00227
 0.11980   0.00187   0.00231
 0.12072   0.00190   0.00235
 0.12174   0.00193   0.00239
 0.12268   0.00197   0.00243
 0.12362   0.00200   0.00246
 0.12457   0.00203   0.00250
 0.12553   0.00206   0.00254
 0.12649   0.00209   0.00258
 0.12745   0.00213   0.00263
 0.12843   0.00216   0.00267
 0.12941   0.00219   0.00271
 0.13029   0.00223   0.00275
 0.13112   0.00225   0.00278
 0.13211   0.00229   0.00283
 0.13312   0.00233   0.00287
 0.13413   0.00236   0.00292
 0.13515   0.00240   0.00296
 0.13618   0.00244   0.00301
 0.13721   0.00247   0.00306
 0.13825   0.00251   0.00311
 0.13929   0.00255   0.00315
 0.14020   0.00259   0.00320
 0.14102   0.00262   0.00323
 0.14209   0.00266   0.00328
 0.14316   0.00270   0.00334
 0.14424   0.00274   0.00339
 0.14532   0.00278   0.00344
 0.14642   0.00282   0.00349
 0.14752   0.00287   0.00355
 0.14863   0.00291   0.00360
 0.14975   0.00296   0.00366
 0.15087   0.00300   0.00371
 0.15201   0.00305   0.00377
 0.15315   0.00309   0.00383
 0.15430   0.00314   0.00389
 0.15546   0.00319   0.00395
 0.15662   0.00324   0.00401
 0.15779   0.00329   0.00407
 0.15897   0.00334   0.00413
 0.16016   0.00339   0.00419
 0.16138   0.00344   0.00426
 0.16258   0.00349   0.00432
 0.16380   0.00354   0.00439
 0.16502   0.00360   0.00446
 0.16625   0.00365   0.00452
 0.16749   0.00370   0.00459
 0.16873   0.00376   0.00466
 0.16999   0.00382   0.00473
 0.17125   0.00387   0.00480
 0.17253   0.00393   0.00488
 0.17381   0.00399   0.00495
 0.17510   0.00405   0.00503
 0.17640   0.00411   0.00510
 0.17771   0.00417   0.00518
 0.17903   0.00423   0.00526
 0.18000   0.00428   0.00531
 0.18098   0.00432   0.00537
 0.18231   0.00439   0.00545
 0.18366   0.00445   0.00553
 0.18502   0.00452   0.00562
 0.18639   0.00459   0.00570
 0.18777   0.00465   0.00579
 0.18916   0.00472   0.00587
 0.19038   0.00478   0.00595
 0.19149   0.00484   0.00602
 0.19291   0.00491   0.00611
 0.19433   0.00498   0.00620
 0.19577   0.00506   0.00629
 0.19721   0.00513   0.00639
 0.19866   0.00520   0.00648
 0.19996   0.00527   0.00657
 0.20125   0.00534   0.00665
 0.20277   0.00542   0.00676
 0.20426   0.00550   0.00686
 0.20577   0.00558   0.00696
 0.20728   0.00566   0.00706
 0.20881   0.00574   0.00717
 0.21003   0.00581   0.00725
 0.21126   0.00588   0.00734
 0.21282   0.00596   0.00745
 0.21438   0.00605   0.00756
 0.21596   0.00614   0.00767
 0.21754   0.00623   0.00778
 0.21914   0.00632   0.00790
 0.22075   0.00641   0.00801
 0.22220   0.00649   0.00812
 0.22383   0.00658   0.00824
 0.22547   0.00668   0.00836
 0.22712   0.00677   0.00848
 0.22879   0.00687   0.00861
 0.22995   0.00694   0.00870
 0.23110   0.00701   0.00878
 0.23295   0.00712   0.00892
 0.23466   0.00722   0.00906
 0.23638   0.00733   0.00919
 0.23811   0.00743   0.00932
 0.23985   0.00754   0.00946
 0.24160   0.00764   0.00960
 0.24346   0.00776   0.00975
 0.24524   0.00787   0.00989
 0.24704   0.00798   0.01004
 0.24884   0.00810   0.01018
 0.25017   0.00818   0.01029
 0.25145   0.00826   0.01040
 0.25328   0.00838   0.01055
 0.25513   0.00850   0.01070
 0.25700   0.00862   0.01086
 0.25887   0.00874   0.01102
 0.26031   0.00884   0.01114
 0.26161   0.00892   0.01125
 0.26352   0.00905   0.01142
 0.26544   0.00918   0.01158
 0.26738   0.00931   0.01175
 0.26933   0.00944   0.01192
 0.27129   0.00957   0.01210
 0.27329   0.00971   0.01228
 0.27528   0.00984   0.01246
 0.27729   0.00998   0.01264
 0.27931   0.01012   0.01282
 0.28135   0.01027   0.01301
 0.28342   0.01041   0.01320
 0.28548   0.01056   0.01339
 0.28756   0.01070   0.01359
 0.28966   0.01085   0.01378
 0.29177   0.01101   0.01398
 0.29391   0.01116   0.01419
 0.29605   0.01132   0.01439
 0.29821   0.01148   0.01460
 0.29986   0.01160   0.01476
 0.30151   0.01172   0.01493
 0.30372   0.01188   0.01514
 0.30593   0.01205   0.01536
 0.30816   0.01222   0.01559
 0.31006   0.01236   0.01578
 0.31197   0.01250   0.01597
 0.31424   0.01268   0.01620
 0.31653   0.01285   0.01644
 0.31883   0.01303   0.01668
 0.32115   0.01321   0.01692
 0.32326   0.01338   0.01714
 0.32562   0.01356   0.01739
 0.32799   0.01375   0.01764
 0.33038   0.01394   0.01789
 0.33281   0.01413   0.01815
 0.33523   0.01432   0.01842
 0.33768   0.01452   0.01868
 0.33983   0.01469   0.01892
 0.34199   0.01487   0.01916
 0.34474   0.01509   0.01946
 0.34726   0.01530   0.01975
 0.34979   0.01551   0.02003
 0.35234   0.01572   0.02032
 0.35509   0.01595   0.02064
 0.35768   0.01617   0.02093
 0.35957   0.01633   0.02115
 0.36146   0.01649   0.02137
 0.36388   0.01669   0.02166
 0.36654   0.01692   0.02197
 0.36921   0.01715   0.02229
 0.37191   0.01738   0.02261
 0.37465   0.01762   0.02294
 0.37738   0.01785   0.02327
 0.37977   0.01806   0.02356
 0.38216   0.01827   0.02385
 0.38498   0.01852   0.02420
 0.38779   0.01877   0.02455
 0.38987   0.01895   0.02481
 0.39196   0.01914   0.02507
 0.39485   0.01940   0.02543
 0.39774   0.01966   0.02580
 0.39987   0.01985   0.02607
 0.40200   0.02004   0.02635
 0.40497   0.02031   0.02673
 0.40794   0.02058   0.02711
 0.40974   0.02075   0.02735
 0.41154   0.02091   0.02758
 0.41409   0.02115   0.02792
 0.41713   0.02143   0.02832
 0.41957   0.02165   0.02865
 0.42201   0.02188   0.02898
 0.42520   0.02218   0.02941
 0.42832   0.02247   0.02983
 0.43027   0.02265   0.03010
 0.43211   0.02283   0.03035
 0.43527   0.02313   0.03078
 0.43847   0.02343   0.03123
 0.44169   0.02374   0.03168
 0.44463   0.02402   0.03209
 0.44790   0.02433   0.03255
 0.45045   0.02457   0.03291
 0.45296   0.02482   0.03327
 0.45629   0.02514   0.03375
 0.45965   0.02546   0.03424
 0.46304   0.02579   0.03473
 0.46648   0.02613   0.03523
 0.46992   0.02647   0.03574
 0.47339   0.02681   0.03625
 0.47697   0.02716   0.03679
 0.47977   0.02743   0.03721
 0.48256   0.02771   0.03763
 0.48616   0.02807   0.03818
 0.48976   0.02843   0.03873
 0.49338   0.02879   0.03928
 0.49738   0.02919   0.03990
 0.50003   0.02945   0.04031
 0.50268   0.02972   0.04073
 0.50641   0.03009   0.04131
 0.50943   0.03040   0.04179
 0.51244   0.03070   0.04227
 0.51594   0.03105   0.04283
 0.51978   0.03144   0.04344
 0.52364   0.03183   0.04407
 0.52788   0.03226   0.04476
 0.53047   0.03253   0.04518
 0.53292   0.03278   0.04558
 0.53689   0.03318   0.04624
 0.53962   0.03346   0.04669
 0.54235   0.03374   0.04714
 0.54580   0.03409   0.04772
 0.54988   0.03451   0.04841
 0.55399   0.03493   0.04910
 0.55833   0.03537   0.04984
 0.56251   0.03580   0.05056
 0.56714   0.03628   0.05136
 0.56960   0.03653   0.05178
 0.57206   0.03678   0.05221
 0.57509   0.03709   0.05274
 0.57941   0.03753   0.05350
 0.58377   0.03798   0.05427
 0.58821   0.03844   0.05505
 0.59265   0.03889   0.05585
 0.59754   0.03939   0.05673
 0.59960   0.03960   0.05710
 0.60166   0.03981   0.05747
 0.60426   0.04008   0.05794
 0.60882   0.04054   0.05877
 0.61343   0.04101   0.05962
 0.61782   0.04146   0.06043
 0.61977   0.04166   0.06079
 0.62171   0.04186   0.06115
 0.62449   0.04214   0.06166
 0.62923   0.04262   0.06255
 0.63401   0.04310   0.06345
 0.63928   0.04364   0.06444
 0.64416   0.04413   0.06537
 0.64967   0.04468   0.06642
 0.65463   0.04518   0.06738
 0.65807   0.04552   0.06804
 0.66151   0.04586   0.06871
 0.66460   0.04617   0.06931
 0.66970   0.04667   0.07030
 0.67484   0.04718   0.07131
 0.67904   0.04759   0.07214
 0.68324   0.04800   0.07297
 0.68727   0.04839   0.07377
 0.68982   0.04864   0.07428
 0.69236   0.04889   0.07479
 0.69606   0.04924   0.07553
 0.69952   0.04958   0.07623
 0.70298   0.04991   0.07693
 0.70691   0.05028   0.07773
 0.70979   0.05055   0.07831
 0.71266   0.05083   0.07890
 0.71667   0.05120   0.07972
 0.71998   0.05151   0.08039
 0.72328   0.05182   0.08107
 0.72943   0.05239   0.08234
 0.73513   0.05291   0.08353
 0.73917   0.05328   0.08437
 0.74321   0.05365   0.08521
 0.74719   0.05401   0.08605
 0.74997   0.05425   0.08663
 0.75276   0.05450   0.08722
 0.75875   0.05503   0.08849
 0.76249   0.05536   0.08928
 0.76623   0.05568   0.09008
 0.76911   0.05593   0.09069
 0.77199   0.05618   0.09131
 0.77500   0.05644   0.09195
 0.77907   0.05678   0.09283
 0.78314   0.05712   0.09371
 0.78704   0.05745   0.09455
 0.78994   0.05769   0.09518
 0.79284   0.05793   0.09581
 0.79835   0.05837   0.09700
 0.80283   0.05873   0.09798
 0.80730   0.05909   0.09896
 0.81376   0.05959   0.10038
 0.81763   0.05989   0.10123
 0.81973   0.06005   0.10170
 0.82183   0.06021   0.10216
 0.82475   0.06043   0.10281
 0.82862   0.06072   0.10367
 0.83250   0.06101   0.10453
 0.83656   0.06131   0.10543
 0.84010   0.06156   0.10622
 0.84331   0.06179   0.10694
 0.84848   0.06216   0.10810
 0.85280   0.06245   0.10907
 0.85709   0.06275   0.11003
 0.86408   0.06321   0.11161
 0.86821   0.06348   0.11255
 0.87235   0.06375   0.11349
 0.87801   0.06411   0.11477
 0.88349   0.06444   0.11602
 0.88874   0.06476   0.11722
 0.89277   0.06500   0.11814
 0.89653   0.06521   0.11900
 0.89976   0.06540   0.11975
 0.90299   0.06558   0.12049
 0.90724   0.06581   0.12147
 0.91399   0.06617   0.12302
 0.91760   0.06636   0.12385
 0.91973   0.06646   0.12435
 0.92187   0.06657   0.12484
 0.92483   0.06672   0.12553
 0.92947   0.06694   0.12660
 0.93411   0.06716   0.12768
 0.93901   0.06738   0.12882
 0.94694   0.06772   0.13067
 0.95408   0.06801   0.13233
 0.95827   0.06818   0.13331
 0.96246   0.06833   0.13429
 0.96906   0.06857   0.13583
 0.97736   0.06885   0.13778
 0.98352   0.06904   0.13922
 0.98967   0.06921   0.14067
 0.99824   0.06943   0.14269
 1.00312   0.06955   0.14384
 1.00789   0.06965   0.14496
 1.01308   0.06976   0.14618
 1.01828   0.06985   0.14741
 1.02284   0.06992   0.14848
 1.02740   0.06999   0.14956
 1.03360   0.07007   0.15102
 1.03981   0.07013   0.15249
 1.04907   0.07019   0.15467
 1.05460   0.07022   0.15598
 1.05962   0.07023   0.15717
 1.06918   0.07022   0.15942
 1.07485   0.07019   0.16076
 1.07920   0.07017   0.16179
 1.08356   0.07013   0.16281
 1.08782   0.07009   0.16382
 1.09309   0.07003   0.16506
 1.09835   0.06995   0.16630
 1.10299   0.06988   0.16739
 1.10752   0.06979   0.16845
 1.11338   0.06967   0.16983
 1.11924   0.06954   0.17120
 1.12975   0.06926   0.17367
 1.13929   0.06896   0.17590
 1.14718   0.06869   0.17774
 1.15436   0.06841   0.17941
 1.15850   0.06824   0.18037
 1.16265   0.06806   0.18133
 1.16696   0.06787   0.18233
 1.17415   0.06753   0.18400
 1.17879   0.06729   0.18507
 1.18292   0.06708   0.18602
 1.18667   0.06687   0.18688
 1.19392   0.06646   0.18855
 1.19778   0.06623   0.18944
 1.19988   0.06610   0.18992
 1.20197   0.06597   0.19039
 1.20542   0.06575   0.19118
 1.20950   0.06549   0.19211
 1.21357   0.06521   0.19304
 1.21800   0.06491   0.19405
 1.22299   0.06455   0.19518
 1.22798   0.06418   0.19631
 1.23305   0.06379   0.19745
 1.23811   0.06339   0.19859
 1.24296   0.06300   0.19968
 1.24781   0.06259   0.20077
 1.25347   0.06210   0.20203
 1.25914   0.06159   0.20329
 1.26475   0.06107   0.20454
 1.26991   0.06058   0.20568
 1.27635   0.05995   0.20710
 1.27964   0.05962   0.20782
 1.28294   0.05929   0.20855
 1.28694   0.05887   0.20942
 1.28975   0.05857   0.21003
 1.29255   0.05827   0.21064
 1.29632   0.05786   0.21146
 1.29953   0.05751   0.21216
 1.30275   0.05715   0.21285
 1.30647   0.05672   0.21366
 1.31069   0.05623   0.21457
 1.31491   0.05573   0.21547
 1.31958   0.05517   0.21647
 1.32424   0.05460   0.21746
 1.32936   0.05395   0.21855
 1.33675   0.05300   0.22010
 1.33955   0.05263   0.22069
 1.34234   0.05226   0.22128
 1.34569   0.05181   0.22198
 1.34914   0.05134   0.22270
 1.35259   0.05086   0.22341
 1.35608   0.05037   0.22413
 1.36528   0.04905   0.22603
 1.36933   0.04845   0.22686
 1.37337   0.04785   0.22768
 1.37753   0.04722   0.22853
 1.38319   0.04635   0.22967
 1.38885   0.04546   0.23081
 1.39322   0.04476   0.23168
 1.39720   0.04412   0.23247
 1.40334   0.04311   0.23369
 1.40945   0.04208   0.23489
 1.41861   0.04051   0.23667
 1.42302   0.03973   0.23752
 1.42702   0.03902   0.23829
 1.43350   0.03785   0.23953
 1.43969   0.03671   0.24071
 1.44894   0.03497   0.24245
 1.45366   0.03407   0.24332
 1.45796   0.03323   0.24412
 1.46304   0.03223   0.24505
 1.46812   0.03122   0.24598
 1.47292   0.03025   0.24685
 1.47771   0.02926   0.24772
 1.48344   0.02807   0.24874
 1.48917   0.02687   0.24976
 1.49487   0.02565   0.25076
 1.49921   0.02471   0.25152
 1.50356   0.02376   0.25227
 1.50782   0.02282   0.25301
 1.51348   0.02155   0.25398
 1.51914   0.02027   0.25494
 1.52468   0.01900   0.25586
 1.52977   0.01781   0.25671
 1.53821   0.01582   0.25810
 1.54299   0.01468   0.25888
 1.54776   0.01352   0.25964
 1.55327   0.01217   0.26052
 1.55877   0.01081   0.26139
 1.56280   0.00980   0.26202
 1.56651   0.00887   0.26260
 1.57000   0.00798   0.26314
 1.57348   0.00709   0.26367
 1.57747   0.00607   0.26428
 1.58008   0.00539   0.26468
 1.58270   0.00470   0.26507
 1.59974   0.00017   0.26758
 1.60720  -0.00186   0.26865
 1.61365  -0.00364   0.26956
 1.61878  -0.00506   0.27028
 1.62274  -0.00618   0.27082
 1.62642  -0.00722   0.27133
 1.62963  -0.00813   0.27176
 1.63285  -0.00905   0.27219
 1.63673  -0.01017   0.27271
 1.64407  -0.01231   0.27368
 1.64852  -0.01361   0.27425
 1.65296  -0.01493   0.27482
 1.65711  -0.01616   0.27535
 1.66450  -0.01839   0.27627
 1.66857  -0.01962   0.27677
 1.67264  -0.02087   0.27726
 1.67675  -0.02213   0.27776
 1.68406  -0.02440   0.27862
 1.68864  -0.02583   0.27915
 1.69260  -0.02708   0.27960
 1.69655  -0.02834   0.28005
 1.69982  -0.02938   0.28041
 1.70309  -0.03043   0.28077
 1.70762  -0.03189   0.28127
 1.71309  -0.03366   0.28186
 1.71856  -0.03545   0.28243
 1.72262  -0.03679   0.28285
 1.72667  -0.03814   0.28327
 1.73395  -0.04057   0.28400
 1.73763  -0.04180   0.28436
 1.74012  -0.04265   0.28460
 1.74245  -0.04343   0.28482
 1.74875  -0.04558   0.28542
 1.75266  -0.04692   0.28578
 1.75637  -0.04820   0.28612
 1.75992  -0.04943   0.28644
 1.76348  -0.05067   0.28675
 1.76916  -0.05266   0.28725
 1.77501  -0.05472   0.28774
 1.77857  -0.05599   0.28804
 1.78213  -0.05725   0.28833
 1.78697  -0.05899   0.28871
 1.79431  -0.06163   0.28928
 1.79851  -0.06316   0.28960
 1.80272  -0.06470   0.28991
 1.80690  -0.06623   0.29021
 1.81422  -0.06893   0.29072
 1.81839  -0.07048   0.29100
 1.82255  -0.07203   0.29128
 1.82731  -0.07382   0.29159
 1.83336  -0.07609   0.29196
 1.83940  -0.07839   0.29232
 1.84730  -0.08141   0.29277
 1.85356  -0.08382   0.29311
 1.85982  -0.08624   0.29344
 1.86786  -0.08938   0.29383
 1.87345  -0.09157   0.29409
 1.87898  -0.09376   0.29433
 1.88320  -0.09543   0.29451
 1.88707  -0.09697   0.29467
 1.89442  -0.09991   0.29495
 1.89854  -0.10156   0.29510
 1.90266  -0.10323   0.29524
 1.90678  -0.10490   0.29537
 1.91406  -0.10786   0.29559
 1.91869  -0.10975   0.29572
 1.92265  -0.11138   0.29582
 1.92642  -0.11293   0.29591
 1.92909  -0.11403   0.29598
 1.93175  -0.11513   0.29604
 1.93481  -0.11640   0.29610
 1.93836  -0.11787   0.29617
 1.94191  -0.11935   0.29623
 1.94606  -0.12109   0.29630
 1.95513  -0.12490   0.29643
 1.95987  -0.12690   0.29648
 1.96461  -0.12891   0.29652
 1.96915  -0.13084   0.29655
 1.97368  -0.13277   0.29658
 1.97790  -0.13457   0.29659
 1.98315  -0.13683   0.29660
 1.98840  -0.13909   0.29660
 1.99279  -0.14098   0.29658
 1.99717  -0.14288   0.29656
 1.99979  -0.14402   0.29655
 2.00241  -0.14516   0.29653
 2.00598  -0.14671   0.29650
 2.00897  -0.14802   0.29647
 2.01129  -0.14904   0.29645
 2.01361  -0.15005   0.29642
 2.03072  -0.15759   0.29615
 2.04789  -0.16522   0.29576
 2.06505  -0.17292   0.29525
 2.08218  -0.18067   0.29461
 2.09930  -0.18847   0.29386
 2.10406  -0.19065   0.29363
 2.10883  -0.19284   0.29339
 2.10985  -0.19331   0.29334
 2.11088  -0.19378   0.29328
 2.11201  -0.19430   0.29322
 2.12331  -0.19950   0.29260
 2.14038  -0.20741   0.29156
 2.15744  -0.21535   0.29041
 2.17445  -0.22331   0.28914
 2.19142  -0.23128   0.28776
 2.20834  -0.23926   0.28626
 2.20942  -0.23976   0.28617
 2.21049  -0.24027   0.28607
 2.21148  -0.24074   0.28598
 2.22133  -0.24540   0.28504
 2.23815  -0.25337   0.28336
 2.25495  -0.26135   0.28157
 2.27167  -0.26930   0.27969
 2.28832  -0.27723   0.27770
 2.30489  -0.28512   0.27562
 2.30993  -0.28752   0.27497
 2.31497  -0.28992   0.27431
 2.31951  -0.29208   0.27371
 2.33586  -0.29986   0.27147
 2.35221  -0.30763   0.26913
 2.36845  -0.31534   0.26672
 2.38459  -0.32299   0.26423
 2.40061  -0.33056   0.26168
 2.40503  -0.33264   0.26096
 2.40945  -0.33472   0.26023
 2.41076  -0.33534   0.26001
 2.41208  -0.33596   0.25979
 2.42520  -0.34212   0.25758
 2.44092  -0.34948   0.25486
 2.45654  -0.35676   0.25208
 2.47201  -0.36395   0.24925
 2.48735  -0.37102   0.24637
 2.50254  -0.37799   0.24346
 2.50733  -0.38019   0.24252
 2.50948  -0.38117   0.24210
 2.51073  -0.38174   0.24185
 2.51198  -0.38231   0.24161
 2.52450  -0.38800   0.23912
 2.53929  -0.39468   0.23612
 2.55394  -0.40126   0.23309
 2.56841  -0.40771   0.23004
 2.58270  -0.41403   0.22698
 2.59679  -0.42021   0.22390
 2.60007  -0.42164   0.22318
 2.60336  -0.42307   0.22246
 2.60766  -0.42494   0.22150
 2.60956  -0.42577   0.22108
 2.61057  -0.42620   0.22085
 2.61158  -0.42664   0.22063
 2.62166  -0.43099   0.21837
 2.63513  -0.43676   0.21531
 2.64842  -0.44240   0.21225
 2.66148  -0.44789   0.20921
 2.67428  -0.45323   0.20619
 2.68680  -0.45839   0.20321
 2.69904  -0.46339   0.20027
 2.70142  -0.46436   0.19969
 2.70380  -0.46533   0.19912
 2.70676  -0.46652   0.19840
 2.70972  -0.46771   0.19768
 2.71036  -0.46797   0.19752
 2.71100  -0.46823   0.19737
 2.71742  -0.47081   0.19580
 2.72861  -0.47527   0.19305
 2.73958  -0.47959   0.19033
 2.75009  -0.48370   0.18771
 2.76007  -0.48756   0.18520
 2.76940  -0.49113   0.18285
 2.77653  -0.49384   0.18104
 2.78366  -0.49654   0.17922
 2.79098  -0.49928   0.17735
 2.79934  -0.50238   0.17520
 2.80847  -0.50574   0.17285
 2.80954  -0.50614   0.17257
 2.81062  -0.50653   0.17230
 2.81193  -0.50701   0.17196
 2.82189  -0.51062   0.16937
 2.83235  -0.51437   0.16665
 2.84325  -0.51823   0.16380
 2.85454  -0.52218   0.16084
 2.86619  -0.52620   0.15777
 2.87817  -0.53026   0.15460
 2.89045  -0.53437   0.15133
 2.90302  -0.53850   0.14799
 2.90668  -0.53969   0.14701
 2.90796  -0.54011   0.14667
 2.90923  -0.54052   0.14633
 2.90980  -0.54070   0.14618
 2.91036  -0.54088   0.14603
 2.91100  -0.54109   0.14586
 2.91744  -0.54316   0.14414
 2.93058  -0.54731   0.14062
 2.94395  -0.55146   0.13703
 2.95755  -0.55560   0.13337
 2.97137  -0.55971   0.12965
 2.98541  -0.56379   0.12587
 2.99964  -0.56784   0.12203
 3.00326  -0.56885   0.12106
 3.00688  -0.56986   0.12009
 3.00877  -0.57038   0.11958
 3.00989  -0.57069   0.11927
 3.01101  -0.57100   0.11897
 3.01216  -0.57132   0.11866
 3.02371  -0.57445   0.11555
 3.03847  -0.57837   0.11158
 3.05340  -0.58222   0.10757
 3.06852  -0.58600   0.10351
 3.08380  -0.58971   0.09942
 3.09925  -0.59333   0.09530
 3.10323  -0.59425   0.09424
 3.10722  -0.59516   0.09318
 3.10964  -0.59571   0.09254
 3.11074  -0.59595   0.09225
 3.11172  -0.59617   0.09199
 3.12155  -0.59835   0.08938
 3.13740  -0.60176   0.08519
 3.15338  -0.60507   0.08100
 3.16950  -0.60827   0.07678
 3.18576  -0.61136   0.07256
 3.20215  -0.61433   0.06834
 3.20764  -0.61529   0.06693
 3.20951  -0.61562   0.06645
 3.21079  -0.61584   0.06612
 3.21203  -0.61605   0.06581
 3.22441  -0.61814   0.06265
 3.24107  -0.62082   0.05844
 3.25782  -0.62337   0.05425
 3.27465  -0.62578   0.05008
 3.29154  -0.62804   0.04593
 3.30846  -0.63016   0.04183
 3.30939  -0.63027   0.04161
 3.30988  -0.63033   0.04149
 3.31036  -0.63039   0.04138
 3.31086  -0.63045   0.04126
 3.31584  -0.63104   0.04006
 3.33267  -0.63293   0.03606
 3.34949  -0.63466   0.03211
 3.36611  -0.63624   0.02826
 3.38233  -0.63763   0.02456
 3.39569  -0.63868   0.02155
 3.40906  -0.63963   0.01859
 3.40965  -0.63967   0.01845
 3.40989  -0.63968   0.01840
 3.41012  -0.63970   0.01835
 3.41038  -0.63971   0.01829
 3.41297  -0.63989   0.01773
 3.42819  -0.64083   0.01441
 3.44467  -0.64171   0.01087
 3.46186  -0.64248   0.00726
 3.47938  -0.64310   0.00365
 3.49704  -0.64358   0.00009
 3.50089  -0.64366  -0.00068
 3.50474  -0.64374  -0.00144
 3.50943  -0.64382  -0.00236
 3.51074  -0.64384  -0.00262
 3.51205  -0.64386  -0.00288
 3.52517  -0.64401  -0.00542
 3.54286  -0.64408  -0.00877
 3.56051  -0.64399  -0.01204
 3.57811  -0.64376  -0.01520
 3.59563  -0.64337  -0.01827
 3.60095  -0.64323  -0.01918
 3.60627  -0.64307  -0.02009
 3.60856  -0.64299  -0.02047
 3.60995  -0.64295  -0.02071
 3.61133  -0.64290  -0.02094
 3.61305  -0.64284  -0.02123
 3.63018  -0.64218  -0.02405
 3.64742  -0.64138  -0.02680
 3.66456  -0.64044  -0.02945
 3.68158  -0.63938  -0.03199
 3.69850  -0.63819  -0.03443
 3.70327  -0.63784  -0.03510
 3.70803  -0.63747  -0.03577
 3.70991  -0.63732  -0.03603
 3.71178  -0.63717  -0.03628
 3.71393  -0.63700  -0.03658
 3.73048  -0.63561  -0.03880
 3.74703  -0.63409  -0.04093
 3.76346  -0.63247  -0.04296
 3.77975  -0.63076  -0.04488
 3.79591  -0.62895  -0.04671
 3.80022  -0.62845  -0.04718
 3.80454  -0.62794  -0.04765
 3.80710  -0.62763  -0.04793
 3.80967  -0.62732  -0.04820
 3.81203  -0.62703  -0.04845
 3.81415  -0.62677  -0.04867
 3.82987  -0.62480  -0.05027
 3.84557  -0.62272  -0.05179
 3.86112  -0.62057  -0.05321
 3.87652  -0.61836  -0.05455
 3.89175  -0.61608  -0.05579
 3.90682  -0.61374  -0.05694
 3.90894  -0.61341  -0.05709
 3.91106  -0.61307  -0.05725
 3.91303  -0.61275  -0.05739
 3.92768  -0.61037  -0.05841
 3.94231  -0.60792  -0.05935
 3.95674  -0.60542  -0.06022
 3.97096  -0.60290  -0.06100
 3.98497  -0.60035  -0.06171
 3.99874  -0.59777  -0.06234
 4.00814  -0.59599  -0.06274
 4.00953  -0.59572  -0.06279
 4.01092  -0.59545  -0.06285
 4.01251  -0.59514  -0.06291
 4.02550  -0.59261  -0.06339
 4.03846  -0.59003  -0.06382
 4.05110  -0.58746  -0.06418
 4.06339  -0.58493  -0.06448
 4.07528  -0.58243  -0.06473
 4.08671  -0.57999  -0.06493
 4.09761  -0.57764  -0.06507
 4.10785  -0.57540  -0.06518
 4.11295  -0.57427  -0.06522
 4.11804  -0.57314  -0.06525
 4.12493  -0.57159  -0.06528
 4.13290  -0.56979  -0.06529
 4.14203  -0.56771  -0.06529
 4.15202  -0.56541  -0.06525
 4.16271  -0.56292  -0.06518
 4.17400  -0.56027  -0.06506
 4.18582  -0.55745  -0.06490
 4.19812  -0.55449  -0.06469
 4.20291  -0.55333  -0.06459
 4.20770  -0.55216  -0.06449
 4.21003  -0.55159  -0.06444
 4.21236  -0.55102  -0.06439
 4.22561  -0.54775  -0.06405
 4.23921  -0.54436  -0.06365
 4.25317  -0.54085  -0.06319
 4.26748  -0.53720  -0.06266
 4.28212  -0.53343  -0.06205
 4.29709  -0.52954  -0.06137
 4.30387  -0.52776  -0.06104
 4.30701  -0.52693  -0.06089
 4.30928  -0.52634  -0.06077
 4.31154  -0.52574  -0.06066
 4.31381  -0.52514  -0.06054
 4.32950  -0.52098  -0.05969
 4.34540  -0.51672  -0.05876
 4.36158  -0.51235  -0.05775
 4.37802  -0.50786  -0.05665
 4.39472  -0.50328  -0.05547
 4.40022  -0.50176  -0.05506
 4.40573  -0.50023  -0.05465
 4.40841  -0.49949  -0.05444
 4.41033  -0.49895  -0.05430
 4.41225  -0.49842  -0.05415
 4.42950  -0.49361  -0.05278
 4.44687  -0.48873  -0.05133
 4.46442  -0.48377  -0.04980
 4.48213  -0.47873  -0.04818
 4.49997  -0.47363  -0.04649
 4.50746  -0.47148  -0.04575
 4.50997  -0.47076  -0.04550
 4.51249  -0.47003  -0.04525
 4.51714  -0.46870  -0.04479
 4.53516  -0.46350  -0.04294
 4.55323  -0.45826  -0.04102
 4.57131  -0.45300  -0.03904
 4.58940  -0.44773  -0.03700
 4.60746  -0.44244  -0.03490
 4.60982  -0.44175  -0.03462
 4.61218  -0.44106  -0.03434
 4.61508  -0.44021  -0.03400
 4.63298  -0.43496  -0.03184
 4.65090  -0.42969  -0.02963
 4.66873  -0.42444  -0.02737
 4.68647  -0.41922  -0.02509
 4.70410  -0.41403  -0.02277
 4.70757  -0.41300  -0.02231
 4.70986  -0.41233  -0.02200
 4.71214  -0.41166  -0.02170
 4.71499  -0.41082  -0.02131
 4.73229  -0.40572  -0.01897
 4.74960  -0.40063  -0.01659
 4.76678  -0.39557  -0.01419
 4.78381  -0.39057  -0.01178
 4.80071  -0.38561  -0.00936
 4.80716  -0.38372  -0.00843
 4.81056  -0.38273  -0.00794
 4.81381  -0.38177  -0.00746
 4.83029  -0.37696  -0.00506
 4.84675  -0.37215  -0.00262
 4.86305  -0.36741  -0.00020
 4.87918  -0.36273   0.00223
 4.89513  -0.35811   0.00464
 4.89999  -0.35671   0.00538
 4.90485  -0.35531   0.00612
 4.90860  -0.35423   0.00670
 4.90997  -0.35383   0.00691
 4.91134  -0.35344   0.00712
 4.91358  -0.35279   0.00746
 4.92893  -0.34838   0.00981
 4.94427  -0.34399   0.01218
 4.95940  -0.33968   0.01453
 4.97431  -0.33544   0.01685
 4.98898  -0.33129   0.01914
 5.00340  -0.32723   0.02140
 5.00938  -0.32555   0.02233
 5.01105  -0.32508   0.02260
 5.01264  -0.32464   0.02284
 5.02631  -0.32082   0.02499
 5.03997  -0.31701   0.02714
 5.05330  -0.31332   0.02924
 5.06626  -0.30974   0.03129
 5.07881  -0.30629   0.03326
 5.09090  -0.30299   0.03517
 5.10245  -0.29984   0.03699
 5.10501  -0.29915   0.03740
 5.10757  -0.29846   0.03780
 5.10855  -0.29819   0.03795
 5.10953  -0.29792   0.03811
 5.10999  -0.29780   0.03818
 5.11045  -0.29768   0.03825
 5.11112  -0.29749   0.03836
 5.11783  -0.29568   0.03942
 5.12603  -0.29347   0.04071
 5.13423  -0.29127   0.04199
 5.14246  -0.28906   0.04329
 5.15190  -0.28655   0.04477
 5.16223  -0.28380   0.04639
 5.17329  -0.28088   0.04812
 5.18497  -0.27781   0.04994
 5.19719  -0.27461   0.05184
 5.20989  -0.27131   0.05381
 5.21308  -0.27048   0.05430
 5.21595  -0.26974   0.05475
 5.22931  -0.26629   0.05681
 5.24305  -0.26277   0.05892
 5.25716  -0.25919   0.06108
 5.27161  -0.25554   0.06328
 5.28640  -0.25183   0.06551
 5.30151  -0.24808   0.06779
 5.30709  -0.24670   0.06862
 5.30874  -0.24629   0.06887
 5.30993  -0.24600   0.06905
 5.31112  -0.24570   0.06922
 5.31279  -0.24529   0.06947
 5.32844  -0.24146   0.07180
 5.34433  -0.23760   0.07414
 5.36050  -0.23371   0.07650
 5.37692  -0.22980   0.07888
 5.39359  -0.22586   0.08127
 5.39969  -0.22443   0.08213
 5.40579  -0.22301   0.08300
 5.40926  -0.22220   0.08349
 5.41146  -0.22169   0.08380
 5.41352  -0.22121   0.08409
 5.43075  -0.21724   0.08650
 5.44815  -0.21327   0.08891
 5.46576  -0.20929   0.09131
 5.48358  -0.20532   0.09371
 5.50159  -0.20135   0.09610
 5.50526  -0.20055   0.09658
 5.50893  -0.19975   0.09706
 5.51168  -0.19915   0.09742
 5.51444  -0.19855   0.09778
 5.53278  -0.19459   0.10015
 5.55125  -0.19066   0.10249
 5.56986  -0.18674   0.10481
 5.58862  -0.18285   0.10711
 5.60749  -0.17899   0.10938
 5.60976  -0.17853   0.10964
 5.61202  -0.17807   0.10991
 5.61475  -0.17752   0.11023
 5.63375  -0.17371   0.11245
 5.65283  -0.16994   0.11463
 5.67196  -0.16622   0.11676
 5.69110  -0.16254   0.11885
 5.70055  -0.16075   0.11986
 5.70999  -0.15897   0.12086
 5.72901  -0.15543   0.12283
 5.74774  -0.15200   0.12472
 5.76654  -0.14861   0.12656
 5.78512  -0.14531   0.12833
 5.80338  -0.14212   0.13003
 5.80873  -0.14119   0.13051
 5.81243  -0.14056   0.13085
 5.81606  -0.13993   0.13117
 5.83317  -0.13702   0.13268
 5.85014  -0.13417   0.13414
 5.86644  -0.13148   0.13549
 5.88194  -0.12896   0.13674
 5.89646  -0.12662   0.13788
 5.90808  -0.12478   0.13877
 5.91298  -0.12401   0.13913
 5.91788  -0.12324   0.13950
 5.92741  -0.12175   0.14020
 5.93887  -0.11998   0.14102
 5.95160  -0.11804   0.14191
 5.96526  -0.11599   0.14283
 5.97963  -0.11385   0.14377
 5.99456  -0.11166   0.14472
 6.00997  -0.10944   0.14566
 6.02575  -0.10719   0.14658
 6.04177  -0.10495   0.14748
 6.05812  -0.10270   0.14836
 6.07469  -0.10045   0.14920
 6.09143  -0.09822   0.15001
 6.10831  -0.09601   0.15079
 6.11448  -0.09521   0.15106
 6.12008  -0.09449   0.15131
 6.13706  -0.09234   0.15201
 6.15418  -0.09020   0.15268
 6.17134  -0.08810   0.15330
 6.18853  -0.08603   0.15388
 6.20570  -0.08400   0.15442
 6.21707  -0.08267   0.15475
 6.22751  -0.08147   0.15504
 6.24448  -0.07955   0.15548
 6.26142  -0.07767   0.15587
 6.27820  -0.07584   0.15621
 6.29477  -0.07406   0.15652
 6.30421  -0.07307   0.15667
 6.30960  -0.07250   0.15676
 6.31499  -0.07194   0.15684
 6.32293  -0.07112   0.15695
 6.33790  -0.06960   0.15713
 6.35244  -0.06814   0.15727
 6.36369  -0.06703   0.15737
 6.37437  -0.06599   0.15744
 6.38743  -0.06474   0.15751
 6.40212  -0.06335   0.15756
 6.40816  -0.06279   0.15757
 6.41419  -0.06223   0.15758
 6.42053  -0.06165   0.15758
 6.43751  -0.06011   0.15757
 6.45506  -0.05855   0.15751
 6.47303  -0.05698   0.15741
 6.49129  -0.05543   0.15727
 6.50972  -0.05390   0.15709
 6.52826  -0.05239   0.15686
 6.54656  -0.05094   0.15660
 6.56518  -0.04949   0.15629
 6.58381  -0.04808   0.15594
 6.60242  -0.04670   0.15555
 6.60985  -0.04616   0.15539
 6.61728  -0.04562   0.15522
 6.62780  -0.04487   0.15497
 6.64630  -0.04358   0.15450
 6.66482  -0.04232   0.15399
 6.68329  -0.04108   0.15345
 6.70173  -0.03989   0.15287
 6.70922  -0.03941   0.15263
 6.71671  -0.03893   0.15238
 6.72395  -0.03848   0.15214
 6.74220  -0.03735   0.15150
 6.76048  -0.03626   0.15083
 6.77872  -0.03519   0.15013
 6.79690  -0.03415   0.14941
 6.80490  -0.03370   0.14908
 6.80932  -0.03345   0.14889
 6.81375  -0.03321   0.14871
 6.81844  -0.03295   0.14851
 6.83640  -0.03198   0.14773
 6.85441  -0.03103   0.14693
 6.87237  -0.03010   0.14610
 6.89027  -0.02920   0.14526
 6.90812  -0.02833   0.14439
 6.91299  -0.02810   0.14415
 6.91785  -0.02786   0.14390
 6.93551  -0.02703   0.14301
 6.95321  -0.02622   0.14209
 6.97086  -0.02543   0.14116
 6.98844  -0.02467   0.14021
 7.00598  -0.02392   0.13925
 7.01519  -0.02354   0.13873
 7.02427  -0.02317   0.13822
 7.04162  -0.02247   0.13723
 7.05897  -0.02179   0.13622
 7.07627  -0.02113   0.13520
 7.09351  -0.02049   0.13417
 7.10096  -0.02021   0.13372
 7.10841  -0.01994   0.13327
 7.11258  -0.01979   0.13302
 7.11674  -0.01965   0.13276
 7.13374  -0.01905   0.13172
 7.15079  -0.01847   0.13065
 7.16778  -0.01791   0.12958
 7.18471  -0.01736   0.12851
 7.20158  -0.01683   0.12742
 7.20627  -0.01668   0.12712
 7.20927  -0.01659   0.12692
 7.21227  -0.01650   0.12673
 7.21527  -0.01641   0.12653
 7.23193  -0.01591   0.12545
 7.24865  -0.01542   0.12435
 7.26531  -0.01494   0.12324
 7.28191  -0.01448   0.12213
 7.29846  -0.01404   0.12102
 7.30511  -0.01386   0.12057
 7.30886  -0.01376   0.12032
 7.31209  -0.01368   0.12010
 7.31533  -0.01359   0.11988
 7.33165  -0.01318   0.11877
 7.34803  -0.01277   0.11766
 7.36436  -0.01237   0.11654
 7.38063  -0.01199   0.11542
 7.39685  -0.01162   0.11430
 7.40355  -0.01147   0.11383
 7.40753  -0.01138   0.11356
 7.41049  -0.01131   0.11335
 7.41344  -0.01125   0.11315
 7.42944  -0.01090   0.11203
 7.44549  -0.01056   0.11092
 7.46149  -0.01023   0.10980
 7.47744  -0.00991   0.10868
 7.49333  -0.00960   0.10757
 7.50917  -0.00930   0.10646
 7.51211  -0.00924   0.10625
 7.51480  -0.00919   0.10606
 7.53046  -0.00891   0.10497
 7.54617  -0.00863   0.10386
 7.56183  -0.00836   0.10276
 7.57743  -0.00809   0.10167
 7.59299  -0.00784   0.10057
 7.60849  -0.00759   0.09949
 7.61243  -0.00753   0.09921
 7.61635  -0.00747   0.09894
 7.63167  -0.00723   0.09786
 7.64704  -0.00700   0.09679
 7.66235  -0.00678   0.09572
 7.67761  -0.00657   0.09466
 7.69282  -0.00636   0.09360
 7.70797  -0.00616   0.09255
 7.71282  -0.00609   0.09221
 7.71768  -0.00603   0.09188
 7.73266  -0.00584   0.09084
 7.74767  -0.00565   0.08981
 7.76263  -0.00547   0.08878
 7.77753  -0.00530   0.08776
 7.79239  -0.00513   0.08674
 7.80718  -0.00496   0.08574
 7.80979  -0.00494   0.08556
 7.81240  -0.00491   0.08538
 7.81547  -0.00487   0.08518
 7.83009  -0.00472   0.08419
 7.84475  -0.00457   0.08320
 7.85935  -0.00442   0.08222
 7.87390  -0.00428   0.08125
 7.88839  -0.00414   0.08029
 7.90283  -0.00401   0.07933
 7.90996  -0.00394   0.07886
 7.91710  -0.00388   0.07839
 7.92655  -0.00380   0.07777
 7.94081  -0.00367   0.07684
 7.95504  -0.00355   0.07592
 7.96922  -0.00344   0.07500
 7.98334  -0.00333   0.07410
 7.99741  -0.00322   0.07320
 8.00204  -0.00319   0.07290
 8.00666  -0.00315   0.07261
 8.00911  -0.00313   0.07246
 8.01156  -0.00311   0.07230
 8.01411  -0.00310   0.07214
 8.02796  -0.00300   0.07127
 8.04184  -0.00290   0.07040
 8.05567  -0.00280   0.06953
 8.06944  -0.00271   0.06868
 8.08315  -0.00262   0.06784
 8.09680  -0.00254   0.06700
 8.10255  -0.00250   0.06665
 8.10831  -0.00247   0.06630
 8.11267  -0.00244   0.06604
 8.11665  -0.00242   0.06580
 8.13008  -0.00234   0.06499
 8.14353  -0.00226   0.06419
 8.15692  -0.00219   0.06339
 8.17025  -0.00212   0.06261
 8.18352  -0.00205   0.06183
 8.19673  -0.00198   0.06106
 8.20988  -0.00191   0.06030
 8.22083  -0.00186   0.05968
 8.23071  -0.00181   0.05911
 8.24368  -0.00175   0.05838
 8.25661  -0.00170   0.05765
 8.26948  -0.00164   0.05694
 8.28229  -0.00159   0.05623
 8.29504  -0.00153   0.05553
 8.30772  -0.00148   0.05484
 8.30976  -0.00147   0.05473
 8.31180  -0.00147   0.05461
 8.31411  -0.00146   0.05449
 8.32661  -0.00141   0.05382
 8.33914  -0.00136   0.05315
 8.35161  -0.00132   0.05249
 8.36401  -0.00127   0.05183
 8.37634  -0.00123   0.05119
 8.38862  -0.00119   0.05055
 8.40082  -0.00115   0.04993
 8.40534  -0.00113   0.04970
 8.40986  -0.00112   0.04947
 8.41845  -0.00109   0.04903
 8.42630  -0.00107   0.04864
 8.43827  -0.00103   0.04804
 8.45022  -0.00100   0.04744
 8.46209  -0.00096   0.04686
 8.47390  -0.00093   0.04628
 8.48564  -0.00090   0.04571
 8.49732  -0.00087   0.04515
 8.50892  -0.00084   0.04460
 8.51190  -0.00083   0.04446
 8.51458  -0.00083   0.04433
 8.52602  -0.00080   0.04380
 8.53745  -0.00077   0.04326
 8.54882  -0.00074   0.04274
 8.56012  -0.00072   0.04222
 8.57135  -0.00069   0.04171
 8.58251  -0.00067   0.04121
 8.59359  -0.00065   0.04071
 8.60461  -0.00063   0.04022
 8.60757  -0.00062   0.04009
 8.60987  -0.00062   0.03999
 8.61217  -0.00061   0.03989
 8.61490  -0.00061   0.03977
 8.62570  -0.00058   0.03930
 8.63650  -0.00056   0.03883
 8.64723  -0.00055   0.03838
 8.65788  -0.00053   0.03792
 8.66845  -0.00051   0.03748
 8.67895  -0.00049   0.03704
 8.68937  -0.00047   0.03661
 8.69972  -0.00046   0.03618
 8.70998  -0.00044   0.03577
 8.72016  -0.00043   0.03536
 8.72976  -0.00041   0.03497
 8.73978  -0.00040   0.03457
 8.74972  -0.00038   0.03418
 8.75958  -0.00037   0.03380
 8.76935  -0.00036   0.03342
 8.77903  -0.00034   0.03305
 8.78862  -0.00033   0.03268
 8.79813  -0.00032   0.03233
 8.80754  -0.00031   0.03197
 8.80948  -0.00031   0.03190
 8.81115  -0.00030   0.03184
 8.81267  -0.00030   0.03178
 8.82184  -0.00029   0.03144
 8.83101  -0.00028   0.03111
 8.84008  -0.00027   0.03078
 8.84905  -0.00026   0.03045
 8.85792  -0.00025   0.03014
 8.86669  -0.00024   0.02983
 8.87534  -0.00024   0.02952
 8.88388  -0.00023   0.02922
 8.89231  -0.00022   0.02893
 8.90062  -0.00021   0.02864
 8.90881  -0.00020   0.02837
 8.90993  -0.00020   0.02833
 8.91105  -0.00020   0.02829
 8.91251  -0.00020   0.02824
 8.92039  -0.00019   0.02797
 8.92826  -0.00019   0.02771
 8.93599  -0.00018   0.02745
 8.94357  -0.00017   0.02720
 8.95100  -0.00017   0.02696
 8.95826  -0.00016   0.02672
 8.96535  -0.00016   0.02649
 8.97226  -0.00015   0.02627
 8.97896  -0.00015   0.02606
 8.98544  -0.00014   0.02585
 8.99168  -0.00014   0.02565
 8.99764  -0.00013   0.02547
 9.00329  -0.00013   0.02529
 9.00854  -0.00013   0.02513
 9.00984  -0.00012   0.02509
 9.01021  -0.00012   0.02508
 9.01057  -0.00012   0.02507
 9.01398  -0.00012   0.02496
 9.01781  -0.00012   0.02484
 9.02234  -0.00012   0.02470
 9.02735  -0.00011   0.02455
 9.03275  -0.00011   0.02439
 9.03846  -0.00011   0.02422
 9.04444  -0.00010   0.02404
 9.05066  -0.00010   0.02385
 9.05709  -0.00009   0.02366
 9.06371  -0.00009   0.02347
 9.07050  -0.00009   0.02327
 9.07746  -0.00008   0.02307
 9.08456  -0.00008   0.02286
 9.09180  -0.00008   0.02265
 9.09917  -0.00007   0.02245
 9.10667  -0.00007   0.02223
 9.10944  -0.00007   0.02216
 9.11097  -0.00007   0.02211
 9.11249  -0.00006   0.02207
 9.12015  -0.00006   0.02186
 9.12795  -0.00006   0.02164
 9.13584  -0.00005   0.02143
 9.14383  -0.00005   0.02121
 9.15190  -0.00005   0.02099
 9.16006  -0.00004   0.02078
 9.16830  -0.00004   0.02056
 9.17662  -0.00004   0.02034
 9.18502  -0.00003   0.02012
 9.19348  -0.00003   0.01990
 9.20202  -0.00003   0.01968
 9.20562  -0.00003   0.01959
 9.20923  -0.00002   0.01950
 9.21156  -0.00002   0.01944
 9.21378  -0.00002   0.01939
 9.22243  -0.00002   0.01917
 9.23117  -0.00002   0.01895
 9.23997  -0.00001   0.01874
 9.24882  -0.00001   0.01852
 9.25773  -0.00001   0.01831
 9.26669  -0.00001   0.01809
 9.27570  -0.00000   0.01788
 9.28475  -0.00000   0.01767
 9.29385   0.00000   0.01746
 9.30299   0.00000   0.01725
 9.30742   0.00001   0.01715
 9.30978   0.00001   0.01710
 9.31215   0.00001   0.01704
 9.31518   0.00001   0.01697
 9.32438   0.00001   0.01677
 9.33365   0.00001   0.01656
 9.34296   0.00001   0.01636
 9.35230   0.00002   0.01615
 9.36167   0.00002   0.01595
 9.37107   0.00002   0.01575
 9.38051   0.00002   0.01555
 9.38997   0.00002   0.01536
 9.39945   0.00003   0.01516
 9.40896   0.00003   0.01497
 9.41354   0.00003   0.01487
 9.41772   0.00003   0.01479
 9.42723   0.00003   0.01460
 9.43681   0.00003   0.01441
 9.44639   0.00003   0.01422
 9.45600   0.00003   0.01404
 9.46562   0.00004   0.01385
 9.47525   0.00004   0.01367
 9.48490   0.00004   0.01349
 9.49455   0.00004   0.01331
 9.50421   0.00004   0.01314
 9.50814   0.00004   0.01307
 9.51208   0.00004   0.01299
 9.51691   0.00004   0.01291
 9.52655   0.00004   0.01274
 9.53622   0.00004   0.01257
 9.54589   0.00004   0.01240
 9.55556   0.00004   0.01223
 9.56522   0.00005   0.01207
 9.57487   0.00005   0.01191
 9.58451   0.00005   0.01174
 9.59414   0.00005   0.01159
 9.60375   0.00005   0.01143
 9.60843   0.00005   0.01136
 9.61312   0.00005   0.01128
 9.61835   0.00005   0.01120
 9.62787   0.00005   0.01105
 9.63741   0.00005   0.01090
 9.64691   0.00005   0.01075
 9.65638   0.00005   0.01061
 9.66581   0.00005   0.01047
 9.67520   0.00005   0.01033
 9.68455   0.00005   0.01019
 9.69385   0.00005   0.01005
 9.70310   0.00005   0.00992
 9.71001   0.00005   0.00982
 9.71691   0.00005   0.00972
 9.72599   0.00005   0.00960
 9.73502   0.00005   0.00947
 9.74398   0.00005   0.00935
 9.75286   0.00005   0.00923
 9.76166   0.00005   0.00911
 9.77038   0.00005   0.00900
 9.77900   0.00005   0.00889
 9.78752   0.00005   0.00878
 9.79594   0.00005   0.00867
 9.80426   0.00005   0.00856
 9.81155   0.00005   0.00847
 9.81813   0.00005   0.00839
 9.82608   0.00005   0.00829
 9.83393   0.00005   0.00820
 9.84163   0.00005   0.00810
 9.84918   0.00005   0.00801
 9.85656   0.00005   0.00793
 9.86377   0.00005   0.00784
 9.87079   0.00005   0.00776
 9.87760   0.00005   0.00768
 9.88419   0.00005   0.00761
 9.89052   0.00005   0.00754
 9.89657   0.00005   0.00747
 9.90228   0.00005   0.00740
 9.90702   0.00005   0.00735
 9.91094   0.00005   0.00731
 9.91482   0.00005   0.00727
 9.91914   0.00005   0.00722
 9.92403   0.00005   0.00717
 9.92936   0.00005   0.00711
 9.93503   0.00005   0.00705
 9.94100   0.00005   0.00699
 9.94722   0.00005   0.00692
 9.95366   0.00005   0.00685
 9.96030   0.00005   0.00679
 9.96712   0.00005   0.00672
 9.97410   0.00005   0.00665
 9.98124   0.00005   0.00657
 9.98851   0.00005   0.00650
 9.99591   0.00005   0.00643
 10.00343   0.00005   0.00636
 10.01106   0.00005   0.00628
 10.01814   0.00005   0.00621
 10.02596   0.00005   0.00614
 10.03387   0.00005   0.00607
 10.04188   0.00005   0.00599
 10.04996   0.00005   0.00592
 10.05812   0.00005   0.00585
 10.06635   0.00005   0.00577
 10.07465   0.00005   0.00570
 10.08302   0.00005   0.00563
 10.09145   0.00005   0.00555
 10.09993   0.00005   0.00548
 10.10847   0.00005   0.00541
 10.11706   0.00005   0.00534
 10.12590   0.00005   0.00526
 10.13459   0.00004   0.00519
 10.14332   0.00004   0.00512
 10.15210   0.00004   0.00505
 10.16091   0.00004   0.00498
 10.16977   0.00004   0.00492
 10.17866   0.00004   0.00485
 10.18758   0.00004   0.00478
 10.19654   0.00004   0.00471
 10.20552   0.00004   0.00465
 10.21454   0.00004   0.00458
 10.22295   0.00004   0.00452
 10.23202   0.00004   0.00446
 10.24111   0.00004   0.00439
 10.25023   0.00004   0.00433
 10.25938   0.00004   0.00427
 10.26855   0.00004   0.00421
 10.27773   0.00004   0.00415
 10.28694   0.00004   0.00408
 10.29617   0.00004   0.00403
 10.30542   0.00004   0.00397
 10.31468   0.00004   0.00391
 10.32318   0.00004   0.00385
 10.33247   0.00004   0.00380
 10.34178   0.00004   0.00374
 10.35110   0.00004   0.00369
 10.36044   0.00004   0.00363
 10.36979   0.00004   0.00358
 10.37916   0.00004   0.00352
 10.38853   0.00004   0.00347
 10.39792   0.00004   0.00342
 10.40732   0.00004   0.00337
 10.41672   0.00004   0.00331
 10.42595   0.00004   0.00327
 10.43538   0.00004   0.00322
 10.44481   0.00004   0.00317
 10.45426   0.00004   0.00312
 10.46371   0.00004   0.00307
 10.47317   0.00004   0.00302
 10.48263   0.00004   0.00298
 10.49211   0.00004   0.00293
 10.50159   0.00004   0.00289
 10.50797   0.00004   0.00286
 10.51436   0.00004   0.00283
 10.52161   0.00004   0.00279
 10.53110   0.00004   0.00275
 10.54060   0.00004   0.00271
 10.55010   0.00003   0.00266
 10.55961   0.00003   0.00262
 10.56913   0.00003   0.00258
 10.57864   0.00003   0.00254
 10.58816   0.00003   0.00250
 10.59769   0.00003   0.00246
 10.60722   0.00003   0.00242
 10.61675   0.00003   0.00239
 10.62591   0.00003   0.00235
 10.63544   0.00003   0.00231
 10.64498   0.00003   0.00228
 10.65452   0.00003   0.00224
 10.66406   0.00003   0.00220
 10.67360   0.00003   0.00217
 10.68314   0.00003   0.00213
 10.69268   0.00003   0.00210
 10.70223   0.00003   0.00207
 10.70959   0.00003   0.00204
 10.71696   0.00003   0.00202
 10.72697   0.00003   0.00198
 10.73652   0.00002   0.00195
 10.74607   0.00002   0.00192
 10.75562   0.00002   0.00189
 10.76516   0.00002   0.00186
 10.77471   0.00002   0.00183
 10.78425   0.00002   0.00180
 10.79380   0.00002   0.00177
 10.80334   0.00002   0.00174
 10.80928   0.00002   0.00173
 10.81521   0.00002   0.00171
 10.82327   0.00002   0.00169
 10.83280   0.00002   0.00166
 10.84234   0.00002   0.00163
 10.85188   0.00002   0.00161
 10.86142   0.00002   0.00158
 10.87095   0.00002   0.00156
 10.88049   0.00002   0.00153
 10.89002   0.00002   0.00151
 10.89955   0.00001   0.00148
 10.90908   0.00001   0.00146
 10.91861   0.00001   0.00144
 10.92862   0.00001   0.00141
 10.93815   0.00001   0.00139
 10.94767   0.00001   0.00137
 10.95719   0.00001   0.00134
 10.96671   0.00001   0.00132
 10.97622   0.00001   0.00130
 10.98573   0.00001   0.00128
 10.99524   0.00001   0.00126
 11.00475   0.00001   0.00124
 11.01025   0.00001   0.00123
 11.01560   0.00001   0.00122
 11.02507   0.00001   0.00120
 11.03457   0.00001   0.00118
 11.04406   0.00001   0.00116
 11.05356   0.00001   0.00114
 11.06305   0.00001   0.00112
 11.07253   0.00001   0.00111
 11.08201   0.00001   0.00109
 11.09149   0.00001   0.00107
 11.10097   0.00001   0.00105
 11.10853   0.00001   0.00104
 11.11608   0.00001   0.00103
 11.12464   0.00001   0.00101
 11.13410   0.00001   0.00100
 11.14356   0.00001   0.00098
 11.15302   0.00001   0.00097
 11.16247   0.00001   0.00095
 11.17192   0.00001   0.00094
 11.18137   0.00001   0.00092
 11.19082   0.00001   0.00091
 11.20026   0.00001   0.00089
 11.20969   0.00001   0.00088
 11.21913   0.00001   0.00087
 11.22875   0.00001   0.00085
 11.23818   0.00001   0.00084
 11.24760   0.00001   0.00083
 11.25702   0.00000   0.00082
 11.26643   0.00000   0.00080
 11.27584   0.00000   0.00079
 11.28525   0.00000   0.00078
 11.29465   0.00000   0.00077
 11.30405   0.00000   0.00076
 11.30970   0.00000   0.00075
 11.31535   0.00000   0.00074
 11.32466   0.00000   0.00073
 11.33405   0.00000   0.00072
 11.34343   0.00000   0.00071
 11.35281   0.00000   0.00070
 11.36218  -0.00000   0.00069
 11.37155  -0.00000   0.00068
 11.38091  -0.00000   0.00067
 11.39027  -0.00000   0.00066
 11.39963  -0.00000   0.00065
 11.40898  -0.00000   0.00064
 11.41833  -0.00000   0.00063
 11.42813  -0.00000   0.00062
 11.43747  -0.00000   0.00062
 11.44681  -0.00000   0.00061
 11.45614  -0.00000   0.00060
 11.46546  -0.00000   0.00059
 11.47478  -0.00001   0.00058
 11.48410  -0.00001   0.00058
 11.49341  -0.00001   0.00057
 11.50272  -0.00001   0.00056
 11.50943  -0.00001   0.00056
 11.51614  -0.00001   0.00055
 11.52553  -0.00001   0.00054
 11.53483  -0.00001   0.00054
 11.54411  -0.00001   0.00053
 11.55340  -0.00001   0.00053
 11.56267  -0.00001   0.00052
 11.57195  -0.00001   0.00051
 11.58122  -0.00001   0.00051
 11.59048  -0.00001   0.00050
 11.59974  -0.00001   0.00050
 11.60900  -0.00001   0.00049
 11.61825  -0.00001   0.00048
 11.62794  -0.00001   0.00048
 11.63718  -0.00001   0.00047
 11.64642  -0.00001   0.00047
 11.65565  -0.00000   0.00046
 11.66488  -0.00000   0.00046
 11.67410  -0.00000   0.00046
 11.68332   0.00000   0.00045
 11.69254   0.00000   0.00045
 11.70175   0.00000   0.00044
 11.70812   0.00001   0.00044
 11.71449   0.00001   0.00044
 11.72158   0.00000   0.00043
 11.73076   0.00000   0.00043
 11.73995   0.00000   0.00043
 11.74913   0.00000   0.00042
 11.75831   0.00000   0.00042
 11.76749   0.00000   0.00042
 11.77666   0.00000   0.00041
 11.78583   0.00000   0.00041
 11.79499   0.00000   0.00041
 11.80131   0.00000   0.00041
