 0.00018   0.00000
 0.00023   0.00000
 0.00028   0.00000
 0.00034   0.00000
 0.00041   0.00000
 0.00049   0.00000
 0.00059   0.00000
 0.00069   0.00000
 0.00082   0.00000
 0.00096   0.00000
 0.00112   0.00000
 0.00131   0.00000
 0.00151   0.00000
 0.00174   0.00000
 0.00201   0.00000
 0.00230   0.00000
 0.00262   0.00000
 0.00299   0.00000
 0.00339   0.00001
 0.00384   0.00001
 0.00433   0.00001
 0.00487   0.00001
 0.00547   0.00002
 0.00612   0.00002
 0.00684   0.00002
 0.00762   0.00003
 0.00848   0.00004
 0.00941   0.00005
 0.01043   0.00006
 0.01152   0.00007
 0.01272   0.00008
 0.01401   0.00010
 0.01541   0.00012
 0.01692   0.00015
 0.01855   0.00018
 0.02031   0.00021
 0.02216   0.00025
 0.02419   0.00030
 0.02637   0.00036
 0.02870   0.00042
 0.03121   0.00050
 0.03383   0.00059
 0.03670   0.00069
 0.03976   0.00081
 0.04303   0.00095
 0.04655   0.00112
 0.05027   0.00130
 0.05491   0.00155
 0.05917   0.00180
 0.06371   0.00209
 0.06865   0.00243
 0.07379   0.00280
 0.07946   0.00325
 0.08528   0.00374
 0.09154   0.00431
 0.09755   0.00489
 0.10449   0.00561
 0.11206   0.00645
 0.11921   0.00730
 0.12748   0.00835
 0.13642   0.00955
 0.14633   0.01098
 0.15653   0.01256
 0.16748   0.01436
 0.17954   0.01649
 0.19221   0.01887
 0.20467   0.02137
 0.21680   0.02395
 0.23112   0.02716
 0.24520   0.03052
 0.25917   0.03403
 0.28326   0.04050
 0.31156   0.04875
 0.32781   0.05381
 0.34407   0.05909
 0.36037   0.06459
 0.37827   0.07089
 0.39904   0.07850
 0.41656   0.08517
 0.43407   0.09205
 0.44869   0.09797
 0.46332   0.10403
 0.47861   0.11051
 0.49767   0.11879
 0.51673   0.12728
 0.53730   0.13666
 0.55948   0.14703
 0.57804   0.15588
 0.59661   0.16488
 0.61669   0.17478
 0.63792   0.18539
 0.66106   0.19713
 0.67883   0.20624
 0.69661   0.21542
 0.71607   0.22555
 0.73635   0.23616
 0.75738   0.24721
 0.77969   0.25897
 0.80128   0.27035
 0.82093   0.28070
 0.84011   0.29078
 0.86415   0.30335
 0.88819   0.31582
 0.90769   0.32584
 0.92718   0.33577
 0.94822   0.34635
 0.97119   0.35774
 0.98835   0.36611
 1.00550   0.37435
 1.02379   0.38299
 1.03874   0.38993
 1.05370   0.39676
 1.06952   0.40385
 1.08828   0.41206
 1.10705   0.42006
 1.12746   0.42851
 1.14927   0.43722
 1.17385   0.44662
 1.19943   0.45592
 1.21811   0.46238
 1.23679   0.46856
 1.25688   0.47487
 1.27796   0.48111
 1.30056   0.48735
 1.32421   0.49337
 1.34787   0.49885
 1.36740   0.50296
 1.38692   0.50668
 1.40751   0.51019
 1.42922   0.51340
 1.44987   0.51600
 1.47051   0.51814
 1.49088   0.51980
 1.51093   0.52099
 1.53021   0.52171
 1.55058   0.52202
 1.57094   0.52187
 1.59045   0.52129
 1.61345   0.52005
 1.63551   0.51830
 1.65742   0.51602
 1.68094   0.51297
 1.70517   0.50917
 1.72740   0.50511
 1.74866   0.50071
 1.76992   0.49581
 1.79813   0.48854
 1.82615   0.48048
 1.85215   0.47224
 1.87577   0.46414
 1.90149   0.45468
 1.92783   0.44429
 1.95831   0.43143
 1.99011   0.41707
 2.01028   0.40747
 2.03045   0.39751
 2.07568   0.37390
 2.10171   0.35955
 2.12488   0.34633
 2.14805   0.33271
 2.19384   0.30466
 2.22950   0.28187
 2.26515   0.25831
 2.30031   0.23439
 2.33146   0.21269
 2.36065   0.19196
 2.40637   0.15881
 2.45208   0.12501
 2.49520   0.09261
 2.54058   0.05815
 2.58223   0.02631
 2.62726  -0.00822
 2.67190  -0.04242
 2.71747  -0.07715
 2.76242  -0.11113
 2.81011  -0.14670
 2.85881  -0.18241
 2.90893  -0.21833
 2.96038  -0.25420
 2.99532  -0.27789
 3.03026  -0.30101
 3.08672  -0.33704
 3.14305  -0.37121
 3.20256  -0.40525
 3.24416  -0.42771
 3.28202  -0.44717
 3.34146  -0.47575
 3.39687  -0.50017
 3.43093  -0.51410
 3.46499  -0.52720
 3.49848  -0.53926
 3.53196  -0.55050
 3.56334  -0.56029
 3.59692  -0.56998
 3.63049  -0.57885
 3.66698  -0.58757
 3.69932  -0.59450
 3.72825  -0.60008
 3.75718  -0.60507
 3.78744  -0.60968
 3.80901  -0.61258
 3.83058  -0.61516
 3.86117  -0.61830
 3.89106  -0.62078
 3.91406  -0.62229
 3.93627  -0.62343
 3.99231  -0.62498
 4.02947  -0.62497
 4.06406  -0.62424
 4.09728  -0.62293
 4.13050  -0.62102
 4.16493  -0.61844
 4.19809  -0.61540
 4.23125  -0.61183
 4.26370  -0.60786
 4.29859  -0.60307
 4.33348  -0.59778
 4.36528  -0.59254
 4.40306  -0.58582
 4.44085  -0.57860
 4.47667  -0.57132
 4.50186  -0.56597
 4.52704  -0.56044
 4.55453  -0.55420
 4.60544  -0.54214
 4.65635  -0.52949
 4.70649  -0.51653
 4.76819  -0.49999
 4.80880  -0.48881
 4.84941  -0.47744
 4.90557  -0.46146
 4.96999  -0.44285
 5.00352  -0.43309
 5.03704  -0.42330
 5.07550  -0.41205
 5.15060  -0.39010
 5.20711  -0.37368
 5.26361  -0.35740
 5.30387  -0.34592
 5.34414  -0.33455
 5.39217  -0.32116
 5.44950  -0.30547
 5.50302  -0.29113
 5.58567  -0.26964
 5.65196  -0.25301
 5.70034  -0.24126
 5.74872  -0.22982
 5.80518  -0.21690
 5.89930  -0.19639
 5.99519  -0.17687
 6.09865  -0.15734
 6.19269  -0.14099
 6.28673  -0.12592
 6.38002  -0.11222
 6.46884  -0.10027
 6.54123  -0.09130
 6.60916  -0.08347
 6.68329  -0.07556
 6.75639  -0.06837
 6.82091  -0.06251
 6.88542  -0.05707
 6.95599  -0.05158
 7.02033  -0.04697
 7.08466  -0.04271
 7.15401  -0.03850
 7.22414  -0.03461
 7.28857  -0.03134
 7.35750  -0.02814
 7.42781  -0.02517
 7.49392  -0.02264
 7.56309  -0.02022
 7.63321  -0.01801
 7.70119  -0.01607
 7.77120  -0.01426
 7.84187  -0.01262
 7.91211  -0.01115
 7.98431  -0.00980
 8.05631  -0.00859
 8.12926  -0.00749
 8.20174  -0.00651
 8.27602  -0.00562
 8.35128  -0.00480
 8.42738  -0.00407
 8.50400  -0.00341
 8.58248  -0.00280
 8.66231  -0.00224
 8.74371  -0.00171
 8.82655  -0.00122
 8.91119  -0.00075
 8.99818  -0.00029
 9.03070  -0.00012
