 0.00018   0.00000
 0.00023   0.00000
 0.00028   0.00000
 0.00034   0.00000
 0.00041   0.00000
 0.00049   0.00000
 0.00059   0.00000
 0.00069   0.00000
 0.00082   0.00000
 0.00096   0.00000
 0.00112   0.00000
 0.00131   0.00000
 0.00151   0.00000
 0.00174   0.00000
 0.00201   0.00000
 0.00230   0.00000
 0.00262   0.00000
 0.00299   0.00000
 0.00339   0.00000
 0.00384   0.00001
 0.00433   0.00001
 0.00487   0.00001
 0.00547   0.00001
 0.00612   0.00001
 0.00684   0.00002
 0.00762   0.00002
 0.00848   0.00003
 0.00941   0.00003
 0.01043   0.00004
 0.01152   0.00005
 0.01272   0.00006
 0.01401   0.00007
 0.01541   0.00009
 0.01692   0.00010
 0.01855   0.00013
 0.02031   0.00015
 0.02216   0.00018
 0.02419   0.00021
 0.02637   0.00025
 0.02871   0.00030
 0.03121   0.00036
 0.03383   0.00042
 0.03669   0.00049
 0.03975   0.00058
 0.04302   0.00068
 0.04653   0.00079
 0.05025   0.00092
 0.05478   0.00110
 0.05902   0.00128
 0.06355   0.00148
 0.06848   0.00172
 0.07359   0.00198
 0.07926   0.00230
 0.08504   0.00265
 0.09128   0.00305
 0.09720   0.00346
 0.10408   0.00397
 0.11138   0.00454
 0.11851   0.00514
 0.12665   0.00587
 0.13556   0.00672
 0.14488   0.00768
 0.15432   0.00871
 0.16397   0.00983
 0.17389   0.01104
 0.18414   0.01238
 0.19490   0.01386
 0.20649   0.01555
 0.21963   0.01758
 0.23333   0.01982
 0.24586   0.02199
 0.25986   0.02454
 0.27720   0.02789
 0.29311   0.03114
 0.30823   0.03439
 0.32692   0.03861
 0.34471   0.04285
 0.35900   0.04640
 0.37329   0.05008
 0.38793   0.05399
 0.40939   0.05996
 0.42795   0.06535
 0.44651   0.07095
 0.46583   0.07699
 0.48534   0.08331
 0.50479   0.08982
 0.52400   0.09646
 0.54275   0.10312
 0.56023   0.10950
 0.57749   0.11594
 0.59476   0.12253
 0.61261   0.12950
 0.62941   0.13618
 0.65983   0.14860
 0.68377   0.15864
 0.70770   0.16890
 0.72727   0.17744
 0.74684   0.18612
 0.76766   0.19548
 0.78996   0.20565
 0.80822   0.21409
 0.82649   0.22262
 0.84622   0.23192
 0.86674   0.24169
 0.88817   0.25197
 0.91135   0.26319
 0.92808   0.27133
 0.94481   0.27951
 0.96252   0.28821
 0.97910   0.29638
 0.99879   0.30611
 1.01849   0.31587
 1.04100   0.32703
 1.06328   0.33809
 1.08443   0.34858
 1.10460   0.35857
 1.12465   0.36848
 1.14466   0.37834
 1.16465   0.38815
 1.18463   0.39791
 1.20460   0.40761
 1.22457   0.41725
 1.24453   0.42682
 1.26448   0.43630
 1.28439   0.44569
 1.30426   0.45496
 1.32404   0.46409
 1.34366   0.47305
 1.36702   0.48358
 1.39067   0.49407
 1.41796   0.50595
 1.43724   0.51419
 1.45652   0.52230
 1.47723   0.53087
 1.49941   0.53986
 1.52468   0.54986
 1.54867   0.55911
 1.57413   0.56866
 1.59942   0.57787
 1.62470   0.58678
 1.64851   0.59489
 1.67369   0.60318
 1.69713   0.61062
 1.72092   0.61789
 1.73840   0.62305
 1.75587   0.62805
 1.77491   0.63331
 1.79446   0.63852
 1.81413   0.64356
 1.83370   0.64836
 1.85599   0.65358
 1.87824   0.65852
 1.89766   0.66261
 1.91708   0.66650
 1.93817   0.67048
 1.96127   0.67455
 1.97954   0.67757
 1.99780   0.68040
 2.00935   0.68209
 2.02090   0.68370
 2.03713   0.68585
 2.10274   0.69304
 2.11874   0.69443
 2.13474   0.69569
 2.19864   0.69930
 2.20837   0.69965
 2.21809   0.69996
 2.22832   0.70023
 2.29054   0.70067
 2.30593   0.70048
 2.31841   0.70023
 2.32967   0.69993
 2.39184   0.69719
 2.40934   0.69608
 2.42683   0.69483
 2.44759   0.69316
 2.47853   0.69030
 2.50946   0.68702
 2.56611   0.67994
 2.59617   0.67565
 2.60936   0.67365
 2.62255   0.67159
 2.64058   0.66866
 2.70661   0.65692
 2.72961   0.65248
 2.75046   0.64830
 2.77659   0.64286
 2.80272   0.63722
 2.82197   0.63293
 2.84122   0.62854
 2.90957   0.61215
 2.97859   0.59447
 3.00279   0.58802
 3.02334   0.58247
 3.04389   0.57683
 3.07601   0.56788
 3.10812   0.55876
 3.16800   0.54138
 3.19660   0.53292
 3.22520   0.52438
 3.25462   0.51552
 3.29048   0.50463
 3.30649   0.49975
 3.32250   0.49484
 3.34110   0.48913
 3.37608   0.47835
 3.40290   0.47006
 3.42972   0.46176
 3.45477   0.45400
 3.49421   0.44178
 3.53366   0.42959
 3.57702   0.41623
 3.65432   0.39261
 3.69650   0.37987
 3.73234   0.36915
 3.76818   0.35853
 3.80370   0.34812
 3.83922   0.33783
 3.87490   0.32762
 3.95692   0.30471
 4.00094   0.29275
 4.04496   0.28103
 4.08647   0.27023
 4.14649   0.25502
 4.20651   0.24034
 4.29799   0.21898
 4.35814   0.20563
 4.39885   0.19690
 4.43956   0.18843
 4.48138   0.18000
 4.55532   0.16574
 4.60592   0.15647
 4.65651   0.14757
 4.70505   0.13940
 4.75358   0.13158
 4.80820   0.12317
 4.86283   0.11518
 4.90580   0.10919
 4.94878   0.10344
 5.00041   0.09686
 5.05204   0.09061
 5.12147   0.08273
 5.19284   0.07522
 5.26214   0.06847
 5.31413   0.06375
 5.36410   0.05947
 5.41545   0.05532
 5.46365   0.05166
 5.52137   0.04754
 5.57460   0.04400
 5.64072   0.03991
 5.70290   0.03637
 5.76853   0.03294
 5.83531   0.02974
 5.89662   0.02704
 5.96214   0.02440
 6.02943   0.02193
 6.09090   0.01987
 6.15683   0.01785
 6.22486   0.01597
 6.28747   0.01439
 6.35427   0.01287
 6.42238   0.01146
 6.48843   0.01024
 6.55652   0.00910
 6.62601   0.00806
 6.69312   0.00715
 6.76303   0.00631
 6.83414   0.00555
 6.90441   0.00489
 6.97661   0.00428
 7.04979   0.00373
 7.12371   0.00325
 7.19812   0.00282
 7.27429   0.00244
 7.35174   0.00210
 7.43024   0.00180
 7.50958   0.00154
 7.59095   0.00130
 7.67384   0.00110
 7.75848   0.00092
 7.84478   0.00077
 7.93283   0.00064
 8.02282   0.00052
 8.11547   0.00042
 8.20972   0.00034
