 0.05068   0.00018   0.00026
 0.05119   0.00019   0.00027
 0.05169   0.00020   0.00027
 0.05220   0.00020   0.00028
 0.05271   0.00021   0.00029
 0.05322   0.00022   0.00030
 0.05374   0.00023   0.00031
 0.05426   0.00024   0.00032
 0.05478   0.00025   0.00033
 0.05531   0.00025   0.00034
 0.05584   0.00026   0.00035
 0.05637   0.00027   0.00036
 0.05691   0.00028   0.00037
 0.05745   0.00029   0.00038
 0.05799   0.00030   0.00039
 0.05854   0.00031   0.00040
 0.05909   0.00032   0.00041
 0.05964   0.00033   0.00043
 0.06020   0.00034   0.00044
 0.06071   0.00035   0.00045
 0.06128   0.00036   0.00046
 0.06184   0.00037   0.00047
 0.06241   0.00038   0.00048
 0.06298   0.00039   0.00049
 0.06356   0.00040   0.00051
 0.06414   0.00041   0.00052
 0.06472   0.00042   0.00053
 0.06531   0.00043   0.00054
 0.06590   0.00044   0.00056
 0.06649   0.00045   0.00057
 0.06709   0.00046   0.00058
 0.06769   0.00047   0.00060
 0.06829   0.00048   0.00061
 0.06890   0.00050   0.00062
 0.06951   0.00051   0.00064
 0.07005   0.00052   0.00065
 0.07058   0.00053   0.00066
 0.07120   0.00054   0.00067
 0.07182   0.00055   0.00069
 0.07245   0.00056   0.00070
 0.07308   0.00058   0.00072
 0.07372   0.00059   0.00073
 0.07436   0.00060   0.00075
 0.07500   0.00061   0.00076
 0.07564   0.00063   0.00078
 0.07629   0.00064   0.00080
 0.07695   0.00065   0.00081
 0.07760   0.00067   0.00083
 0.07826   0.00068   0.00084
 0.07893   0.00069   0.00086
 0.07960   0.00071   0.00088
 0.08027   0.00072   0.00090
 0.08089   0.00074   0.00091
 0.08157   0.00075   0.00093
 0.08225   0.00077   0.00095
 0.08294   0.00078   0.00097
 0.08363   0.00080   0.00098
 0.08433   0.00081   0.00100
 0.08503   0.00083   0.00102
 0.08573   0.00084   0.00104
 0.08644   0.00086   0.00106
 0.08715   0.00087   0.00108
 0.08787   0.00089   0.00110
 0.08859   0.00091   0.00112
 0.08932   0.00092   0.00114
 0.09005   0.00094   0.00116
 0.09079   0.00096   0.00118
 0.09153   0.00098   0.00120
 0.09227   0.00099   0.00122
 0.09302   0.00101   0.00125
 0.09377   0.00103   0.00127
 0.09453   0.00105   0.00129
 0.09529   0.00107   0.00131
 0.09606   0.00109   0.00134
 0.09683   0.00111   0.00136
 0.09760   0.00112   0.00138
 0.09838   0.00114   0.00141
 0.09917   0.00116   0.00143
 0.09996   0.00118   0.00146
 0.10076   0.00121   0.00148
 0.10157   0.00123   0.00151
 0.10237   0.00125   0.00153
 0.10318   0.00127   0.00156
 0.10400   0.00129   0.00159
 0.10482   0.00131   0.00161
 0.10565   0.00133   0.00164
 0.10648   0.00136   0.00167
 0.10731   0.00138   0.00170
 0.10816   0.00140   0.00172
 0.10900   0.00143   0.00175
 0.10985   0.00145   0.00178
 0.11071   0.00147   0.00181
 0.11163   0.00150   0.00184
 0.11250   0.00153   0.00187
 0.11338   0.00155   0.00191
 0.11426   0.00158   0.00194
 0.11514   0.00160   0.00197
 0.11604   0.00163   0.00200
 0.11693   0.00165   0.00203
 0.11784   0.00168   0.00207
 0.11875   0.00171   0.00210
 0.11966   0.00174   0.00213
 0.12058   0.00176   0.00217
 0.12156   0.00179   0.00220
 0.12249   0.00182   0.00224
 0.12343   0.00185   0.00228
 0.12438   0.00188   0.00231
 0.12533   0.00191   0.00235
 0.12629   0.00194   0.00239
 0.12725   0.00197   0.00243
 0.12822   0.00201   0.00246
 0.12920   0.00204   0.00250
 0.13006   0.00207   0.00254
 0.13092   0.00209   0.00257
 0.13191   0.00213   0.00261
 0.13292   0.00216   0.00265
 0.13392   0.00219   0.00270
 0.13494   0.00223   0.00274
 0.13596   0.00226   0.00278
 0.13699   0.00230   0.00282
 0.13803   0.00233   0.00287
 0.13907   0.00237   0.00291
 0.14000   0.00240   0.00295
 0.14094   0.00244   0.00299
 0.14200   0.00247   0.00304
 0.14307   0.00251   0.00309
 0.14415   0.00255   0.00314
 0.14523   0.00259   0.00318
 0.14632   0.00263   0.00323
 0.14742   0.00267   0.00328
 0.14853   0.00271   0.00333
 0.14964   0.00276   0.00339
 0.15076   0.00280   0.00344
 0.15190   0.00284   0.00349
 0.15304   0.00288   0.00354
 0.15418   0.00293   0.00360
 0.15533   0.00297   0.00365
 0.15649   0.00302   0.00371
 0.15766   0.00306   0.00377
 0.15884   0.00311   0.00382
 0.16002   0.00316   0.00388
 0.16122   0.00321   0.00394
 0.16242   0.00326   0.00400
 0.16363   0.00331   0.00406
 0.16485   0.00336   0.00413
 0.16607   0.00341   0.00419
 0.16731   0.00346   0.00425
 0.16855   0.00351   0.00432
 0.16980   0.00356   0.00438
 0.17106   0.00362   0.00445
 0.17243   0.00368   0.00452
 0.17371   0.00373   0.00459
 0.17500   0.00379   0.00466
 0.17629   0.00384   0.00473
 0.17760   0.00390   0.00480
 0.17891   0.00396   0.00487
 0.18023   0.00402   0.00494
 0.18146   0.00407   0.00501
 0.18280   0.00414   0.00509
 0.18415   0.00420   0.00516
 0.18550   0.00426   0.00524
 0.18687   0.00432   0.00532
 0.18825   0.00439   0.00540
 0.18964   0.00445   0.00548
 0.19103   0.00452   0.00556
 0.19245   0.00459   0.00565
 0.19386   0.00466   0.00573
 0.19529   0.00472   0.00582
 0.19672   0.00479   0.00590
 0.19817   0.00487   0.00599
 0.19962   0.00494   0.00608
 0.20109   0.00501   0.00617
 0.20258   0.00509   0.00626
 0.20406   0.00516   0.00636
 0.20556   0.00524   0.00645
 0.20706   0.00531   0.00655
 0.20858   0.00539   0.00664
 0.21011   0.00547   0.00674
 0.21154   0.00555   0.00683
 0.21309   0.00563   0.00694
 0.21465   0.00571   0.00704
 0.21621   0.00580   0.00714
 0.21779   0.00588   0.00725
 0.21938   0.00597   0.00736
 0.22099   0.00605   0.00746
 0.22268   0.00615   0.00758
 0.22431   0.00624   0.00769
 0.22595   0.00633   0.00781
 0.22759   0.00642   0.00792
 0.22925   0.00652   0.00804
 0.23092   0.00661   0.00816
 0.23255   0.00670   0.00827
 0.23425   0.00680   0.00839
 0.23595   0.00690   0.00852
 0.23767   0.00700   0.00864
 0.23940   0.00710   0.00877
 0.24114   0.00721   0.00890
 0.24291   0.00731   0.00903
 0.24467   0.00742   0.00916
 0.24645   0.00753   0.00930
 0.24824   0.00764   0.00943
 0.25004   0.00775   0.00957
 0.25187   0.00786   0.00971
 0.25370   0.00798   0.00985
 0.25554   0.00809   0.01000
 0.25739   0.00821   0.01014
 0.25926   0.00833   0.01029
 0.26114   0.00845   0.01044
 0.26311   0.00858   0.01060
 0.26502   0.00870   0.01076
 0.26694   0.00883   0.01091
 0.26887   0.00895   0.01107
 0.27037   0.00905   0.01120
 0.27174   0.00914   0.01131
 0.27370   0.00928   0.01148
 0.27568   0.00941   0.01164
 0.27768   0.00955   0.01181
 0.27968   0.00968   0.01199
 0.28171   0.00982   0.01216
 0.28398   0.00998   0.01236
 0.28604   0.01012   0.01254
 0.28810   0.01027   0.01272
 0.28979   0.01039   0.01287
 0.29148   0.01051   0.01302
 0.29361   0.01066   0.01321
 0.29573   0.01082   0.01340
 0.29786   0.01097   0.01360
 0.30001   0.01113   0.01380
 0.30227   0.01130   0.01401
 0.30445   0.01146   0.01421
 0.30665   0.01162   0.01442
 0.30886   0.01179   0.01462
 0.31109   0.01196   0.01484
 0.31310   0.01211   0.01503
 0.31536   0.01228   0.01525
 0.31763   0.01246   0.01547
 0.31992   0.01264   0.01569
 0.32222   0.01282   0.01592
 0.32460   0.01300   0.01616
 0.32694   0.01319   0.01639
 0.32929   0.01338   0.01663
 0.33166   0.01357   0.01687
 0.33407   0.01376   0.01711
 0.33648   0.01396   0.01736
 0.33890   0.01416   0.01761
 0.34134   0.01436   0.01787
 0.34369   0.01455   0.01811
 0.34616   0.01476   0.01838
 0.34866   0.01497   0.01864
 0.35041   0.01512   0.01883
 0.35200   0.01525   0.01900
 0.35453   0.01547   0.01928
 0.35708   0.01569   0.01955
 0.35965   0.01591   0.01984
 0.36224   0.01614   0.02012
 0.36486   0.01637   0.02042
 0.36749   0.01660   0.02071
 0.36984   0.01681   0.02098
 0.37218   0.01702   0.02124
 0.37511   0.01728   0.02158
 0.37780   0.01753   0.02189
 0.37990   0.01772   0.02213
 0.38199   0.01791   0.02238
 0.38502   0.01819   0.02273
 0.38779   0.01844   0.02306
 0.38984   0.01864   0.02330
 0.39189   0.01883   0.02355
 0.39473   0.01910   0.02389
 0.39757   0.01936   0.02424
 0.40043   0.01964   0.02459
 0.40324   0.01991   0.02493
 0.40614   0.02019   0.02529
 0.40906   0.02047   0.02565
 0.41200   0.02076   0.02602
 0.41499   0.02105   0.02640
 0.41797   0.02135   0.02678
 0.41983   0.02153   0.02702
 0.42168   0.02172   0.02726
 0.42472   0.02202   0.02765
 0.42777   0.02233   0.02805
 0.43006   0.02257   0.02835
 0.43236   0.02280   0.02865
 0.43547   0.02312   0.02907
 0.43860   0.02344   0.02948
 0.44175   0.02377   0.02991
 0.44479   0.02409   0.03032
 0.44799   0.02443   0.03076
 0.45002   0.02464   0.03103
 0.45206   0.02486   0.03131
 0.45531   0.02520   0.03176
 0.45858   0.02556   0.03222
 0.46188   0.02591   0.03268
 0.46515   0.02627   0.03315
 0.46850   0.02663   0.03362
 0.47187   0.02701   0.03411
 0.47510   0.02736   0.03457
 0.47852   0.02774   0.03507
 0.48196   0.02813   0.03557
 0.48537   0.02851   0.03608
 0.48887   0.02891   0.03659
 0.49239   0.02931   0.03712
 0.49632   0.02976   0.03771
 0.49990   0.03017   0.03825
 0.50350   0.03059   0.03880
 0.50725   0.03103   0.03938
 0.50984   0.03133   0.03978
 0.51244   0.03164   0.04018
 0.51616   0.03208   0.04077
 0.51989   0.03253   0.04135
 0.52364   0.03297   0.04194
 0.52756   0.03345   0.04257
 0.53006   0.03375   0.04297
 0.53256   0.03405   0.04338
 0.53640   0.03452   0.04400
 0.53918   0.03486   0.04445
 0.54196   0.03521   0.04491
 0.54489   0.03557   0.04539
 0.54882   0.03606   0.04604
 0.55278   0.03655   0.04670
 0.55668   0.03704   0.04736
 0.56002   0.03747   0.04792
 0.56335   0.03789   0.04849
 0.56742   0.03841   0.04918
 0.57048   0.03880   0.04971
 0.57353   0.03919   0.05024
 0.57768   0.03973   0.05096
 0.57965   0.03998   0.05130
 0.58162   0.04024   0.05165
 0.58422   0.04058   0.05210
 0.58844   0.04113   0.05285
 0.59270   0.04169   0.05361
 0.59703   0.04227   0.05438
 0.60009   0.04268   0.05494
 0.60299   0.04306   0.05546
 0.60735   0.04365   0.05626
 0.60988   0.04399   0.05672
 0.61240   0.04433   0.05718
 0.61667   0.04491   0.05797
 0.61971   0.04532   0.05853
 0.62274   0.04574   0.05910
 0.62683   0.04630   0.05987
 0.62999   0.04673   0.06046
 0.63315   0.04717   0.06106
 0.63781   0.04782   0.06195
 0.64014   0.04814   0.06240
 0.64224   0.04844   0.06280
 0.64690   0.04909   0.06370
 0.64947   0.04945   0.06420
 0.65204   0.04981   0.06470
 0.65504   0.05024   0.06528
 0.65980   0.05091   0.06622
 0.66459   0.05160   0.06717
 0.66984   0.05235   0.06821
 0.67471   0.05305   0.06919
 0.67995   0.05381   0.07025
 0.68490   0.05453   0.07125
 0.68999   0.05528   0.07229
 0.69502   0.05601   0.07333
 0.69950   0.05668   0.07426
 0.70399   0.05734   0.07519
 0.70945   0.05815   0.07634
 0.71463   0.05893   0.07743
 0.71934   0.05963   0.07843
 0.72404   0.06034   0.07944
 0.72923   0.06113   0.08055
 0.73456   0.06193   0.08170
 0.73826   0.06250   0.08251
 0.74196   0.06306   0.08332
 0.74594   0.06367   0.08419
 0.74944   0.06421   0.08496
 0.75295   0.06475   0.08574
 0.75686   0.06535   0.08660
 0.75979   0.06581   0.08726
 0.76272   0.06626   0.08791
 0.76683   0.06690   0.08884
 0.76980   0.06737   0.08950
 0.77277   0.06783   0.09018
 0.77703   0.06850   0.09114
 0.77943   0.06887   0.09169
 0.78184   0.06925   0.09224
 0.78465   0.06969   0.09288
 0.78827   0.07026   0.09372
 0.79188   0.07084   0.09455
 0.79574   0.07145   0.09544
 0.79945   0.07204   0.09631
 0.80317   0.07263   0.09718
 0.80729   0.07329   0.09814
 0.81006   0.07373   0.09879
 0.81282   0.07417   0.09945
 0.81880   0.07513   0.10086
 0.82483   0.07610   0.10230
 0.82840   0.07668   0.10316
 0.83197   0.07725   0.10401
 0.83638   0.07797   0.10508
 0.84068   0.07867   0.10612
 0.84480   0.07934   0.10712
 0.85104   0.08036   0.10865
 0.85738   0.08140   0.11021
 0.86372   0.08244   0.11178
 0.86760   0.08307   0.11274
 0.86974   0.08343   0.11328
 0.87188   0.08378   0.11381
 0.87490   0.08428   0.11457
 0.87877   0.08492   0.11554
 0.88264   0.08556   0.11652
 0.88638   0.08618   0.11746
 0.88963   0.08672   0.11829
 0.89289   0.08726   0.11911
 0.89688   0.08792   0.12013
 0.90000   0.08844   0.12093
 0.90312   0.08896   0.12173
 0.90983   0.09008   0.12346
 0.91660   0.09122   0.12521
 0.91971   0.09174   0.12603
 0.92283   0.09226   0.12684
 0.92689   0.09295   0.12790
 0.92962   0.09340   0.12862
 0.93235   0.09386   0.12933
 0.93577   0.09444   0.13024
 0.93884   0.09496   0.13105
 0.94191   0.09548   0.13186
 0.94579   0.09613   0.13289
 0.94876   0.09663   0.13368
 0.95172   0.09713   0.13447
 0.95896   0.09836   0.13641
 0.96613   0.09958   0.13834
 0.97080   0.10037   0.13960
 0.97546   0.10116   0.14087
 0.97919   0.10180   0.14189
 0.98292   0.10243   0.14291
 0.98673   0.10308   0.14395
 0.99068   0.10375   0.14503
 0.99462   0.10443   0.14612
 0.99905   0.10518   0.14734
 1.00348   0.10594   0.14857
 1.00774   0.10667   0.14975
 1.01338   0.10763   0.15132
 1.01903   0.10860   0.15290
 1.02669   0.10991   0.15505
 1.02948   0.11038   0.15584
 1.03227   0.11086   0.15663
 1.03557   0.11143   0.15756
 1.03952   0.11210   0.15868
 1.04347   0.11278   0.15980
 1.04792   0.11354   0.16107
 1.05328   0.11446   0.16260
 1.05865   0.11538   0.16414
 1.06293   0.11611   0.16537
 1.06694   0.11680   0.16653
 1.07500   0.11818   0.16886
 1.07994   0.11903   0.17030
 1.08488   0.11988   0.17173
 1.08883   0.12055   0.17289
 1.09278   0.12123   0.17404
 1.09649   0.12186   0.17513
 1.10480   0.12328   0.17758
 1.10998   0.12417   0.17910
 1.11517   0.12506   0.18064
 1.11944   0.12579   0.18191
 1.12372   0.12652   0.18318
 1.12835   0.12731   0.18456
 1.13290   0.12808   0.18592
 1.13745   0.12886   0.18728
 1.14361   0.12990   0.18912
 1.14976   0.13095   0.19098
 1.15855   0.13244   0.19363
 1.16281   0.13317   0.19492
 1.16705   0.13388   0.19621
 1.17374   0.13502   0.19824
 1.17786   0.13571   0.19950
 1.18198   0.13641   0.20076
 1.18596   0.13708   0.20197
 1.18985   0.13773   0.20316
 1.19373   0.13839   0.20436
 1.19932   0.13933   0.20608
 1.20854   0.14088   0.20892
 1.21297   0.14162   0.21029
 1.21720   0.14232   0.21160
 1.22363   0.14340   0.21359
 1.23007   0.14447   0.21560
 1.23587   0.14543   0.21740
 1.24542   0.14701   0.22039
 1.24933   0.14766   0.22161
 1.25324   0.14831   0.22284
 1.25740   0.14899   0.22415
 1.26416   0.15010   0.22627
 1.26819   0.15077   0.22754
 1.27222   0.15142   0.22881
 1.27728   0.15225   0.23041
 1.28408   0.15336   0.23256
 1.28812   0.15402   0.23384
 1.29216   0.15467   0.23513
 1.29679   0.15542   0.23660
 1.30377   0.15655   0.23882
 1.30820   0.15726   0.24023
 1.31262   0.15797   0.24164
 1.31883   0.15897   0.24362
 1.32368   0.15974   0.24517
 1.32812   0.16045   0.24660
 1.33307   0.16124   0.24818
 1.33802   0.16202   0.24977
 1.34318   0.16284   0.25143
 1.34834   0.16365   0.25308
 1.35345   0.16445   0.25473
 1.35805   0.16517   0.25621
 1.36313   0.16597   0.25785
 1.36821   0.16676   0.25949
 1.37318   0.16753   0.26109
 1.37813   0.16829   0.26269
 1.38308   0.16906   0.26430
 1.38803   0.16982   0.26590
 1.39314   0.17060   0.26756
 1.39825   0.17138   0.26921
 1.40336   0.17215   0.27087
 1.40815   0.17288   0.27242
 1.41312   0.17363   0.27404
 1.41809   0.17438   0.27565
 1.42311   0.17513   0.27729
 1.42813   0.17588   0.27892
 1.43313   0.17662   0.28055
 1.43812   0.17736   0.28218
 1.44313   0.17810   0.28381
 1.44814   0.17884   0.28544
 1.45321   0.17958   0.28709
 1.45827   0.18031   0.28875
 1.46300   0.18100   0.29029
 1.46773   0.18168   0.29183
 1.47366   0.18254   0.29377
 1.47960   0.18339   0.29571
 1.48496   0.18415   0.29746
 1.48867   0.18468   0.29867
 1.49238   0.18520   0.29988
 1.49652   0.18578   0.30124
 1.50405   0.18683   0.30369
 1.50818   0.18741   0.30504
 1.51232   0.18798   0.30640
 1.51798   0.18877   0.30825
 1.52370   0.18955   0.31011
 1.52901   0.19027   0.31185
 1.53443   0.19101   0.31362
 1.53950   0.19169   0.31527
 1.54625   0.19260   0.31748
 1.54991   0.19309   0.31867
 1.55357   0.19357   0.31986
 1.55951   0.19436   0.32180
 1.56853   0.19554   0.32474
 1.57290   0.19611   0.32617
 1.57721   0.19667   0.32757
 1.58360   0.19749   0.32965
 1.58998   0.19830   0.33173
 1.59615   0.19909   0.33373
 1.59957   0.19952   0.33484
 1.60298   0.19995   0.33595
 1.60711   0.20046   0.33729
 1.61396   0.20131   0.33951
 1.61789   0.20180   0.34079
 1.62182   0.20228   0.34206
 1.62564   0.20274   0.34330
 1.62993   0.20326   0.34469
 1.63422   0.20378   0.34607
 1.63867   0.20432   0.34751
 1.64312   0.20485   0.34895
 1.64720   0.20533   0.35027
 1.65375   0.20610   0.35237
 1.65822   0.20663   0.35381
 1.66269   0.20714   0.35525
 1.66841   0.20780   0.35709
 1.67309   0.20834   0.35859
 1.67765   0.20886   0.36006
 1.68348   0.20952   0.36192
 1.68931   0.21017   0.36379
 1.69586   0.21090   0.36588
 1.69904   0.21124   0.36690
 1.70222   0.21159   0.36791
 1.70557   0.21196   0.36898
 1.70981   0.21242   0.37033
 1.71406   0.21287   0.37168
 1.71992   0.21350   0.37354
 1.72674   0.21422   0.37570
 1.73356   0.21493   0.37785
 1.73970   0.21557   0.37979
 1.74657   0.21627   0.38196
 1.74995   0.21661   0.38302
 1.75332   0.21695   0.38408
 1.75964   0.21758   0.38606
 1.76661   0.21827   0.38824
 1.76953   0.21856   0.38916
 1.77246   0.21884   0.39007
 1.77607   0.21919   0.39120
 1.77962   0.21953   0.39230
 1.78316   0.21987   0.39340
 1.78756   0.22029   0.39477
 1.79347   0.22084   0.39660
 1.79937   0.22139   0.39843
 1.80649   0.22204   0.40062
 1.80976   0.22234   0.40163
 1.81304   0.22263   0.40264
 1.81759   0.22304   0.40403
 1.82344   0.22356   0.40582
 1.82929   0.22407   0.40761
 1.83653   0.22469   0.40982
 1.83984   0.22497   0.41082
 1.84316   0.22525   0.41183
 1.84815   0.22567   0.41334
 1.85315   0.22609   0.41485
 1.85815   0.22650   0.41636
 1.86315   0.22690   0.41786
 1.86815   0.22730   0.41937
 1.87314   0.22770   0.42086
 1.87814   0.22809   0.42235
 1.88315   0.22848   0.42385
 1.88817   0.22886   0.42534
 1.89312   0.22923   0.42680
 1.89808   0.22960   0.42827
 1.90321   0.22998   0.42978
 1.90835   0.23036   0.43129
 1.91334   0.23071   0.43276
 1.91801   0.23104   0.43412
 1.92373   0.23144   0.43579
 1.92903   0.23181   0.43733
 1.93584   0.23227   0.43930
 1.93942   0.23251   0.44034
 1.94301   0.23275   0.44137
 1.94710   0.23301   0.44255
 1.95469   0.23350   0.44472
 1.95918   0.23378   0.44600
 1.96368   0.23406   0.44728
 1.96826   0.23435   0.44858
 1.97327   0.23465   0.45000
 1.97815   0.23494   0.45137
 1.98315   0.23523   0.45278
 1.98815   0.23552   0.45418
 1.99316   0.23580   0.45558
 1.99816   0.23608   0.45697
 2.00361   0.23638   0.45848
 2.00862   0.23665   0.45986
 2.01178   0.23682   0.46073
 2.01494   0.23698   0.46160
 2.03153   0.23782   0.46613
 2.04829   0.23862   0.47064
 2.06519   0.23937   0.47514
 2.08223   0.24006   0.47960
 2.09939   0.24071   0.48404
 2.10478   0.24091   0.48542
 2.10751   0.24100   0.48612
 2.10898   0.24105   0.48649
 2.10982   0.24108   0.48670
 2.11065   0.24111   0.48692
 2.11167   0.24114   0.48718
 2.12184   0.24148   0.48975
 2.13925   0.24201   0.49409
 2.15681   0.24248   0.49840
 2.17450   0.24290   0.50266
 2.19231   0.24327   0.50688
 2.19898   0.24339   0.50844
 2.20566   0.24351   0.50999
 2.20844   0.24355   0.51063
 2.20993   0.24358   0.51097
 2.21143   0.24360   0.51132
 2.21339   0.24363   0.51177
 2.23137   0.24387   0.51585
 2.24952   0.24406   0.51988
 2.26778   0.24418   0.52385
 2.28616   0.24425   0.52776
 2.30464   0.24426   0.53159
 2.30737   0.24425   0.53215
 2.30911   0.24425   0.53251
 2.31085   0.24425   0.53286
 2.31245   0.24424   0.53319
 2.32843   0.24418   0.53639
 2.34710   0.24405   0.54005
 2.36588   0.24386   0.54362
 2.38476   0.24361   0.54711
 2.40372   0.24330   0.55051
 2.40647   0.24325   0.55100
 2.40922   0.24320   0.55148
 2.41113   0.24317   0.55181
 2.41303   0.24313   0.55214
 2.43200   0.24273   0.55539
 2.45115   0.24227   0.55855
 2.47038   0.24175   0.56162
 2.48967   0.24117   0.56459
 2.50905   0.24053   0.56745
 2.51119   0.24046   0.56776
 2.51334   0.24038   0.56807
 2.53266   0.23968   0.57078
 2.55215   0.23891   0.57340
 2.57170   0.23809   0.57591
 2.59131   0.23721   0.57830
 2.59677   0.23695   0.57894
 2.60223   0.23669   0.57958
 2.60524   0.23655   0.57993
 2.60824   0.23640   0.58027
 2.61232   0.23620   0.58073
 2.61639   0.23600   0.58118
 2.63599   0.23500   0.58330
 2.65574   0.23395   0.58530
 2.67552   0.23284   0.58719
 2.69535   0.23167   0.58895
 2.70072   0.23135   0.58941
 2.70609   0.23103   0.58985
 2.70953   0.23081   0.59013
 2.71097   0.23073   0.59025
 2.71237   0.23064   0.59036
 2.72642   0.22976   0.59146
 2.74627   0.22848   0.59290
 2.76619   0.22715   0.59421
 2.78614   0.22577   0.59541
 2.80611   0.22435   0.59647
 2.80962   0.22409   0.59664
 2.81144   0.22396   0.59673
 2.81311   0.22384   0.59681
 2.82976   0.22261   0.59756
 2.84972   0.22110   0.59835
 2.86972   0.21955   0.59901
 2.88974   0.21796   0.59954
 2.90976   0.21634   0.59994
 2.91281   0.21609   0.59999
 2.91557   0.21586   0.60004
 2.93545   0.21420   0.60028
 2.95546   0.21250   0.60039
 2.97547   0.21077   0.60039
 2.99549   0.20901   0.60026
 3.00096   0.20852   0.60020
 3.00644   0.20803   0.60013
 3.00832   0.20786   0.60011
 3.00948   0.20776   0.60009
 3.01064   0.20765   0.60007
 3.01224   0.20751   0.60005
 3.02826   0.20606   0.59977
 3.04821   0.20423   0.59932
 3.06818   0.20237   0.59875
 3.08814   0.20049   0.59806
 3.10809   0.19859   0.59725
 3.10966   0.19844   0.59718
 3.11123   0.19829   0.59711
 3.11275   0.19814   0.59704
 3.12798   0.19667   0.59633
 3.14785   0.19474   0.59529
 3.16773   0.19279   0.59414
 3.18759   0.19082   0.59288
 3.20743   0.18883   0.59151
 3.20965   0.18861   0.59135
 3.21187   0.18839   0.59119
 3.21387   0.18818   0.59105
 3.23353   0.18620   0.58955
 3.25331   0.18419   0.58794
 3.27305   0.18217   0.58622
 3.29277   0.18014   0.58441
 3.29779   0.17962   0.58393
 3.30282   0.17910   0.58344
 3.30579   0.17879   0.58315
 3.30877   0.17848   0.58286
 3.31167   0.17818   0.58257
 3.31458   0.17788   0.58228
 3.33409   0.17585   0.58028
 3.35370   0.17381   0.57817
 3.37329   0.17176   0.57597
 3.39283   0.16971   0.57368
 3.39775   0.16919   0.57309
 3.40267   0.16867   0.57250
 3.40557   0.16837   0.57214
 3.40847   0.16806   0.57178
 3.41000   0.16790   0.57160
 3.41153   0.16774   0.57141
 3.41552   0.16732   0.57091
 3.43486   0.16528   0.56845
 3.45429   0.16323   0.56590
 3.47368   0.16118   0.56327
 3.49303   0.15914   0.56056
 3.49796   0.15861   0.55985
 3.50289   0.15809   0.55915
 3.50577   0.15779   0.55873
 3.50864   0.15749   0.55831
 3.50995   0.15735   0.55812
 3.51125   0.15721   0.55793
 3.51320   0.15700   0.55765
 3.53232   0.15498   0.55481
 3.55155   0.15295   0.55188
 3.57073   0.15093   0.54889
 3.58988   0.14891   0.54583
 3.60897   0.14690   0.54271
 3.61130   0.14666   0.54232
 3.61363   0.14642   0.54193
 3.63254   0.14443   0.53876
 3.65154   0.14245   0.53551
 3.67049   0.14047   0.53220
 3.68941   0.13850   0.52884
 3.70827   0.13655   0.52542
 3.70984   0.13639   0.52514
 3.71142   0.13622   0.52485
 3.71325   0.13604   0.52451
 3.73163   0.13414   0.52112
 3.75039   0.13222   0.51760
 3.76911   0.13030   0.51404
 3.78778   0.12841   0.51044
 3.80641   0.12652   0.50680
 3.80831   0.12633   0.50642
 3.80951   0.12621   0.50618
 3.81072   0.12609   0.50595
 3.81253   0.12590   0.50559
 3.83063   0.12409   0.50199
 3.84915   0.12224   0.49827
 3.86762   0.12040   0.49451
 3.88604   0.11858   0.49072
 3.90442   0.11678   0.48690
 3.90795   0.11644   0.48617
 3.90931   0.11631   0.48588
 3.91067   0.11617   0.48560
 3.91216   0.11603   0.48529
 3.92703   0.11458   0.48216
 3.94527   0.11282   0.47829
 3.96349   0.11107   0.47440
 3.98167   0.10935   0.47048
 3.99980   0.10763   0.46654
 4.00615   0.10704   0.46516
 4.00936   0.10673   0.46446
 4.01117   0.10657   0.46406
 4.01298   0.10640   0.46367
 4.03089   0.10473   0.45973
 4.04889   0.10306   0.45575
 4.06684   0.10142   0.45176
 4.08475   0.09979   0.44776
 4.10261   0.09818   0.44375
 4.10722   0.09777   0.44271
 4.10992   0.09753   0.44210
 4.11262   0.09729   0.44149
 4.11598   0.09699   0.44073
 4.13364   0.09542   0.43673
 4.15137   0.09386   0.43270
 4.16906   0.09233   0.42866
 4.18670   0.09080   0.42462
 4.20429   0.08930   0.42058
 4.20866   0.08893   0.41958
 4.21154   0.08869   0.41891
 4.21427   0.08846   0.41828
 4.23167   0.08699   0.41427
 4.24915   0.08554   0.41023
 4.26657   0.08411   0.40620
 4.28395   0.08269   0.40217
 4.30129   0.08129   0.39814
 4.30840   0.08072   0.39649
 4.31204   0.08043   0.39564
 4.31569   0.08014   0.39479
 4.33283   0.07879   0.39081
 4.35004   0.07744   0.38680
 4.36720   0.07612   0.38281
 4.38432   0.07481   0.37882
 4.40139   0.07352   0.37484
 4.40849   0.07298   0.37319
 4.41175   0.07274   0.37243
 4.41479   0.07251   0.37173
 4.43167   0.07126   0.36780
 4.44862   0.07002   0.36386
 4.46553   0.06880   0.35994
 4.48239   0.06760   0.35603
 4.49922   0.06641   0.35213
 4.50508   0.06600   0.35078
 4.50941   0.06570   0.34978
 4.51159   0.06555   0.34927
 4.51357   0.06541   0.34882
 4.53019   0.06426   0.34498
 4.54689   0.06312   0.34114
 4.56355   0.06200   0.33731
 4.58016   0.06090   0.33351
 4.59673   0.05981   0.32972
 4.60211   0.05946   0.32850
 4.60749   0.05911   0.32727
 4.60933   0.05899   0.32685
 4.61117   0.05888   0.32643
 4.61322   0.05874   0.32597
 4.62959   0.05770   0.32225
 4.64604   0.05666   0.31853
 4.66244   0.05564   0.31483
 4.67881   0.05463   0.31115
 4.69513   0.05364   0.30749
 4.70018   0.05334   0.30637
 4.70522   0.05304   0.30524
 4.70848   0.05284   0.30452
 4.71174   0.05265   0.30379
 4.71485   0.05247   0.30310
 4.73098   0.05152   0.29952
 4.74717   0.05058   0.29594
 4.76333   0.04965   0.29239
 4.77944   0.04874   0.28886
 4.79552   0.04785   0.28536
 4.80047   0.04757   0.28428
 4.80542   0.04730   0.28321
 4.80883   0.04712   0.28247
 4.81170   0.04696   0.28185
 4.81456   0.04680   0.28123
 4.83045   0.04595   0.27781
 4.84641   0.04510   0.27439
 4.86232   0.04426   0.27099
 4.87820   0.04344   0.26763
 4.89404   0.04263   0.26429
 4.90984   0.04184   0.26097
 4.92068   0.04130   0.25871
 4.93057   0.04082   0.25666
 4.94624   0.04006   0.25342
 4.96191   0.03930   0.25020
 4.97756   0.03857   0.24701
 4.99316   0.03784   0.24384
 5.00873   0.03713   0.24070
 5.01181   0.03699   0.24009
 5.01488   0.03685   0.23947
 5.03030   0.03616   0.23639
 5.04579   0.03548   0.23333
 5.06123   0.03481   0.23028
 5.07665   0.03415   0.22727
 5.09203   0.03350   0.22429
 5.10737   0.03286   0.22133
 5.10961   0.03277   0.22090
 5.11185   0.03268   0.22048
 5.11422   0.03258   0.22002
 5.12941   0.03196   0.21713
 5.14467   0.03135   0.21424
 5.15990   0.03075   0.21139
 5.17509   0.03017   0.20856
 5.19025   0.02959   0.20576
 5.20537   0.02902   0.20299
 5.20905   0.02888   0.20232
 5.21170   0.02879   0.20183
 5.21435   0.02869   0.20135
 5.22933   0.02814   0.19864
 5.24437   0.02760   0.19595
 5.25937   0.02707   0.19328
 5.27435   0.02654   0.19064
 5.28929   0.02603   0.18802
 5.30420   0.02553   0.18544
 5.30867   0.02538   0.18467
 5.31199   0.02527   0.18410
 5.31532   0.02516   0.18353
 5.33008   0.02467   0.18100
 5.34490   0.02419   0.17850
 5.35969   0.02372   0.17602
 5.37445   0.02326   0.17356
 5.38918   0.02281   0.17114
 5.40388   0.02237   0.16874
 5.41855   0.02193   0.16637
 5.43238   0.02152   0.16415
 5.44698   0.02110   0.16183
 5.46156   0.02069   0.15954
 5.47611   0.02028   0.15728
 5.49063   0.01989   0.15504
 5.50512   0.01950   0.15283
 5.50917   0.01939   0.15221
 5.51222   0.01931   0.15175
 5.51497   0.01923   0.15133
 5.52932   0.01886   0.14918
 5.54373   0.01849   0.14704
 5.55811   0.01812   0.14492
 5.57246   0.01777   0.14283
 5.58679   0.01742   0.14076
 5.60109   0.01707   0.13872
 5.60732   0.01692   0.13784
 5.61356   0.01678   0.13696
 5.62087   0.01661   0.13593
 5.63504   0.01628   0.13395
 5.64924   0.01595   0.13200
 5.66342   0.01564   0.13006
 5.67756   0.01533   0.12816
 5.69168   0.01502   0.12627
 5.70578   0.01473   0.12441
 5.70997   0.01464   0.12386
 5.71416   0.01455   0.12331
 5.72116   0.01441   0.12240
 5.73514   0.01412   0.12059
 5.74915   0.01384   0.11881
 5.76313   0.01356   0.11704
 5.77709   0.01329   0.11530
 5.79102   0.01303   0.11357
 5.80493   0.01277   0.11188
 5.80954   0.01268   0.11132
 5.81415   0.01260   0.11076
 5.81863   0.01251   0.11022
 5.83242   0.01227   0.10857
 5.84624   0.01202   0.10694
 5.86005   0.01178   0.10533
 5.87382   0.01154   0.10374
 5.88757   0.01131   0.10217
 5.90130   0.01109   0.10062
 5.90755   0.01098   0.09992
 5.91380   0.01088   0.09923
 5.91959   0.01079   0.09859
 5.93320   0.01057   0.09709
 5.94684   0.01036   0.09561
 5.96046   0.01015   0.09415
 5.97406   0.00995   0.09271
 5.98763   0.00975   0.09129
 6.00118   0.00955   0.08989
 6.00735   0.00946   0.08925
 6.01352   0.00938   0.08863
 6.02121   0.00927   0.08785
 6.03465   0.00908   0.08650
 6.04812   0.00890   0.08516
 6.06156   0.00872   0.08384
 6.07498   0.00854   0.08255
 6.08837   0.00837   0.08126
 6.10175   0.00820   0.08000
 6.10814   0.00812   0.07940
 6.11271   0.00806   0.07898
 6.11727   0.00801   0.07856
 6.13053   0.00785   0.07734
 6.14383   0.00769   0.07613
 6.15711   0.00753   0.07494
 6.17036   0.00738   0.07376
 6.18360   0.00723   0.07261
 6.19681   0.00708   0.07147
 6.21000   0.00694   0.07034
 6.22329   0.00680   0.06922
 6.23644   0.00666   0.06813
 6.24956   0.00653   0.06705
 6.26267   0.00639   0.06599
 6.27575   0.00626   0.06495
 6.28881   0.00614   0.06392
 6.30185   0.00601   0.06290
 6.30824   0.00595   0.06241
 6.31295   0.00591   0.06205
 6.31760   0.00587   0.06169
 6.33053   0.00575   0.06071
 6.34350   0.00563   0.05974
 6.35645   0.00552   0.05879
 6.36938   0.00541   0.05785
 6.38229   0.00530   0.05692
 6.39518   0.00519   0.05601
 6.40805   0.00508   0.05511
 6.41279   0.00505   0.05478
 6.41753   0.00501   0.05445
 6.43031   0.00491   0.05358
 6.44312   0.00481   0.05272
 6.45592   0.00471   0.05187
 6.46870   0.00461   0.05103
 6.48145   0.00452   0.05020
 6.49419   0.00443   0.04939
 6.50691   0.00434   0.04859
 6.51442   0.00429   0.04812
 6.52193   0.00424   0.04766
 6.53457   0.00415   0.04688
 6.54723   0.00406   0.04612
 6.55986   0.00398   0.04537
 6.57248   0.00390   0.04463
 6.58508   0.00382   0.04390
 6.59766   0.00374   0.04318
 6.60515   0.00370   0.04276
 6.60980   0.00367   0.04250
 6.61445   0.00364   0.04224
 6.62032   0.00361   0.04192
 6.63280   0.00353   0.04123
 6.64531   0.00346   0.04055
 6.65780   0.00339   0.03989
 6.67027   0.00332   0.03923
 6.68273   0.00326   0.03859
 6.69517   0.00319   0.03795
 6.70759   0.00312   0.03732
 6.71314   0.00310   0.03705
 6.71869   0.00307   0.03677
 6.73102   0.00301   0.03617
 6.74339   0.00294   0.03557
 6.75574   0.00288   0.03498
 6.76807   0.00283   0.03440
 6.78039   0.00277   0.03383
 6.79269   0.00271   0.03327
 6.80497   0.00266   0.03271
 6.81723   0.00260   0.03217
 6.82921   0.00255   0.03164
 6.84144   0.00250   0.03112
 6.85365   0.00245   0.03060
 6.86585   0.00240   0.03009
 6.87803   0.00235   0.02958
 6.89019   0.00230   0.02909
 6.90234   0.00225   0.02860
 6.90880   0.00223   0.02834
 6.91310   0.00221   0.02818
 6.91703   0.00220   0.02802
 6.92908   0.00215   0.02755
 6.94117   0.00211   0.02709
 6.95325   0.00207   0.02664
 6.96531   0.00202   0.02619
 6.97736   0.00198   0.02575
 6.98939   0.00194   0.02531
 7.00140   0.00190   0.02489
 7.00747   0.00188   0.02467
 7.01353   0.00186   0.02446
 7.02303   0.00183   0.02413
 7.03498   0.00180   0.02373
 7.04693   0.00176   0.02333
 7.05887   0.00172   0.02293
 7.07079   0.00169   0.02254
 7.08270   0.00165   0.02216
 7.09459   0.00162   0.02178
 7.10646   0.00159   0.02141
 7.11000   0.00158   0.02131
 7.11353   0.00157   0.02120
 7.12457   0.00154   0.02086
 7.13640   0.00151   0.02051
 7.14822   0.00148   0.02016
 7.16003   0.00145   0.01982
 7.17182   0.00142   0.01948
 7.18360   0.00139   0.01915
 7.19536   0.00136   0.01882
 7.20711   0.00133   0.01850
 7.21479   0.00132   0.01829
 7.22173   0.00130   0.01810
 7.23341   0.00128   0.01780
 7.24511   0.00125   0.01749
 7.25680   0.00123   0.01719
 7.26847   0.00120   0.01690
 7.28012   0.00118   0.01661
 7.29176   0.00116   0.01632
 7.30339   0.00114   0.01604
 7.30787   0.00113   0.01594
 7.31235   0.00112   0.01583
 7.31722   0.00111   0.01572
 7.32877   0.00109   0.01545
 7.34035   0.00106   0.01518
 7.35192   0.00104   0.01492
 7.36347   0.00102   0.01467
 7.37501   0.00100   0.01441
 7.38654   0.00098   0.01417
 7.39805   0.00096   0.01392
 7.40955   0.00094   0.01368
 7.42104   0.00091   0.01345
 7.43225   0.00089   0.01322
 7.44371   0.00087   0.01300
 7.45515   0.00085   0.01277
 7.46658   0.00082   0.01256
 7.47800   0.00080   0.01234
 7.48941   0.00078   0.01213
 7.50080   0.00076   0.01192
 7.50701   0.00075   0.01181
 7.51322   0.00074   0.01170
 7.51911   0.00073   0.01159
 7.53042   0.00071   0.01140
 7.54177   0.00069   0.01120
 7.55310   0.00067   0.01101
 7.56442   0.00065   0.01082
 7.57572   0.00062   0.01064
 7.58701   0.00060   0.01046
 7.59829   0.00058   0.01028
 7.60956   0.00056   0.01010
 7.62081   0.00054   0.00993
 7.63198   0.00053   0.00976
 7.64321   0.00051   0.00960
 7.65443   0.00049   0.00943
 7.66563   0.00047   0.00927
 7.67682   0.00045   0.00911
 7.68800   0.00044   0.00896
 7.69917   0.00042   0.00881
 7.70622   0.00041   0.00871
 7.70926   0.00040   0.00867
 7.71230   0.00040   0.00863
 7.71584   0.00039   0.00858
 7.72692   0.00038   0.00844
 7.73805   0.00037   0.00830
 7.74916   0.00035   0.00816
 7.76026   0.00033   0.00802
 7.77134   0.00032   0.00788
 7.78242   0.00030   0.00775
 7.79348   0.00029   0.00762
 7.80453   0.00027   0.00749
 7.80978   0.00026   0.00743
 7.81503   0.00026   0.00737
 7.82214   0.00025   0.00729
 7.83313   0.00023   0.00717
 7.84414   0.00022   0.00705
 7.85514   0.00020   0.00693
 7.86612   0.00019   0.00681
 7.87710   0.00017   0.00670
 7.88806   0.00016   0.00659
 7.89901   0.00015   0.00648
 7.90995   0.00013   0.00637
 7.92088   0.00011   0.00626
 7.93190   0.00009   0.00616
 7.94281   0.00007   0.00606
 7.95370   0.00004   0.00596
 7.96458   0.00002   0.00587
 7.97546  -0.00000   0.00577
 7.98631  -0.00002   0.00568
 7.99716  -0.00004   0.00559
 8.00800  -0.00007   0.00550
 8.01367  -0.00008   0.00546
 8.01933  -0.00009   0.00541
 8.03011  -0.00010   0.00532
 8.04091  -0.00012   0.00524
 8.05171  -0.00014   0.00516
 8.06249  -0.00016   0.00508
 8.07326  -0.00017   0.00500
 8.08402  -0.00019   0.00492
 8.09477  -0.00021   0.00484
 8.10551  -0.00023   0.00477
 8.11624  -0.00025   0.00469
 8.12723  -0.00027   0.00462
 8.13794  -0.00030   0.00455
 8.14863  -0.00032   0.00448
 8.15932  -0.00035   0.00442
 8.16999  -0.00038   0.00435
 8.18066  -0.00041   0.00429
 8.19131  -0.00043   0.00423
 8.20195  -0.00046   0.00417
 8.20804  -0.00048   0.00413
 8.21412  -0.00049   0.00410
 8.21973  -0.00050   0.00407
 8.23031  -0.00051   0.00401
 8.24091  -0.00052   0.00395
 8.25151  -0.00053   0.00389
 8.26209  -0.00054   0.00383
 8.27267  -0.00056   0.00378
 8.28323  -0.00057   0.00372
 8.29378  -0.00058   0.00367
 8.30433  -0.00060   0.00362
 8.30927  -0.00060   0.00359
 8.31421  -0.00061   0.00357
 8.31973  -0.00062   0.00354
 8.33022  -0.00064   0.00349
 8.34073  -0.00065   0.00345
 8.35123  -0.00067   0.00340
 8.36171  -0.00069   0.00335
 8.37220  -0.00070   0.00331
 8.38267  -0.00072   0.00327
 8.39313  -0.00074   0.00322
 8.40358  -0.00076   0.00318
 8.40845  -0.00077   0.00316
 8.41332  -0.00077   0.00314
 8.41825  -0.00077   0.00312
 8.42864  -0.00076   0.00308
 8.43906  -0.00076   0.00304
 8.44947  -0.00075   0.00300
 8.45986  -0.00075   0.00295
 8.47025  -0.00075   0.00291
 8.48063  -0.00075   0.00288
 8.49100  -0.00075   0.00284
 8.50136  -0.00075   0.00280
 8.51172  -0.00076   0.00276
 8.52204  -0.00073   0.00272
 8.53238  -0.00070   0.00268
 8.54270  -0.00067   0.00264
 8.55301  -0.00063   0.00260
 8.56332  -0.00060   0.00256
 8.57361  -0.00057   0.00252
 8.58390  -0.00054   0.00249
 8.59418  -0.00051   0.00245
 8.60444  -0.00048   0.00241
 8.60954  -0.00047   0.00240
 8.61463  -0.00045   0.00238
 8.62099  -0.00043   0.00236
 8.63120  -0.00040   0.00232
 8.64144  -0.00038   0.00229
 8.65167  -0.00035   0.00226
 8.66188  -0.00032   0.00223
 8.67209  -0.00029   0.00220
 8.68229  -0.00027   0.00217
 8.69248  -0.00024   0.00214
 8.70266  -0.00022   0.00211
 8.70894  -0.00021   0.00210
 8.71521  -0.00020   0.00208
 8.72163  -0.00019   0.00207
 8.73176  -0.00019   0.00204
 8.74191  -0.00018   0.00202
 8.75205  -0.00017   0.00200
 8.76218  -0.00016   0.00198
 8.77230  -0.00015   0.00196
 8.78241  -0.00014   0.00194
 8.79251  -0.00013   0.00192
 8.80261  -0.00012   0.00190
 8.80885  -0.00012   0.00189
 8.81510  -0.00011   0.00188
 8.82144  -0.00009   0.00187
 8.83148  -0.00007   0.00185
 8.84155  -0.00005   0.00183
 8.85160  -0.00003   0.00181
 8.86164  -0.00001   0.00180
 8.86650   0.00000   0.00179
