 0.05068   0.00403   0.00891
 0.05123   0.00422   0.00911
 0.05177   0.00441   0.00932
 0.05233   0.00460   0.00952
 0.05289   0.00479   0.00973
 0.05346   0.00499   0.00994
 0.05403   0.00519   0.01016
 0.05462   0.00538   0.01038
 0.05521   0.00558   0.01060
 0.05580   0.00578   0.01083
 0.05640   0.00599   0.01105
 0.05701   0.00619   0.01129
 0.05763   0.00639   0.01152
 0.05825   0.00660   0.01176
 0.05888   0.00681   0.01200
 0.05952   0.00702   0.01224
 0.05997   0.00717   0.01242
 0.06042   0.00731   0.01259
 0.06108   0.00753   0.01285
 0.06174   0.00774   0.01310
 0.06241   0.00796   0.01336
 0.06309   0.00818   0.01362
 0.06377   0.00840   0.01389
 0.06446   0.00862   0.01416
 0.06516   0.00884   0.01443
 0.06587   0.00907   0.01470
 0.06658   0.00930   0.01498
 0.06730   0.00952   0.01527
 0.06803   0.00976   0.01555
 0.06877   0.00999   0.01584
 0.06951   0.01022   0.01613
 0.06998   0.01037   0.01632
 0.07046   0.01052   0.01651
 0.07123   0.01076   0.01681
 0.07200   0.01100   0.01711
 0.07278   0.01124   0.01742
 0.07356   0.01149   0.01773
 0.07436   0.01174   0.01805
 0.07516   0.01198   0.01837
 0.07597   0.01224   0.01869
 0.07679   0.01249   0.01901
 0.07762   0.01274   0.01934
 0.07845   0.01300   0.01967
 0.07930   0.01326   0.02001
 0.07999   0.01347   0.02029
 0.08067   0.01368   0.02056
 0.08158   0.01396   0.02092
 0.08246   0.01423   0.02127
 0.08335   0.01450   0.02163
 0.08424   0.01477   0.02199
 0.08515   0.01505   0.02235
 0.08606   0.01533   0.02271
 0.08699   0.01561   0.02308
 0.08792   0.01589   0.02346
 0.08886   0.01617   0.02384
 0.08982   0.01646   0.02422
 0.09078   0.01675   0.02461
 0.09177   0.01705   0.02500
 0.09275   0.01735   0.02540
 0.09374   0.01765   0.02580
 0.09474   0.01795   0.02620
 0.09576   0.01825   0.02661
 0.09678   0.01856   0.02702
 0.09782   0.01887   0.02744
 0.09886   0.01918   0.02786
 0.09992   0.01950   0.02828
 0.10098   0.01982   0.02871
 0.10219   0.02018   0.02920
 0.10328   0.02050   0.02964
 0.10438   0.02083   0.03008
 0.10549   0.02116   0.03053
 0.10661   0.02150   0.03098
 0.10775   0.02184   0.03144
 0.10890   0.02218   0.03190
 0.10986   0.02247   0.03229
 0.11082   0.02275   0.03268
 0.11202   0.02311   0.03316
 0.11321   0.02346   0.03364
 0.11441   0.02382   0.03413
 0.11563   0.02418   0.03462
 0.11685   0.02454   0.03511
 0.11809   0.02491   0.03561
 0.11935   0.02528   0.03612
 0.12014   0.02552   0.03644
 0.12093   0.02575   0.03676
 0.12221   0.02613   0.03728
 0.12351   0.02651   0.03780
 0.12482   0.02690   0.03833
 0.12614   0.02729   0.03886
 0.12747   0.02769   0.03940
 0.12882   0.02809   0.03994
 0.12989   0.02840   0.04038
 0.13096   0.02872   0.04081
 0.13236   0.02913   0.04137
 0.13376   0.02954   0.04194
 0.13518   0.02996   0.04251
 0.13661   0.03038   0.04308
 0.13805   0.03081   0.04367
 0.13951   0.03124   0.04425
 0.14098   0.03167   0.04485
 0.14249   0.03211   0.04545
 0.14400   0.03256   0.04606
 0.14552   0.03300   0.04667
 0.14705   0.03346   0.04729
 0.14860   0.03391   0.04791
 0.14965   0.03422   0.04833
 0.15069   0.03452   0.04875
 0.15195   0.03489   0.04926
 0.15355   0.03536   0.04990
 0.15517   0.03584   0.05055
 0.15680   0.03632   0.05121
 0.15846   0.03680   0.05187
 0.15966   0.03716   0.05235
 0.16086   0.03751   0.05284
 0.16216   0.03789   0.05336
 0.16386   0.03839   0.05404
 0.16559   0.03890   0.05473
 0.16733   0.03941   0.05543
 0.16909   0.03992   0.05613
 0.17016   0.04024   0.05656
 0.17123   0.04055   0.05699
 0.17303   0.04108   0.05771
 0.17485   0.04161   0.05844
 0.17669   0.04215   0.05917
 0.17855   0.04269   0.05991
 0.17985   0.04307   0.06043
 0.18115   0.04346   0.06095
 0.18297   0.04399   0.06167
 0.18489   0.04455   0.06244
 0.18684   0.04512   0.06321
 0.18880   0.04569   0.06399
 0.18998   0.04603   0.06446
 0.19115   0.04638   0.06493
 0.19319   0.04697   0.06573
 0.19522   0.04757   0.06654
 0.19727   0.04816   0.06735
 0.19934   0.04877   0.06817
 0.20143   0.04938   0.06900
 0.20363   0.05002   0.06987
 0.20577   0.05064   0.07071
 0.20793   0.05127   0.07157
 0.20960   0.05176   0.07222
 0.21126   0.05225   0.07288
 0.21305   0.05277   0.07358
 0.21529   0.05342   0.07446
 0.21755   0.05408   0.07535
 0.21983   0.05474   0.07625
 0.22214   0.05542   0.07715
 0.22450   0.05610   0.07807
 0.22686   0.05679   0.07900
 0.22924   0.05748   0.07993
 0.23165   0.05818   0.08087
 0.23407   0.05888   0.08181
 0.23653   0.05960   0.08276
 0.23901   0.06032   0.08373
 0.24152   0.06105   0.08470
 0.24409   0.06180   0.08570
 0.24666   0.06254   0.08669
 0.24925   0.06329   0.08769
 0.25187   0.06405   0.08870
 0.25437   0.06478   0.08966
 0.25705   0.06555   0.09069
 0.25975   0.06633   0.09173
 0.26248   0.06712   0.09278
 0.26528   0.06793   0.09385
 0.26808   0.06874   0.09491
 0.27004   0.06931   0.09566
 0.27200   0.06988   0.09641
 0.27487   0.07070   0.09750
 0.27776   0.07154   0.09859
 0.27969   0.07210   0.09932
 0.28163   0.07265   0.10006
 0.28388   0.07330   0.10091
 0.28687   0.07417   0.10203
 0.28990   0.07504   0.10317
 0.29296   0.07592   0.10432
 0.29627   0.07687   0.10556
 0.29940   0.07777   0.10673
 0.30256   0.07868   0.10790
 0.30585   0.07963   0.10913
 0.30909   0.08055   0.11032
 0.31203   0.08140   0.11141
 0.31473   0.08217   0.11241
 0.31806   0.08312   0.11363
 0.31987   0.08364   0.11429
 0.32168   0.08416   0.11496
 0.32429   0.08491   0.11591
 0.32773   0.08589   0.11716
 0.32967   0.08644   0.11787
 0.33161   0.08700   0.11857
 0.33385   0.08764   0.11939
 0.33739   0.08865   0.12067
 0.33972   0.08931   0.12151
 0.34205   0.08997   0.12234
 0.34482   0.09076   0.12334
 0.34848   0.09180   0.12465
 0.35219   0.09285   0.12597
 0.35624   0.09400   0.12741
 0.36004   0.09508   0.12875
 0.36426   0.09627   0.13024
 0.36814   0.09737   0.13160
 0.36973   0.09782   0.13216
 0.37131   0.09827   0.13271
 0.37332   0.09883   0.13341
 0.37731   0.09996   0.13479
 0.37997   0.10071   0.13571
 0.38262   0.10145   0.13663
 0.38678   0.10262   0.13806
 0.38932   0.10333   0.13893
 0.39186   0.10405   0.13979
 0.39432   0.10474   0.14063
 0.39855   0.10592   0.14207
 0.40240   0.10700   0.14337
 0.40624   0.10807   0.14466
 0.40906   0.10886   0.14560
 0.41188   0.10964   0.14654
 0.41466   0.11042   0.14746
 0.41913   0.11166   0.14894
 0.42200   0.11246   0.14988
 0.42465   0.11319   0.15075
 0.42923   0.11446   0.15225
 0.43388   0.11575   0.15375
 0.43821   0.11694   0.15515
 0.44296   0.11825   0.15667
 0.44809   0.11966   0.15830
 0.45296   0.12100   0.15983
 0.45797   0.12237   0.16140
 0.46296   0.12373   0.16296
 0.46809   0.12513   0.16454
 0.47321   0.12653   0.16610
 0.47831   0.12791   0.16765
 0.48247   0.12904   0.16890
 0.48663   0.13016   0.17015
 0.49002   0.13108   0.17116
 0.49342   0.13199   0.17216
 0.49885   0.13345   0.17375
 0.50204   0.13431   0.17468
 0.50522   0.13516   0.17560
 0.50873   0.13610   0.17661
 0.51223   0.13703   0.17761
 0.51577   0.13798   0.17861
 0.51907   0.13886   0.17954
 0.52204   0.13964   0.18037
 0.52483   0.14038   0.18115
 0.52785   0.14118   0.18199
 0.52971   0.14168   0.18250
 0.53157   0.14217   0.18302
 0.53393   0.14279   0.18366
 0.53990   0.14436   0.18528
 0.54594   0.14595   0.18690
 0.54995   0.14700   0.18796
 0.55397   0.14804   0.18902
 0.55810   0.14912   0.19009
 0.56224   0.15020   0.19116
 0.56639   0.15127   0.19222
 0.56901   0.15195   0.19289
 0.57163   0.15263   0.19355
 0.57478   0.15344   0.19434
 0.57829   0.15434   0.19521
 0.58180   0.15524   0.19607
 0.58522   0.15612   0.19691
 0.58894   0.15707   0.19781
 0.59216   0.15789   0.19858
 0.59523   0.15867   0.19931
 0.59905   0.15964   0.20021
 0.60241   0.16050   0.20100
 0.60544   0.16126   0.20170
 0.60946   0.16227   0.20262
 0.61347   0.16328   0.20353
 0.61740   0.16427   0.20442
 0.62318   0.16571   0.20570
 0.62846   0.16703   0.20685
 0.63246   0.16802   0.20771
 0.63647   0.16902   0.20856
 0.63999   0.16988   0.20930
 0.64351   0.17075   0.21003
 0.64828   0.17192   0.21101
 0.65257   0.17297   0.21187
 0.65685   0.17402   0.21272
 0.66460   0.17590   0.21423
 0.66841   0.17682   0.21496
 0.67222   0.17774   0.21568
 0.67863   0.17928   0.21687
 0.68226   0.18014   0.21753
 0.68589   0.18101   0.21818
 0.68922   0.18180   0.21876
 0.69255   0.18259   0.21934
 0.69571   0.18334   0.21989
 0.69894   0.18410   0.22044
 0.70218   0.18486   0.22098
 0.70528   0.18559   0.22149
 0.70825   0.18628   0.22198
 0.70987   0.18666   0.22224
 0.71148   0.18704   0.22250
 0.71400   0.18762   0.22290
 0.71856   0.18868   0.22361
 0.72231   0.18955   0.22419
 0.72606   0.19041   0.22475
 0.72943   0.19119   0.22525
 0.73281   0.19196   0.22574
 0.73623   0.19274   0.22623
 0.74536   0.19482   0.22750
 0.74888   0.19561   0.22797
 0.75240   0.19640   0.22843
 0.75563   0.19713   0.22885
 0.75977   0.19805   0.22937
 0.76392   0.19898   0.22988
 0.76879   0.20006   0.23047
 0.77237   0.20085   0.23088
 0.77578   0.20160   0.23127
 0.78571   0.20377   0.23235
 0.78974   0.20464   0.23277
 0.79377   0.20552   0.23318
 0.79841   0.20651   0.23363
 0.80241   0.20737   0.23400
 0.80642   0.20823   0.23437
 0.80943   0.20887   0.23463
 0.81244   0.20950   0.23489
 0.81557   0.21017   0.23515
 0.82639   0.21243   0.23599
 0.82936   0.21305   0.23621
 0.83234   0.21367   0.23642
 0.83537   0.21430   0.23662
 0.84668   0.21662   0.23733
 0.84979   0.21725   0.23750
 0.85290   0.21788   0.23767
 0.85685   0.21868   0.23787
 0.85972   0.21926   0.23801
 0.86258   0.21983   0.23815
 0.86606   0.22052   0.23830
 0.86949   0.22121   0.23844
 0.87292   0.22189   0.23857
 0.87650   0.22259   0.23870
 0.87983   0.22325   0.23880
 0.88316   0.22390   0.23890
 0.88749   0.22474   0.23902
 0.89371   0.22594   0.23916
 0.89993   0.22714   0.23927
 0.90560   0.22822   0.23934
 0.90900   0.22886   0.23937
 0.91240   0.22951   0.23939
 0.91550   0.23009   0.23940
 0.91879   0.23070   0.23940
 0.92209   0.23132   0.23940
 0.92563   0.23198   0.23938
 0.92864   0.23253   0.23936
 0.93164   0.23308   0.23933
 0.93538   0.23377   0.23928
 0.93938   0.23450   0.23922
 0.94337   0.23522   0.23915
 0.94726   0.23592   0.23906
 0.95390   0.23711   0.23888
 0.95746   0.23774   0.23877
 0.95974   0.23814   0.23870
 0.96203   0.23855   0.23862
 0.96501   0.23907   0.23851
 0.96873   0.23972   0.23836
 0.97246   0.24037   0.23819
 0.97601   0.24098   0.23803
 0.97996   0.24167   0.23784
 0.98392   0.24234   0.23763
 0.98734   0.24292   0.23744
 0.98985   0.24335   0.23729
 0.99236   0.24377   0.23714
 0.99593   0.24437   0.23692
 1.00542   0.24595   0.23627
 1.00936   0.24660   0.23598
 1.01330   0.24725   0.23567
 1.01712   0.24787   0.23537
 1.02429   0.24902   0.23476
 1.02902   0.24978   0.23433
 1.03263   0.25035   0.23400
 1.03592   0.25087   0.23368
 1.03911   0.25137   0.23336
 1.04229   0.25187   0.23304
 1.04532   0.25234   0.23272
 1.04959   0.25300   0.23227
 1.05385   0.25365   0.23179
 1.05832   0.25433   0.23128
 1.06250   0.25497   0.23079
 1.06669   0.25560   0.23028
 1.06988   0.25607   0.22988
 1.07307   0.25654   0.22948
 1.07763   0.25722   0.22888
 1.08279   0.25797   0.22819
 1.08785   0.25870   0.22748
 1.09271   0.25940   0.22679
 1.09757   0.26009   0.22608
 1.10285   0.26083   0.22528
 1.10798   0.26155   0.22448
 1.11285   0.26222   0.22370
 1.11772   0.26289   0.22291
 1.12276   0.26357   0.22206
 1.12779   0.26425   0.22120
 1.13272   0.26491   0.22033
 1.13766   0.26556   0.21944
 1.14280   0.26623   0.21849
 1.14795   0.26689   0.21753
 1.15274   0.26750   0.21660
 1.15753   0.26811   0.21566
 1.16296   0.26879   0.21458
 1.16833   0.26946   0.21348
 1.17251   0.26997   0.21260
 1.17669   0.27048   0.21172
 1.18424   0.27138   0.21008
 1.18829   0.27186   0.20918
 1.19234   0.27234   0.20828
 1.19648   0.27282   0.20733
 1.19965   0.27319   0.20660
 1.20283   0.27355   0.20586
 1.20648   0.27397   0.20499
 1.22285   0.27579   0.20100
 1.22736   0.27628   0.19986
 1.22993   0.27656   0.19921
 1.23250   0.27683   0.19854
 1.23674   0.27728   0.19744
 1.24407   0.27805   0.19551
 1.24809   0.27846   0.19443
 1.25211   0.27887   0.19333
 1.25619   0.27929   0.19221
 1.25951   0.27962   0.19129
 1.26283   0.27995   0.19036
 1.26637   0.28030   0.18936
 1.26975   0.28063   0.18839
 1.27312   0.28095   0.18742
 1.27720   0.28134   0.18624
 1.28397   0.28198   0.18424
 1.28737   0.28230   0.18322
 1.28988   0.28253   0.18247
 1.29240   0.28276   0.18170
 1.29616   0.28310   0.18055
 1.29969   0.28342   0.17947
 1.30321   0.28373   0.17837
 1.30726   0.28409   0.17710
 1.31408   0.28468   0.17494
 1.31763   0.28498   0.17380
 1.32005   0.28519   0.17302
 1.32247   0.28539   0.17223
 1.32767   0.28582   0.17052
 1.33287   0.28625   0.16880
 1.33837   0.28669   0.16696
 1.34247   0.28702   0.16557
 1.34657   0.28734   0.16416
 1.34900   0.28753   0.16333
 1.35143   0.28771   0.16249
 1.35552   0.28802   0.16107
 1.35917   0.28830   0.15978
 1.36283   0.28857   0.15849
 1.36626   0.28882   0.15727
 1.36949   0.28906   0.15611
 1.37273   0.28929   0.15495
 1.37616   0.28953   0.15370
 1.37935   0.28975   0.15254
 1.38255   0.28998   0.15137
 1.38577   0.29020   0.15017
 1.38896   0.29041   0.14899
 1.39214   0.29062   0.14780
 1.39528   0.29083   0.14662
 1.39874   0.29106   0.14532
 1.40220   0.29128   0.14400
 1.40584   0.29151   0.14261
 1.40996   0.29177   0.14102
 1.41409   0.29203   0.13942
 1.41785   0.29226   0.13796
 1.42039   0.29241   0.13696
 1.42290   0.29256   0.13597
 1.42737   0.29282   0.13420
 1.42990   0.29297   0.13319
 1.43243   0.29311   0.13218
 1.43630   0.29333   0.13062
 1.43963   0.29351   0.12928
 1.44296   0.29370   0.12792
 1.44669   0.29390   0.12640
 1.44949   0.29405   0.12525
 1.45228   0.29419   0.12410
 1.45531   0.29435   0.12285
 1.45903   0.29454   0.12130
 1.46275   0.29473   0.11975
 1.46610   0.29489   0.11834
 1.46972   0.29507   0.11681
 1.47334   0.29524   0.11527
 1.47754   0.29544   0.11348
 1.48282   0.29568   0.11121
 1.48776   0.29590   0.10907
 1.49269   0.29611   0.10692
 1.49762   0.29632   0.10476
 1.50275   0.29653   0.10250
 1.50763   0.29673   0.10033
 1.51274   0.29693   0.09805
 1.51761   0.29711   0.09587
 1.52275   0.29730   0.09354
 1.52760   0.29747   0.09134
 1.53275   0.29765   0.08898
 1.53758   0.29781   0.08676
 1.54275   0.29798   0.08437
 1.54757   0.29813   0.08212
 1.55275   0.29828   0.07970
 1.55756   0.29842   0.07744
 1.56276   0.29856   0.07499
 1.56755   0.29869   0.07271
 1.57276   0.29883   0.07022
 1.57754   0.29894   0.06793
 1.58276   0.29907   0.06541
 1.58753   0.29917   0.06310
 1.59276   0.29929   0.06055
 1.59752   0.29938   0.05823
 1.60277   0.29949   0.05565
 1.60752   0.29957   0.05331
 1.61277   0.29966   0.05071
 1.61750   0.29974   0.04835
 1.61977   0.29977   0.04722
 1.62203   0.29981   0.04609
 1.62499   0.29985   0.04461
 1.62876   0.29990   0.04271
 1.63253   0.29995   0.04081
 1.63596   0.30000   0.03908
 1.63865   0.30003   0.03772
 1.64135   0.30006   0.03635
 1.64426   0.30009   0.03487
 1.65003   0.30014   0.03192
 1.65579   0.30019   0.02897
 1.65867   0.30022   0.02749
 1.66156   0.30024   0.02600
 1.66507   0.30026   0.02419
 1.66914   0.30028   0.02208
 1.67278   0.30030   0.02019
 1.67610   0.30032   0.01847
 1.67931   0.30033   0.01679
 1.68252   0.30034   0.01512
 1.68566   0.30035   0.01347
 1.68842   0.30035   0.01202
 1.69119   0.30036   0.01057
 1.69377   0.30036   0.00921
 1.69983   0.30036   0.00602
 1.70588   0.30035   0.00281
 1.70904   0.30035   0.00114
 1.71219   0.30034  -0.00054
 1.71511   0.30033  -0.00209
 1.71940   0.30032  -0.00438
 1.72370   0.30030  -0.00668
 1.72776   0.30028  -0.00885
 1.73259   0.30025  -0.01145
 1.73722   0.30021  -0.01394
 1.74333   0.30017  -0.01724
 1.74890   0.30012  -0.02025
 1.75205   0.30009  -0.02196
 1.75521   0.30005  -0.02367
 1.75948   0.30001  -0.02600
 1.76376   0.29996  -0.02833
 1.76790   0.29991  -0.03059
 1.77268   0.29984  -0.03320
 1.77746   0.29978  -0.03581
 1.77998   0.29974  -0.03719
 1.78250   0.29970  -0.03858
 1.78753   0.29962  -0.04134
 1.79006   0.29958  -0.04273
 1.79250   0.29954  -0.04407
 1.79898   0.29943  -0.04765
 1.80202   0.29937  -0.04933
 1.80501   0.29931  -0.05098
 1.80884   0.29924  -0.05309
 1.81206   0.29918  -0.05488
 1.81529   0.29911  -0.05666
 1.81813   0.29905  -0.05824
 1.82004   0.29901  -0.05930
 1.82194   0.29897  -0.06036
 1.82670   0.29886  -0.06300
 1.82981   0.29879  -0.06473
 1.83292   0.29872  -0.06646
 1.83680   0.29863  -0.06861
 1.83956   0.29856  -0.07015
 1.84232   0.29849  -0.07169
 1.84530   0.29842  -0.07335
 1.84871   0.29833  -0.07526
 1.85212   0.29824  -0.07716
 1.85576   0.29814  -0.07919
 1.85886   0.29806  -0.08092
 1.86195   0.29797  -0.08265
 1.86526   0.29788  -0.08450
 1.86962   0.29775  -0.08694
 1.87398   0.29762  -0.08938
 1.87836   0.29749  -0.09183
 1.88229   0.29737  -0.09403
 1.88622   0.29725  -0.09624
 1.88881   0.29716  -0.09769
 1.89140   0.29708  -0.09914
 1.89456   0.29698  -0.10091
 1.89817   0.29686  -0.10293
 1.90177   0.29674  -0.10495
 1.90504   0.29662  -0.10678
 1.90846   0.29650  -0.10870
 1.91189   0.29638  -0.11062
 1.91590   0.29624  -0.11287
 1.91867   0.29614  -0.11443
 1.92145   0.29604  -0.11598
 1.92447   0.29593  -0.11768
 1.92994   0.29572  -0.12074
 1.93541   0.29551  -0.12381
 1.93976   0.29534  -0.12624
 1.94410   0.29517  -0.12867
 1.94882   0.29498  -0.13132
 1.95198   0.29486  -0.13308
 1.95515   0.29473  -0.13485
 1.95844   0.29459  -0.13669
 1.96174   0.29445  -0.13854
 1.96514   0.29431  -0.14044
 1.96878   0.29415  -0.14247
 1.97200   0.29401  -0.14426
 1.97522   0.29387  -0.14606
 1.97847   0.29373  -0.14787
 1.98172   0.29358  -0.14968
 1.98510   0.29343  -0.15156
 1.98833   0.29329  -0.15335
 1.99155   0.29314  -0.15514
 1.99448   0.29300  -0.15677
 1.99851   0.29282  -0.15900
 2.00253   0.29263  -0.16123
 2.00631   0.29245  -0.16332
 2.00879   0.29233  -0.16470
 2.00971   0.29229  -0.16521
 2.01063   0.29224  -0.16572
 2.01159   0.29220  -0.16624
 2.02114   0.29173  -0.17151
 2.03814   0.29087  -0.18086
 2.05509   0.28999  -0.19011
 2.07192   0.28908  -0.19924
 2.08861   0.28814  -0.20823
 2.10517   0.28719  -0.21707
 2.10967   0.28693  -0.21946
 2.11055   0.28687  -0.21993
 2.11144   0.28682  -0.22040
 2.12028   0.28630  -0.22507
 2.13651   0.28531  -0.23358
 2.15266   0.28431  -0.24197
 2.16865   0.28329  -0.25017
 2.18446   0.28227  -0.25819
 2.20010   0.28123  -0.26602
 2.20376   0.28099  -0.26785
 2.20743   0.28074  -0.26966
 2.20934   0.28061  -0.27061
 2.21001   0.28057  -0.27094
 2.21068   0.28052  -0.27127
 2.21739   0.28007  -0.27456
 2.23252   0.27903  -0.28193
 2.24758   0.27798  -0.28915
 2.26242   0.27693  -0.29616
 2.27704   0.27588  -0.30296
 2.29142   0.27483  -0.30954
 2.30556   0.27379  -0.31590
 2.30920   0.27352  -0.31752
 2.30985   0.27347  -0.31781
 2.31043   0.27343  -0.31807
 2.31097   0.27339  -0.31830
 2.31636   0.27299  -0.32068
 2.32987   0.27198  -0.32657
 2.34327   0.27096  -0.33231
 2.35636   0.26996  -0.33781
 2.36913   0.26898  -0.34307
 2.38154   0.26801  -0.34809
 2.39356   0.26707  -0.35285
 2.40513   0.26616  -0.35736
 2.40870   0.26588  -0.35872
 2.40925   0.26583  -0.35893
 2.40979   0.26579  -0.35914
 2.41023   0.26576  -0.35931
 2.41065   0.26572  -0.35947
 2.41478   0.26540  -0.36104
 2.42494   0.26459  -0.36485
 2.43483   0.26379  -0.36849
 2.44245   0.26318  -0.37125
 2.45006   0.26257  -0.37397
 2.45804   0.26192  -0.37677
 2.46706   0.26119  -0.37988
 2.47687   0.26039  -0.38320
 2.48731   0.25953  -0.38666
 2.49831   0.25863  -0.39021
 2.50978   0.25768  -0.39382
 2.51032   0.25764  -0.39399
 2.51086   0.25760  -0.39416
 2.51629   0.25715  -0.39583
 2.52841   0.25614  -0.39947
 2.54090   0.25510  -0.40311
 2.55372   0.25403  -0.40671
 2.56687   0.25293  -0.41028
 2.58031   0.25179  -0.41378
 2.59403   0.25064  -0.41720
 2.60802   0.24945  -0.42053
 2.60931   0.24934  -0.42083
 2.60994   0.24929  -0.42097
 2.61056   0.24924  -0.42111
 2.61128   0.24918  -0.42128
 2.61853   0.24856  -0.42292
 2.63296   0.24733  -0.42606
 2.64762   0.24609  -0.42907
 2.66251   0.24481  -0.43194
 2.67761   0.24352  -0.43466
 2.69292   0.24221  -0.43721
 2.70844   0.24088  -0.43959
 2.70968   0.24078  -0.43977
 2.71055   0.24070  -0.43990
 2.71141   0.24063  -0.44002
 2.72006   0.23988  -0.44124
 2.73594   0.23852  -0.44329
 2.75198   0.23714  -0.44514
 2.76822   0.23575  -0.44678
 2.78463   0.23434  -0.44820
 2.80122   0.23291  -0.44939
 2.80608   0.23250  -0.44970
 2.80794   0.23234  -0.44980
 2.80979   0.23218  -0.44991
 2.81082   0.23209  -0.44997
 2.81177   0.23201  -0.45002
 2.82122   0.23119  -0.45050
 2.83819   0.22974  -0.45116
 2.85531   0.22827  -0.45156
 2.87258   0.22679  -0.45169
 2.89001   0.22530  -0.45156
 2.90758   0.22380  -0.45114
 2.90911   0.22367  -0.45109
 2.90979   0.22361  -0.45107
 2.91047   0.22355  -0.45105
 2.91115   0.22349  -0.45102
 2.91793   0.22292  -0.45077
 2.93574   0.22140  -0.44990
 2.95366   0.21988  -0.44874
 2.97170   0.21835  -0.44728
 2.98987   0.21681  -0.44552
 3.00814   0.21527  -0.44345
 3.00921   0.21518  -0.44332
 3.00989   0.21512  -0.44324
 3.01057   0.21506  -0.44316
 3.01129   0.21500  -0.44307
 3.01843   0.21440  -0.44216
 3.03687   0.21285  -0.43961
 3.05538   0.21130  -0.43676
 3.07397   0.20975  -0.43359
 3.09263   0.20820  -0.43012
 3.09637   0.20789  -0.42938
 3.10012   0.20757  -0.42864
 3.10443   0.20722  -0.42777
 3.10874   0.20686  -0.42688
 3.10977   0.20677  -0.42667
 3.11038   0.20672  -0.42654
 3.11099   0.20667  -0.42641
 3.11705   0.20617  -0.42513
 3.13583   0.20462  -0.42095
 3.15465   0.20307  -0.41647
 3.17350   0.20153  -0.41170
 3.19235   0.19999  -0.40664
 3.19612   0.19968  -0.40559
 3.19989   0.19938  -0.40454
 3.20361   0.19907  -0.40348
 3.20734   0.19877  -0.40242
 3.20827   0.19869  -0.40215
 3.20921   0.19862  -0.40188
 3.20958   0.19859  -0.40177
 3.20994   0.19856  -0.40167
 3.21023   0.19854  -0.40158
 3.21048   0.19851  -0.40151
 3.21303   0.19831  -0.40077
 3.23069   0.19688  -0.39549
 3.24800   0.19548  -0.39009
 3.26482   0.19413  -0.38462
 3.28243   0.19272  -0.37868
 3.30033   0.19129  -0.37240
 3.30416   0.19099  -0.37103
 3.30800   0.19068  -0.36964
 3.30912   0.19059  -0.36924
 3.30968   0.19055  -0.36903
 3.30995   0.19053  -0.36893
 3.31023   0.19050  -0.36883
 3.31057   0.19048  -0.36871
 3.31395   0.19021  -0.36747
 3.33176   0.18880  -0.36083
 3.34970   0.18738  -0.35393
 3.36761   0.18597  -0.34682
 3.38548   0.18458  -0.33952
 3.40328   0.18319  -0.33204
 3.40866   0.18277  -0.32974
 3.40981   0.18268  -0.32925
 3.41053   0.18262  -0.32894
 3.41118   0.18257  -0.32866
 3.41770   0.18207  -0.32584
 3.43523   0.18071  -0.31813
 3.45276   0.17936  -0.31024
 3.47020   0.17802  -0.30222
 3.48753   0.17670  -0.29408
 3.50474   0.17539  -0.28584
 3.50945   0.17503  -0.28356
 3.51067   0.17493  -0.28296
 3.51189   0.17484  -0.28237
 3.52410   0.17392  -0.27638
 3.54098   0.17264  -0.26798
 3.55778   0.17138  -0.25949
 3.57444   0.17013  -0.25093
 3.59095   0.16889  -0.24233
 3.60730   0.16767  -0.23370
 3.60995   0.16748  -0.23229
 3.61260   0.16728  -0.23088
 3.61541   0.16707  -0.22938
 3.63134   0.16589  -0.22081
 3.64725   0.16472  -0.21216
 3.66297   0.16356  -0.20352
 3.67849   0.16242  -0.19490
 3.69378   0.16130  -0.18633
 3.70884   0.16021  -0.17782
 3.70988   0.16013  -0.17723
 3.71091   0.16006  -0.17665
 3.71204   0.15997  -0.17600
 3.72339   0.15915  -0.16953
 3.73785   0.15810  -0.16123
 3.75207   0.15707  -0.15302
 3.76596   0.15607  -0.14495
 3.77947   0.15510  -0.13706
 3.79255   0.15417  -0.12937
 3.80513   0.15327  -0.12195
 3.80748   0.15310  -0.12056
 3.80982   0.15293  -0.11918
 3.81187   0.15279  -0.11796
 3.81375   0.15265  -0.11685
 3.82453   0.15189  -0.11045
 3.83398   0.15122  -0.10482
 3.84344   0.15054  -0.09917
 3.85200   0.14994  -0.09405
 3.86193   0.14924  -0.08809
 3.87286   0.14847  -0.08152
 3.88460   0.14764  -0.07445
 3.89704   0.14677  -0.06694
 3.90280   0.14636  -0.06346
 3.90856   0.14596  -0.05998
 3.90979   0.14588  -0.05923
 3.91102   0.14579  -0.05848
 3.91226   0.14570  -0.05773
 3.92463   0.14484  -0.05024
 3.93878   0.14385  -0.04165
 3.95339   0.14284  -0.03278
 3.96844   0.14180  -0.02363
 3.98389   0.14073  -0.01423
 3.99974   0.13964  -0.00459
 4.00444   0.13931  -0.00173
 4.00914   0.13899   0.00113
 4.01103   0.13886   0.00228
 4.01291   0.13873   0.00342
 4.02950   0.13760   0.01350
 4.04633   0.13645   0.02371
 4.06346   0.13528   0.03408
 4.08088   0.13410   0.04461
 4.09854   0.13290   0.05525
 4.10349   0.13257   0.05822
 4.10843   0.13223   0.06119
 4.10999   0.13213   0.06213
 4.11155   0.13202   0.06306
 4.11440   0.13183   0.06477
 4.13251   0.13061   0.07561
 4.15073   0.12939   0.08646
 4.16909   0.12816   0.09734
 4.18754   0.12694   0.10822
 4.20605   0.12571   0.11906
 4.20851   0.12554   0.12049
 4.20975   0.12546   0.12122
 4.21099   0.12538   0.12194
 4.21217   0.12530   0.12263
 4.22400   0.12452   0.12951
 4.24249   0.12330   0.14018
 4.26097   0.12208   0.15077
 4.27937   0.12088   0.16124
 4.29769   0.11968   0.17155
 4.30229   0.11938   0.17413
 4.30690   0.11908   0.17671
 4.30967   0.11890   0.17825
 4.31070   0.11884   0.17882
 4.31167   0.11877   0.17937
 4.32141   0.11814   0.18477
 4.33930   0.11698   0.19463
 4.35711   0.11583   0.20434
 4.37473   0.11470   0.21385
 4.39213   0.11358   0.22313
 4.40928   0.11249   0.23217
 4.41085   0.11239   0.23300
 4.41228   0.11230   0.23374
 4.42654   0.11139   0.24116
 4.44300   0.11034   0.24964
 4.45917   0.10932   0.25785
 4.47493   0.10832   0.26576
 4.49021   0.10736   0.27334
 4.50492   0.10644   0.28054
 4.50871   0.10620   0.28238
 4.50947   0.10616   0.28275
 4.50993   0.10613   0.28297
 4.51040   0.10610   0.28320
 4.51088   0.10607   0.28343
 4.51570   0.10577   0.28576
 4.52832   0.10498   0.29181
 4.53883   0.10433   0.29679
 4.54933   0.10368   0.30172
 4.56015   0.10301   0.30675
 4.57244   0.10225   0.31240
 4.58586   0.10142   0.31848
 4.60019   0.10054   0.32490
 4.60388   0.10032   0.32653
 4.60756   0.10009   0.32816
 4.60988   0.09995   0.32917
 4.61114   0.09987   0.32973
 4.61231   0.09980   0.33024
 4.62394   0.09909   0.33531
 4.63999   0.09811   0.34219
 4.65653   0.09711   0.34916
 4.67347   0.09609   0.35615
 4.69071   0.09505   0.36313
 4.70815   0.09401   0.37004
 4.70987   0.09391   0.37071
 4.71158   0.09380   0.37137
 4.71331   0.09370   0.37205
 4.73059   0.09267   0.37869
 4.74816   0.09163   0.38530
 4.76568   0.09060   0.39172
 4.78310   0.08957   0.39795
 4.80035   0.08857   0.40396
 4.80550   0.08827   0.40573
 4.80751   0.08815   0.40641
 4.80951   0.08803   0.40709
 4.81080   0.08796   0.40753
 4.81209   0.08788   0.40796
 4.82499   0.08713   0.41228
 4.84159   0.08618   0.41770
 4.85796   0.08523   0.42291
 4.87400   0.08432   0.42787
 4.88967   0.08342   0.43259
 4.90493   0.08256   0.43705
 4.90950   0.08230   0.43836
 4.91062   0.08224   0.43868
 4.91173   0.08217   0.43900
 4.92292   0.08154   0.44215
 4.93687   0.08076   0.44599
 4.95032   0.08001   0.44959
 4.96298   0.07930   0.45289
 4.97312   0.07874   0.45548
 4.98326   0.07818   0.45800
 4.99297   0.07765   0.46037
 5.00410   0.07704   0.46302
 5.00799   0.07682   0.46393
 5.00977   0.07673   0.46434
 5.01040   0.07669   0.46449
 5.01103   0.07666   0.46464
 5.01737   0.07631   0.46609
 5.03046   0.07560   0.46903
 5.04426   0.07485   0.47203
 5.05868   0.07407   0.47506
 5.07366   0.07327   0.47808
 5.08914   0.07244   0.48108
 5.10509   0.07160   0.48404
 5.10723   0.07148   0.48443
 5.10937   0.07137   0.48481
 5.11088   0.07129   0.48508
 5.11239   0.07121   0.48535
 5.12750   0.07042   0.48797
 5.14439   0.06953   0.49076
 5.16164   0.06864   0.49346
 5.17923   0.06773   0.49604
 5.19712   0.06681   0.49851
 5.20230   0.06655   0.49920
 5.20748   0.06629   0.49987
 5.20963   0.06618   0.50014
 5.21153   0.06608   0.50038
 5.21325   0.06599   0.50060
 5.23045   0.06512   0.50267
 5.24908   0.06419   0.50475
 5.26792   0.06325   0.50668
 5.28697   0.06231   0.50845
 5.30619   0.06137   0.51006
 5.30825   0.06127   0.51022
 5.30990   0.06119   0.51035
 5.31154   0.06111   0.51047
 5.31368   0.06100   0.51063
 5.33307   0.06007   0.51200
 5.35262   0.05913   0.51320
 5.37227   0.05819   0.51422
 5.39200   0.05726   0.51506
 5.39756   0.05700   0.51527
 5.40312   0.05674   0.51546
 5.40769   0.05653   0.51560
 5.40985   0.05643   0.51567
 5.41200   0.05633   0.51573
 5.41461   0.05621   0.51581
 5.43439   0.05529   0.51627
 5.45426   0.05439   0.51656
 5.47415   0.05348   0.51667
 5.49404   0.05259   0.51662
 5.50039   0.05231   0.51657
 5.50674   0.05203   0.51650
 5.50888   0.05193   0.51647
 5.51103   0.05184   0.51644
 5.51319   0.05174   0.51641
 5.53294   0.05087   0.51603
 5.55276   0.05001   0.51549
 5.57254   0.04916   0.51479
 5.59228   0.04832   0.51394
 5.59831   0.04806   0.51365
 5.60435   0.04781   0.51335
 5.60849   0.04763   0.51313
 5.61263   0.04746   0.51291
 5.61636   0.04731   0.51270
 5.63585   0.04649   0.51154
 5.65538   0.04569   0.51023
 5.67485   0.04490   0.50879
 5.69424   0.04412   0.50722
 5.70192   0.04381   0.50656
 5.70959   0.04351   0.50589
 5.71675   0.04322   0.50524
 5.72326   0.04297   0.50463
 5.74235   0.04222   0.50278
 5.76146   0.04148   0.50080
 5.78049   0.04076   0.49872
 5.79943   0.04004   0.49654
 5.80801   0.03972   0.49551
 5.81273   0.03954   0.49494
 5.81746   0.03937   0.49436
 5.83610   0.03868   0.49201
 5.85477   0.03800   0.48955
 5.87335   0.03733   0.48701
 5.89184   0.03667   0.48440
 5.90206   0.03631   0.48291
 5.90722   0.03613   0.48215
 5.91060   0.03601   0.48165
 5.91388   0.03590   0.48116
 5.93201   0.03527   0.47841
 5.95017   0.03465   0.47557
 5.96823   0.03404   0.47267
 5.98618   0.03344   0.46971
 6.00402   0.03285   0.46671
 6.00835   0.03271   0.46597
 6.01268   0.03257   0.46522
 6.01769   0.03240   0.46436
 6.03518   0.03184   0.46129
 6.05268   0.03128   0.45817
 6.07004   0.03074   0.45501
 6.08726   0.03020   0.45182
 6.10432   0.02968   0.44861
 6.10893   0.02954   0.44773
 6.11354   0.02940   0.44686
 6.11820   0.02926   0.44596
 6.13475   0.02876   0.44276
 6.15128   0.02827   0.43952
 6.16758   0.02779   0.43629
 6.18362   0.02733   0.43307
 6.19937   0.02688   0.42987
 6.20758   0.02665   0.42819
 6.21420   0.02646   0.42683
 6.22081   0.02628   0.42546
 6.23536   0.02588   0.42244
 6.24970   0.02548   0.41944
 6.26346   0.02511   0.41653
 6.27652   0.02476   0.41376
 6.28869   0.02444   0.41116
 6.29766   0.02420   0.40923
 6.30663   0.02397   0.40729
 6.31483   0.02375   0.40552
 6.32304   0.02354   0.40373
 6.33487   0.02324   0.40115
 6.34748   0.02292   0.39839
 6.36069   0.02259   0.39548
 6.37439   0.02225   0.39245
 6.38848   0.02191   0.38932
 6.40290   0.02156   0.38610
 6.40983   0.02139   0.38455
 6.41675   0.02123   0.38300
 6.42687   0.02099   0.38073
 6.44185   0.02064   0.37735
 6.45701   0.02029   0.37393
 6.47229   0.01994   0.37047
 6.48766   0.01959   0.36697
 6.50311   0.01925   0.36345
 6.50866   0.01913   0.36219
 6.51422   0.01901   0.36092
 6.51963   0.01889   0.35968
 6.53510   0.01856   0.35615
 6.55067   0.01823   0.35258
 6.56626   0.01790   0.34901
 6.58186   0.01758   0.34544
 6.59746   0.01726   0.34186
 6.60510   0.01711   0.34010
 6.60879   0.01703   0.33926
 6.61249   0.01696   0.33841
 6.61662   0.01688   0.33746
 6.63211   0.01657   0.33391
 6.64768   0.01627   0.33034
 6.66323   0.01597   0.32677
 6.67876   0.01568   0.32322
 6.69427   0.01539   0.31967
 6.70975   0.01511   0.31614
 6.72520   0.01483   0.31262
 6.74089   0.01455   0.30905
 6.75629   0.01428   0.30556
 6.77165   0.01402   0.30208
 6.78698   0.01376   0.29862
 6.80228   0.01350   0.29517
 6.80888   0.01339   0.29369
 6.81547   0.01328   0.29221
 6.82141   0.01319   0.29088
 6.83656   0.01294   0.28749
 6.85175   0.01270   0.28411
 6.86690   0.01246   0.28074
 6.88203   0.01223   0.27740
 6.89711   0.01200   0.27408
 6.90450   0.01189   0.27246
 6.90910   0.01182   0.27145
 6.91371   0.01175   0.27044
 6.91829   0.01169   0.26944
 6.93321   0.01147   0.26619
 6.94818   0.01125   0.26294
 6.96311   0.01104   0.25972
 6.97800   0.01083   0.25652
 6.99286   0.01063   0.25335
 7.00769   0.01043   0.25019
 7.01338   0.01035   0.24899
 7.01906   0.01028   0.24779
 7.03376   0.01008   0.24470
 7.04848   0.00989   0.24162
 7.06318   0.00971   0.23856
 7.07784   0.00952   0.23553
 7.09246   0.00934   0.23252
 7.10706   0.00916   0.22954
 7.11355   0.00909   0.22822
 7.12005   0.00901   0.22690
 7.13452   0.00884   0.22399
 7.14901   0.00867   0.22108
 7.16347   0.00851   0.21821
 7.17789   0.00834   0.21536
 7.19229   0.00819   0.21253
 7.20665   0.00803   0.20973
 7.21524   0.00794   0.20807
 7.22310   0.00785   0.20655
 7.23733   0.00770   0.20382
 7.25159   0.00756   0.20111
 7.26582   0.00741   0.19842
 7.28001   0.00727   0.19576
 7.29417   0.00713   0.19313
 7.30830   0.00700   0.19052
 7.31294   0.00695   0.18967
 7.31758   0.00691   0.18882
 7.33158   0.00678   0.18628
 7.34563   0.00665   0.18374
 7.35964   0.00652   0.18123
 7.37363   0.00639   0.17875
 7.38759   0.00627   0.17629
 7.40151   0.00615   0.17387
 7.40878   0.00609   0.17261
 7.41344   0.00605   0.17180
 7.41768   0.00601   0.17107
 7.43147   0.00590   0.16871
 7.44530   0.00578   0.16636
 7.45910   0.00567   0.16404
 7.47288   0.00556   0.16175
 7.48662   0.00546   0.15948
 7.50034   0.00535   0.15724
 7.50700   0.00530   0.15616
 7.51367   0.00525   0.15508
 7.52055   0.00520   0.15397
 7.53415   0.00510   0.15180
 7.54777   0.00500   0.14964
 7.56136   0.00490   0.14751
 7.57492   0.00481   0.14541
 7.58846   0.00472   0.14333
 7.60197   0.00462   0.14127
 7.60927   0.00458   0.14017
 7.61657   0.00453   0.13907
 7.62338   0.00448   0.13806
 7.63677   0.00440   0.13607
 7.65018   0.00431   0.13410
 7.66357   0.00423   0.13216
 7.67693   0.00414   0.13024
 7.69027   0.00406   0.12834
 7.70358   0.00399   0.12646
 7.70871   0.00396   0.12575
 7.71330   0.00393   0.12511
 7.71750   0.00390   0.12452
 7.73069   0.00383   0.12271
 7.74392   0.00375   0.12090
 7.75713   0.00368   0.11912
 7.77032   0.00361   0.11736
 7.78348   0.00354   0.11562
 7.79661   0.00347   0.11390
 7.80972   0.00340   0.11221
 7.82281   0.00334   0.11054
 7.83594   0.00327   0.10888
 7.84898   0.00321   0.10725
 7.86199   0.00314   0.10564
 7.87499   0.00308   0.10405
 7.88796   0.00302   0.10249
 7.90090   0.00296   0.10094
 7.90750   0.00293   0.10016
 7.91410   0.00290   0.09938
 7.92055   0.00287   0.09862
 7.93339   0.00282   0.09713
 7.94625   0.00276   0.09566
 7.95910   0.00271   0.09420
 7.97192   0.00265   0.09276
 7.98472   0.00260   0.09135
 7.99750   0.00255   0.08995
 8.00554   0.00252   0.08907
 8.00952   0.00250   0.08864
 8.01349   0.00249   0.08822
 8.01815   0.00247   0.08772
 8.03081   0.00242   0.08637
 8.04351   0.00237   0.08504
 8.05619   0.00233   0.08373
 8.06884   0.00228   0.08243
 8.08148   0.00224   0.08115
 8.09409   0.00219   0.07989
 8.10669   0.00215   0.07865
 8.11482   0.00212   0.07785
 8.12295   0.00209   0.07706
 8.13546   0.00205   0.07586
 8.14799   0.00201   0.07467
 8.16049   0.00197   0.07350
 8.17298   0.00193   0.07234
 8.18544   0.00189   0.07120
 8.19789   0.00186   0.07008
 8.20554   0.00183   0.06939
 8.20951   0.00182   0.06904
 8.21348   0.00181   0.06869
 8.21821   0.00180   0.06827
 8.23054   0.00176   0.06719
 8.24292   0.00173   0.06613
 8.25527   0.00169   0.06507
 8.26761   0.00166   0.06403
 8.27993   0.00162   0.06301
 8.29223   0.00159   0.06200
 8.30451   0.00156   0.06101
 8.30898   0.00155   0.06065
 8.31345   0.00154   0.06029
 8.31797   0.00153   0.05993
 8.33015   0.00149   0.05897
 8.34237   0.00146   0.05802
 8.35457   0.00144   0.05708
 8.36676   0.00141   0.05616
 8.37892   0.00138   0.05525
 8.39107   0.00135   0.05435
 8.40320   0.00132   0.05346
 8.40755   0.00131   0.05315
 8.41189   0.00130   0.05283
 8.41600   0.00129   0.05254
 8.42803   0.00127   0.05169
 8.44011   0.00124   0.05084
 8.45217   0.00122   0.05000
 8.46421   0.00119   0.04918
 8.47623   0.00117   0.04837
 8.48824   0.00115   0.04757
 8.50023   0.00112   0.04678
 8.50737   0.00111   0.04632
 8.51451   0.00109   0.04586
 8.52136   0.00108   0.04542
 8.53327   0.00106   0.04467
 8.54519   0.00104   0.04392
 8.55710   0.00102   0.04319
 8.56899   0.00100   0.04246
 8.58087   0.00098   0.04175
 8.59273   0.00096   0.04105
 8.60457   0.00094   0.04036
 8.60980   0.00093   0.04005
 8.61502   0.00092   0.03975
 8.62234   0.00091   0.03934
 8.63411   0.00089   0.03867
 8.64590   0.00087   0.03801
 8.65767   0.00085   0.03737
 8.66942   0.00084   0.03673
 8.68116   0.00082   0.03610
 8.69288   0.00080   0.03548
 8.70458   0.00078   0.03487
 8.71114   0.00078   0.03453
 8.71714   0.00077   0.03422
 8.72877   0.00075   0.03363
 8.74043   0.00074   0.03305
 8.75207   0.00072   0.03248
 8.76370   0.00071   0.03191
 8.77531   0.00069   0.03135
 8.78691   0.00068   0.03080
 8.79849   0.00066   0.03026
 8.81005   0.00065   0.02973
 8.82108   0.00064   0.02923
 8.83261   0.00062   0.02871
 8.84413   0.00061   0.02820
 8.85564   0.00060   0.02769
 8.86713   0.00058   0.02720
 8.87861   0.00057   0.02671
 8.89008   0.00056   0.02623
 8.90153   0.00055   0.02575
 8.90804   0.00054   0.02549
 8.91373   0.00054   0.02526
 8.91943   0.00053   0.02503
 8.93080   0.00052   0.02457
 8.94219   0.00051   0.02412
 8.95358   0.00050   0.02368
 8.96495   0.00049   0.02324
 8.97631   0.00048   0.02281
 8.98765   0.00047   0.02238
 8.99898   0.00046   0.02197
 9.00676   0.00045   0.02168
 9.01454   0.00044   0.02140
 9.02628   0.00043   0.02098
 9.03756   0.00042   0.02058
 9.04883   0.00041   0.02019
 9.06008   0.00040   0.01980
 9.07132   0.00040   0.01942
 9.08255   0.00039   0.01905
 9.09377   0.00038   0.01868
 9.10497   0.00037   0.01831
 9.10888   0.00037   0.01818
 9.11278   0.00036   0.01806
 9.11706   0.00036   0.01792
 9.12818   0.00035   0.01757
 9.13934   0.00035   0.01722
 9.15049   0.00034   0.01687
 9.16162   0.00033   0.01653
 9.17275   0.00032   0.01620
 9.18385   0.00032   0.01587
 9.19495   0.00031   0.01554
 9.20603   0.00030   0.01522
 9.21542   0.00030   0.01495
 9.22481   0.00029   0.01468
 9.23584   0.00028   0.01437
 9.24688   0.00028   0.01407
 9.25790   0.00027   0.01377
 9.26891   0.00026   0.01347
 9.27991   0.00026   0.01317
 9.29090   0.00025   0.01288
 9.30187   0.00024   0.01260
 9.30843   0.00024   0.01243
 9.31498   0.00024   0.01226
 9.32116   0.00023   0.01210
 9.33206   0.00023   0.01183
 9.34299   0.00022   0.01155
 9.35391   0.00022   0.01128
 9.36481   0.00021   0.01102
 9.37571   0.00021   0.01076
 9.38659   0.00020   0.01050
 9.39746   0.00020   0.01024
 9.40831   0.00019   0.00999
 9.41669   0.00019   0.00979
 9.42424   0.00019   0.00962
 9.43505   0.00018   0.00937
 9.44586   0.00018   0.00913
 9.45667   0.00017   0.00889
 9.46746   0.00017   0.00865
 9.47824   0.00016   0.00842
 9.48901   0.00016   0.00818
 9.49977   0.00015   0.00795
 9.50668   0.00015   0.00781
 9.51358   0.00015   0.00766
 9.52059   0.00015   0.00751
 9.53129   0.00014   0.00729
 9.54200   0.00014   0.00707
 9.55271   0.00013   0.00685
 9.56340   0.00013   0.00664
 9.57408   0.00012   0.00642
 9.58475   0.00012   0.00621
 9.59541   0.00012   0.00600
 9.60606   0.00011   0.00579
 9.61670   0.00011   0.00558
 9.62660   0.00010   0.00539
 9.63721   0.00010   0.00519
 9.64782   0.00010   0.00499
 9.65841   0.00009   0.00479
 9.66900   0.00009   0.00459
 9.67957   0.00009   0.00439
 9.69014   0.00008   0.00420
 9.70069   0.00008   0.00400
 9.70666   0.00008   0.00389
 9.71263   0.00007   0.00378
 9.71819   0.00007   0.00368
 9.72868   0.00007   0.00349
 9.73919   0.00006   0.00330
 9.74970   0.00006   0.00312
 9.76019   0.00006   0.00293
 9.77067   0.00005   0.00274
 9.78115   0.00005   0.00256
 9.79161   0.00005   0.00237
 9.80206   0.00004   0.00219
 9.80858   0.00004   0.00208
 9.81510   0.00004   0.00196
 9.82166   0.00004   0.00185
 9.83205   0.00003   0.00167
 9.84247   0.00003   0.00149
 9.85287   0.00003   0.00131
 9.86326   0.00002   0.00113
 9.87365   0.00002   0.00095
 9.88402   0.00002   0.00077
 9.89438   0.00001   0.00059
 9.90474   0.00001   0.00042
 9.91100   0.00001   0.00031
 9.91726   0.00001   0.00020
 9.92756   0.00000   0.00002
 9.93377   0.00000  -0.00008
