 0.05068   0.00473   0.01051
 0.05123   0.00495   0.01075
 0.05177   0.00518   0.01099
 0.05233   0.00541   0.01123
 0.05289   0.00563   0.01148
 0.05346   0.00586   0.01173
 0.05403   0.00609   0.01198
 0.05461   0.00633   0.01224
 0.05520   0.00656   0.01250
 0.05580   0.00680   0.01277
 0.05640   0.00703   0.01304
 0.05701   0.00727   0.01331
 0.05763   0.00752   0.01359
 0.05825   0.00776   0.01387
 0.05888   0.00800   0.01415
 0.05952   0.00825   0.01444
 0.05997   0.00842   0.01464
 0.06041   0.00859   0.01484
 0.06110   0.00886   0.01516
 0.06177   0.00911   0.01546
 0.06243   0.00937   0.01577
 0.06311   0.00962   0.01608
 0.06379   0.00988   0.01639
 0.06448   0.01014   0.01671
 0.06518   0.01040   0.01703
 0.06589   0.01067   0.01735
 0.06660   0.01094   0.01768
 0.06732   0.01120   0.01801
 0.06805   0.01148   0.01835
 0.06879   0.01175   0.01869
 0.06953   0.01202   0.01904
 0.06996   0.01218   0.01924
 0.07039   0.01234   0.01944
 0.07105   0.01258   0.01974
 0.07182   0.01287   0.02010
 0.07259   0.01315   0.02046
 0.07338   0.01344   0.02083
 0.07417   0.01373   0.02120
 0.07497   0.01402   0.02157
 0.07578   0.01431   0.02195
 0.07660   0.01461   0.02234
 0.07742   0.01491   0.02272
 0.07825   0.01521   0.02312
 0.07910   0.01551   0.02351
 0.07995   0.01582   0.02391
 0.08081   0.01613   0.02432
 0.08175   0.01647   0.02476
 0.08263   0.01678   0.02518
 0.08352   0.01710   0.02560
 0.08441   0.01742   0.02602
 0.08532   0.01775   0.02645
 0.08623   0.01807   0.02688
 0.08716   0.01840   0.02732
 0.08809   0.01873   0.02776
 0.08904   0.01907   0.02821
 0.08999   0.01941   0.02866
 0.09096   0.01975   0.02912
 0.09194   0.02010   0.02959
 0.09292   0.02045   0.03006
 0.09392   0.02080   0.03053
 0.09492   0.02115   0.03101
 0.09593   0.02151   0.03149
 0.09696   0.02187   0.03198
 0.09799   0.02223   0.03247
 0.09904   0.02260   0.03297
 0.09979   0.02286   0.03333
 0.10054   0.02313   0.03368
 0.10137   0.02342   0.03408
 0.10245   0.02380   0.03460
 0.10354   0.02418   0.03512
 0.10465   0.02457   0.03565
 0.10576   0.02496   0.03618
 0.10688   0.02535   0.03672
 0.10802   0.02575   0.03726
 0.10917   0.02615   0.03781
 0.11002   0.02644   0.03822
 0.11087   0.02674   0.03862
 0.11205   0.02715   0.03919
 0.11324   0.02756   0.03976
 0.11444   0.02798   0.04033
 0.11565   0.02840   0.04091
 0.11688   0.02883   0.04150
 0.11812   0.02926   0.04210
 0.11937   0.02969   0.04270
 0.12001   0.02992   0.04300
 0.12065   0.03014   0.04331
 0.12193   0.03058   0.04392
 0.12322   0.03103   0.04454
 0.12452   0.03148   0.04517
 0.12584   0.03194   0.04580
 0.12717   0.03240   0.04644
 0.12852   0.03286   0.04708
 0.12987   0.03333   0.04774
 0.13125   0.03380   0.04839
 0.13265   0.03429   0.04907
 0.13405   0.03477   0.04974
 0.13547   0.03526   0.05042
 0.13689   0.03575   0.05111
 0.13834   0.03625   0.05180
 0.13980   0.03675   0.05250
 0.14127   0.03726   0.05321
 0.14278   0.03778   0.05393
 0.14429   0.03830   0.05466
 0.14581   0.03882   0.05539
 0.14734   0.03935   0.05612
 0.14889   0.03988   0.05687
 0.15003   0.04027   0.05742
 0.15117   0.04066   0.05796
 0.15276   0.04121   0.05873
 0.15437   0.04176   0.05950
 0.15599   0.04231   0.06028
 0.15763   0.04288   0.06107
 0.15928   0.04344   0.06186
 0.16096   0.04402   0.06266
 0.16262   0.04459   0.06346
 0.16433   0.04517   0.06428
 0.16605   0.04576   0.06511
 0.16780   0.04636   0.06595
 0.16956   0.04696   0.06679
 0.17133   0.04757   0.06765
 0.17332   0.04824   0.06860
 0.17514   0.04886   0.06947
 0.17698   0.04949   0.07035
 0.17883   0.05012   0.07124
 0.18025   0.05061   0.07193
 0.18159   0.05106   0.07257
 0.18349   0.05171   0.07348
 0.18541   0.05237   0.07440
 0.18735   0.05303   0.07533
 0.18932   0.05369   0.07627
 0.19130   0.05437   0.07722
 0.19333   0.05506   0.07819
 0.19535   0.05575   0.07916
 0.19739   0.05644   0.08014
 0.19946   0.05714   0.08113
 0.20154   0.05785   0.08213
 0.20374   0.05860   0.08318
 0.20588   0.05932   0.08420
 0.20803   0.06005   0.08523
 0.20947   0.06054   0.08592
 0.21092   0.06103   0.08662
 0.21276   0.06165   0.08749
 0.21498   0.06240   0.08856
 0.21723   0.06316   0.08963
 0.21950   0.06393   0.09071
 0.22179   0.06470   0.09181
 0.22433   0.06556   0.09302
 0.22667   0.06635   0.09414
 0.22904   0.06715   0.09527
 0.23143   0.06795   0.09641
 0.23409   0.06885   0.09768
 0.23654   0.06967   0.09884
 0.23901   0.07050   0.10002
 0.24151   0.07134   0.10120
 0.24406   0.07220   0.10242
 0.24661   0.07306   0.10363
 0.24918   0.07392   0.10485
 0.25179   0.07479   0.10609
 0.25435   0.07565   0.10731
 0.25700   0.07654   0.10857
 0.25969   0.07744   0.10984
 0.26240   0.07834   0.11112
 0.26518   0.07927   0.11244
 0.26795   0.08020   0.11375
 0.26985   0.08083   0.11465
 0.27174   0.08146   0.11555
 0.27445   0.08236   0.11682
 0.27731   0.08331   0.11818
 0.27926   0.08396   0.11909
 0.28120   0.08460   0.12001
 0.28381   0.08547   0.12124
 0.28678   0.08646   0.12264
 0.28977   0.08745   0.12405
 0.29280   0.08845   0.12548
 0.29591   0.08948   0.12693
 0.29900   0.09050   0.12839
 0.30213   0.09153   0.12986
 0.30509   0.09251   0.13125
 0.30828   0.09356   0.13274
 0.30970   0.09403   0.13340
 0.31112   0.09449   0.13407
 0.31286   0.09506   0.13488
 0.31613   0.09614   0.13641
 0.31944   0.09722   0.13796
 0.32278   0.09832   0.13952
 0.32638   0.09950   0.14119
 0.32980   0.10061   0.14278
 0.33326   0.10174   0.14439
 0.33680   0.10289   0.14603
 0.33895   0.10359   0.14703
 0.34110   0.10429   0.14803
 0.34341   0.10504   0.14910
 0.34702   0.10621   0.15077
 0.34968   0.10707   0.15200
 0.35234   0.10794   0.15322
 0.35541   0.10893   0.15464
 0.35915   0.11013   0.15636
 0.36292   0.11135   0.15810
 0.36639   0.11247   0.15969
 0.36889   0.11327   0.16084
 0.37140   0.11407   0.16199
 0.37451   0.11507   0.16341
 0.37845   0.11633   0.16522
 0.38243   0.11760   0.16703
 0.38652   0.11890   0.16890
 0.38938   0.11981   0.17020
 0.39225   0.12072   0.17150
 0.39506   0.12162   0.17278
 0.39923   0.12293   0.17466
 0.40344   0.12426   0.17657
 0.40741   0.12552   0.17836
 0.40944   0.12615   0.17928
 0.41147   0.12679   0.18019
 0.41362   0.12747   0.18116
 0.41799   0.12884   0.18312
 0.42039   0.12959   0.18420
 0.42279   0.13033   0.18527
 0.42726   0.13173   0.18727
 0.42924   0.13234   0.18816
 0.43121   0.13296   0.18904
 0.43391   0.13380   0.19024
 0.43851   0.13522   0.19229
 0.44237   0.13641   0.19400
 0.44623   0.13760   0.19571
 0.44903   0.13846   0.19695
 0.45183   0.13932   0.19818
 0.45472   0.14021   0.19945
 0.45955   0.14168   0.20158
 0.46444   0.14317   0.20372
 0.47003   0.14487   0.20617
 0.47511   0.14641   0.20838
 0.47857   0.14745   0.20989
 0.48203   0.14849   0.21139
 0.48726   0.15006   0.21365
 0.48984   0.15083   0.21476
 0.49242   0.15160   0.21587
 0.49590   0.15264   0.21737
 0.49898   0.15356   0.21869
 0.50206   0.15447   0.22001
 0.50504   0.15535   0.22128
 0.50805   0.15624   0.22257
 0.51004   0.15683   0.22342
 0.51203   0.15742   0.22426
 0.51753   0.15903   0.22659
 0.51946   0.15959   0.22741
 0.52140   0.16016   0.22823
 0.52354   0.16079   0.22913
 0.52917   0.16242   0.23150
 0.53275   0.16346   0.23300
 0.53601   0.16440   0.23437
 0.53946   0.16540   0.23581
 0.54290   0.16639   0.23724
 0.54636   0.16738   0.23868
 0.54962   0.16831   0.24003
 0.55288   0.16924   0.24138
 0.55645   0.17025   0.24285
 0.55892   0.17095   0.24386
 0.56139   0.17165   0.24488
 0.56513   0.17270   0.24640
 0.56851   0.17365   0.24778
 0.57189   0.17460   0.24916
 0.57609   0.17578   0.25086
 0.57994   0.17685   0.25242
 0.58379   0.17791   0.25397
 0.58723   0.17886   0.25535
 0.58974   0.17956   0.25636
 0.59226   0.18025   0.25736
 0.59538   0.18111   0.25861
 0.59908   0.18212   0.26008
 0.60239   0.18302   0.26139
 0.60541   0.18384   0.26259
 0.60920   0.18486   0.26408
 0.61300   0.18589   0.26557
 0.61649   0.18682   0.26694
 0.61945   0.18762   0.26809
 0.62241   0.18841   0.26924
 0.62547   0.18922   0.27043
 0.62947   0.19028   0.27198
 0.63347   0.19134   0.27352
 0.63744   0.19238   0.27504
 0.64324   0.19390   0.27726
 0.64882   0.19535   0.27938
 0.65213   0.19621   0.28063
 0.65544   0.19706   0.28187
 0.65971   0.19815   0.28347
 0.66397   0.19924   0.28506
 0.66875   0.20046   0.28684
 0.67244   0.20139   0.28820
 0.67590   0.20226   0.28948
 0.67929   0.20311   0.29072
 0.68267   0.20395   0.29195
 0.68594   0.20477   0.29315
 0.68936   0.20562   0.29439
 0.69279   0.20646   0.29562
 0.69617   0.20729   0.29684
 0.69960   0.20813   0.29807
 0.70304   0.20897   0.29930
 0.70677   0.20987   0.30062
 0.71472   0.21179   0.30343
 0.71822   0.21262   0.30465
 0.72171   0.21345   0.30587
 0.72502   0.21423   0.30702
 0.72975   0.21535   0.30865
 0.73448   0.21645   0.31028
 0.73987   0.21771   0.31212
 0.74828   0.21964   0.31496
 0.75256   0.22062   0.31639
 0.75684   0.22159   0.31781
 0.75939   0.22216   0.31866
 0.76195   0.22274   0.31950
 0.76466   0.22335   0.32040
 0.76961   0.22445   0.32201
 0.77455   0.22554   0.32362
 0.77964   0.22666   0.32526
 0.78862   0.22861   0.32812
 0.79232   0.22940   0.32929
 0.79602   0.23019   0.33045
 0.79962   0.23096   0.33158
 0.80323   0.23172   0.33269
 0.80719   0.23255   0.33391
 0.80977   0.23309   0.33471
 0.81235   0.23362   0.33550
 0.81570   0.23432   0.33651
 0.81889   0.23497   0.33748
 0.82208   0.23563   0.33844
 0.82538   0.23630   0.33942
 0.82928   0.23709   0.34058
 0.83317   0.23787   0.34173
 0.83688   0.23861   0.34282
 0.83937   0.23910   0.34354
 0.84185   0.23959   0.34426
 0.84450   0.24012   0.34503
 0.84813   0.24083   0.34607
 0.85176   0.24153   0.34711
 0.85515   0.24219   0.34807
 0.85910   0.24295   0.34918
 0.86305   0.24370   0.35028
 0.86665   0.24438   0.35128
 0.86987   0.24498   0.35217
 0.87309   0.24558   0.35305
 0.87759   0.24642   0.35427
 0.88304   0.24742   0.35574
 0.88848   0.24841   0.35719
 0.89267   0.24916   0.35829
 0.89674   0.24989   0.35935
 0.90003   0.25047   0.36020
 0.90332   0.25105   0.36105
 0.90906   0.25205   0.36251
 0.91282   0.25270   0.36345
 0.91625   0.25329   0.36431
 0.91936   0.25382   0.36508
 0.92247   0.25434   0.36585
 0.92566   0.25488   0.36663
 0.92909   0.25545   0.36746
 0.93252   0.25602   0.36829
 0.93574   0.25654   0.36905
 0.93931   0.25713   0.36990
 0.94287   0.25770   0.37073
 0.94638   0.25826   0.37155
 0.94952   0.25876   0.37227
 0.95266   0.25926   0.37299
 0.95608   0.25979   0.37376
 0.95947   0.26032   0.37453
 0.96286   0.26084   0.37528
 0.96642   0.26139   0.37607
 0.96966   0.26188   0.37677
 0.97290   0.26236   0.37748
 0.97665   0.26292   0.37828
 0.97989   0.26340   0.37897
 0.98313   0.26388   0.37965
 0.98785   0.26456   0.38063
 0.99286   0.26528   0.38166
 0.99788   0.26599   0.38267
 1.00358   0.26678   0.38380
 1.00872   0.26749   0.38481
 1.01234   0.26798   0.38551
 1.01597   0.26846   0.38620
 1.02080   0.26911   0.38711
 1.02563   0.26974   0.38800
 1.02848   0.27011   0.38852
 1.03133   0.27047   0.38903
 1.03421   0.27084   0.38955
 1.03773   0.27128   0.39017
 1.03999   0.27156   0.39056
 1.04226   0.27184   0.39096
 1.04848   0.27261   0.39202
 1.05249   0.27309   0.39269
 1.05649   0.27356   0.39335
 1.05947   0.27391   0.39384
 1.06244   0.27426   0.39431
 1.06566   0.27463   0.39483
 1.06849   0.27495   0.39527
 1.07132   0.27527   0.39571
 1.07419   0.27560   0.39615
 1.07851   0.27607   0.39680
 1.08283   0.27654   0.39744
 1.08682   0.27697   0.39802
 1.08980   0.27729   0.39845
 1.09277   0.27760   0.39887
 1.09668   0.27801   0.39941
 1.09928   0.27827   0.39977
 1.10189   0.27854   0.40012
 1.10463   0.27881   0.40048
 1.10978   0.27932   0.40116
 1.11492   0.27982   0.40181
 1.11894   0.28020   0.40231
 1.12252   0.28054   0.40275
 1.12578   0.28084   0.40314
 1.12933   0.28116   0.40355
 1.13287   0.28148   0.40396
 1.13642   0.28179   0.40436
 1.13978   0.28208   0.40473
 1.14313   0.28237   0.40509
 1.14737   0.28273   0.40554
 1.15349   0.28323   0.40616
 1.15961   0.28372   0.40676
 1.16707   0.28430   0.40745
 1.17429   0.28484   0.40809
 1.17841   0.28514   0.40844
 1.18254   0.28543   0.40877
 1.18704   0.28574   0.40913
 1.19437   0.28624   0.40967
 1.19845   0.28650   0.40996
 1.20252   0.28676   0.41024
 1.20692   0.28703   0.41052
 1.21455   0.28748   0.41098
 1.21883   0.28773   0.41123
 1.22254   0.28794   0.41143
 1.22597   0.28812   0.41160
 1.22944   0.28831   0.41177
 1.23291   0.28849   0.41193
 1.23653   0.28867   0.41209
 1.24463   0.28906   0.41242
 1.24928   0.28928   0.41258
 1.25393   0.28948   0.41273
 1.25830   0.28967   0.41286
 1.26301   0.28986   0.41298
 1.26744   0.29003   0.41308
 1.27322   0.29025   0.41319
 1.27900   0.29045   0.41328
 1.28291   0.29058   0.41332
 1.28647   0.29070   0.41336
 1.28900   0.29077   0.41337
 1.29153   0.29085   0.41339
 1.29512   0.29095   0.41340
 1.29889   0.29106   0.41340
 1.30229   0.29115   0.41339
 1.30561   0.29123   0.41338
 1.30919   0.29131   0.41335
 1.31277   0.29139   0.41332
 1.31624   0.29147   0.41327
 1.31990   0.29154   0.41322
 1.32356   0.29161   0.41316
 1.32894   0.29170   0.41305
 1.33275   0.29176   0.41296
 1.33620   0.29180   0.41287
 1.33961   0.29185   0.41277
 1.34301   0.29189   0.41267
 1.34686   0.29193   0.41254
 1.35417   0.29199   0.41226
 1.35819   0.29201   0.41209
 1.36221   0.29203   0.41192
 1.36691   0.29204   0.41169
 1.36973   0.29205   0.41155
 1.37255   0.29205   0.41140
 1.37613   0.29205   0.41121
 1.37938   0.29205   0.41102
 1.38264   0.29204   0.41083
 1.38603   0.29202   0.41062
 1.38899   0.29201   0.41043
 1.39194   0.29199   0.41024
 1.39512   0.29197   0.41002
 1.39987   0.29193   0.40968
 1.40461   0.29188   0.40933
 1.40841   0.29184   0.40904
 1.41221   0.29179   0.40873
 1.41869   0.29170   0.40819
 1.42261   0.29164   0.40785
 1.42630   0.29157   0.40752
 1.42973   0.29151   0.40720
 1.43315   0.29144   0.40687
 1.43732   0.29135   0.40647
 1.44300   0.29122   0.40589
 1.44818   0.29109   0.40535
 1.45268   0.29097   0.40486
 1.45717   0.29085   0.40436
 1.45941   0.29078   0.40410
 1.46165   0.29072   0.40384
 1.46419   0.29064   0.40355
 1.46987   0.29046   0.40286
 1.47554   0.29027   0.40216
 1.47943   0.29013   0.40166
 1.48332   0.28999   0.40116
 1.48730   0.28984   0.40063
 1.49352   0.28960   0.39977
 1.49975   0.28934   0.39890
 1.50812   0.28897   0.39767
 1.51271   0.28876   0.39698
 1.51729   0.28855   0.39628
 1.52404   0.28821   0.39521
 1.52756   0.28804   0.39464
 1.52970   0.28793   0.39429
 1.53183   0.28782   0.39394
 1.53462   0.28767   0.39348
 1.53796   0.28749   0.39291
 1.54038   0.28736   0.39250
 1.54281   0.28722   0.39208
 1.54741   0.28696   0.39128
 1.54957   0.28684   0.39090
 1.55174   0.28671   0.39051
 1.55437   0.28655   0.39003
 1.55997   0.28622   0.38901
 1.56557   0.28587   0.38796
 1.56847   0.28569   0.38741
 1.57137   0.28550   0.38685
 1.57434   0.28531   0.38628
 1.57987   0.28494   0.38519
 1.58541   0.28457   0.38408
 1.58978   0.28426   0.38319
 1.59416   0.28396   0.38228
 1.59946   0.28357   0.38117
 1.60680   0.28303   0.37959
 1.60967   0.28282   0.37896
 1.61254   0.28260   0.37833
 1.61602   0.28233   0.37756
 1.62002   0.28202   0.37666
 1.62403   0.28170   0.37575
 1.62929   0.28128   0.37454
 1.63454   0.28085   0.37331
 1.63937   0.28045   0.37217
 1.64593   0.27989   0.37059
 1.64973   0.27956   0.36966
 1.65353   0.27923   0.36872
 1.65806   0.27883   0.36759
 1.66273   0.27841   0.36641
 1.66739   0.27799   0.36521
 1.69033   0.27582   0.35914
 1.69854   0.27501   0.35688
 1.70247   0.27462   0.35579
 1.70640   0.27422   0.35469
 1.70976   0.27388   0.35373
 1.71313   0.27353   0.35277
 1.71736   0.27309   0.35155
 1.72297   0.27250   0.34992
 1.72812   0.27196   0.34840
 1.73270   0.27146   0.34704
 1.73728   0.27097   0.34566
 1.73989   0.27068   0.34487
 1.74249   0.27039   0.34408
 1.74647   0.26995   0.34286
 1.74982   0.26958   0.34182
 1.75316   0.26920   0.34078
 1.75759   0.26870   0.33940
 1.76297   0.26809   0.33770
 1.76834   0.26746   0.33598
 1.77287   0.26693   0.33452
 1.77727   0.26641   0.33309
 1.78424   0.26558   0.33080
 1.78763   0.26518   0.32967
 1.78969   0.26493   0.32899
 1.79176   0.26468   0.32830
 1.79446   0.26435   0.32739
 1.79938   0.26374   0.32572
 1.80429   0.26313   0.32405
 1.80899   0.26255   0.32243
 1.81286   0.26206   0.32109
 1.81638   0.26162   0.31986
 1.81971   0.26119   0.31869
 1.82303   0.26077   0.31752
 1.82702   0.26025   0.31611
 1.83390   0.25936   0.31364
 1.83742   0.25890   0.31237
 1.84010   0.25855   0.31140
 1.84256   0.25822   0.31051
 1.84829   0.25746   0.30841
 1.85262   0.25688   0.30681
 1.85695   0.25630   0.30520
 1.86370   0.25538   0.30267
 1.87002   0.25452   0.30028
 1.87696   0.25356   0.29763
 1.88404   0.25257   0.29489
 1.88944   0.25181   0.29279
 1.89484   0.25105   0.29067
 1.90001   0.25031   0.28863
 1.90659   0.24936   0.28601
 1.90989   0.24889   0.28469
 1.91319   0.24841   0.28336
 1.91797   0.24771   0.28143
 1.92279   0.24701   0.27946
 1.92761   0.24630   0.27749
 1.93370   0.24539   0.27498
 1.93964   0.24451   0.27251
 1.94745   0.24333   0.26924
 1.95294   0.24250   0.26692
 1.95812   0.24171   0.26472
 1.96267   0.24102   0.26278
 1.96722   0.24032   0.26082
 1.97391   0.23928   0.25793
 1.97747   0.23873   0.25638
 1.97963   0.23839   0.25544
 1.98178   0.23806   0.25450
 1.98445   0.23764   0.25333
 1.98875   0.23697   0.25144
 1.99240   0.23639   0.24982
 1.99598   0.23583   0.24824
 1.99874   0.23539   0.24701
 2.00150   0.23495   0.24578
 2.00508   0.23438   0.24417
 2.00835   0.23386   0.24270
 2.00991   0.23361   0.24200
 2.01146   0.23336   0.24130
 2.01339   0.23305   0.24043
 2.03267   0.22993   0.23163
 2.05630   0.22605   0.22061
 2.07996   0.22209   0.20935
 2.10363   0.21807   0.19785
 2.10670   0.21755   0.19635
 2.10977   0.21702   0.19484
 2.11131   0.21676   0.19408
 2.11272   0.21651   0.19339
 2.12681   0.21408   0.18639
 2.15063   0.20994   0.17441
 2.17451   0.20573   0.16220
 2.19839   0.20149   0.14980
 2.20557   0.20020   0.14604
 2.20837   0.19970   0.14457
 2.20970   0.19947   0.14387
 2.21088   0.19925   0.14325
 2.21196   0.19906   0.14268
 2.22272   0.19713   0.13700
 2.24672   0.19279   0.12419
 2.27078   0.18842   0.11121
 2.29485   0.18403   0.09808
 2.30051   0.18299   0.09497
 2.30617   0.18195   0.09185
 2.30924   0.18139   0.09016
 2.31114   0.18104   0.08911
 2.31303   0.18070   0.08807
 2.33201   0.17721   0.07755
 2.35619   0.17276   0.06406
 2.38038   0.16830   0.05045
 2.40456   0.16385   0.03677
 2.40744   0.16332   0.03513
 2.40870   0.16309   0.03442
 2.40996   0.16285   0.03370
 2.41676   0.16160   0.02983
 2.42302   0.16045   0.02627
 2.44722   0.15599   0.01245
 2.47147   0.15154  -0.00144
 2.49568   0.14711  -0.01536
 2.50146   0.14606  -0.01869
 2.50724   0.14500  -0.02201
 2.50884   0.14471  -0.02294
 2.50986   0.14453  -0.02352
 2.51087   0.14434  -0.02411
 2.51194   0.14415  -0.02472
 2.52264   0.14220  -0.03089
 2.54681   0.13782  -0.04482
 2.57099   0.13346  -0.05877
 2.59511   0.12914  -0.07267
 2.60062   0.12816  -0.07584
 2.60613   0.12718  -0.07902
 2.60888   0.12669  -0.08060
 2.61163   0.12620  -0.08218
 2.61415   0.12576  -0.08363
 2.63812   0.12152  -0.09739
 2.66213   0.11732  -0.11114
 2.68605   0.11317  -0.12479
 2.70989   0.10908  -0.13832
 2.71227   0.10867  -0.13967
 2.71444   0.10830  -0.14090
 2.73615   0.10463  -0.15314
 2.75984   0.10066  -0.16643
 2.78344   0.09675  -0.17957
 2.80694   0.09291  -0.19255
 2.80855   0.09265  -0.19343
 2.80940   0.09251  -0.19390
 2.80990   0.09243  -0.19418
 2.81040   0.09235  -0.19445
 2.81102   0.09225  -0.19479
 2.81718   0.09125  -0.19817
 2.84047   0.08752  -0.21087
 2.86374   0.08385  -0.22344
 2.88691   0.08024  -0.23582
 2.90996   0.07671  -0.24801
 2.91525   0.07591  -0.25079
 2.92004   0.07519  -0.25329
 2.94284   0.07178  -0.26514
 2.96563   0.06843  -0.27682
 2.98830   0.06515  -0.28829
 2.99305   0.06448  -0.29067
 2.99779   0.06380  -0.29304
 3.00307   0.06305  -0.29567
 3.00835   0.06231  -0.29829
 3.00971   0.06212  -0.29896
 3.01055   0.06200  -0.29938
 3.01136   0.06188  -0.29978
 3.01940   0.06076  -0.30374
 3.04172   0.05767  -0.31464
 3.06399   0.05465  -0.32534
 3.08616   0.05171  -0.33580
 3.10822   0.04883  -0.34604
 3.10932   0.04869  -0.34654
 3.10981   0.04863  -0.34677
 3.11030   0.04856  -0.34699
 3.11098   0.04848  -0.34730
 3.11779   0.04760  -0.35042
 3.13958   0.04485  -0.36027
 3.16132   0.04216  -0.36990
 3.18297   0.03954  -0.37930
 3.20450   0.03699  -0.38846
 3.20932   0.03643  -0.39048
 3.20998   0.03635  -0.39076
 3.21064   0.03628  -0.39103
 3.21153   0.03617  -0.39141
 3.22044   0.03514  -0.39512
 3.24168   0.03273  -0.40381
 3.26286   0.03038  -0.41228
 3.28393   0.02809  -0.42051
 3.30490   0.02587  -0.42851
 3.30937   0.02541  -0.43019
 3.30980   0.02536  -0.43035
 3.31022   0.02532  -0.43050
 3.31070   0.02527  -0.43068
 3.31547   0.02478  -0.43246
 3.33615   0.02267  -0.44005
 3.35676   0.02063  -0.44741
 3.37727   0.01864  -0.45453
 3.39768   0.01672  -0.46143
 3.40174   0.01634  -0.46277
 3.40580   0.01597  -0.46411
 3.40992   0.01559  -0.46546
 3.41053   0.01554  -0.46566
 3.41109   0.01549  -0.46585
 3.41662   0.01498  -0.46764
 3.43669   0.01319  -0.47404
 3.45664   0.01145  -0.48021
 3.47650   0.00978  -0.48615
 3.49626   0.00815  -0.49188
 3.50020   0.00784  -0.49299
 3.50414   0.00752  -0.49410
 3.50811   0.00720  -0.49522
 3.50951   0.00709  -0.49561
 3.50987   0.00706  -0.49571
 3.51022   0.00704  -0.49580
 3.51055   0.00701  -0.49590
 3.51386   0.00675  -0.49681
 3.53327   0.00524  -0.50207
 3.55239   0.00380  -0.50708
 3.57138   0.00241  -0.51186
 3.59020   0.00107  -0.51643
 3.59422   0.00079  -0.51738
 3.59824   0.00051  -0.51832
 3.60212   0.00024  -0.51923
 3.60600  -0.00002  -0.52012
 3.60982  -0.00028  -0.52100
 3.60997  -0.00029  -0.52103
 3.61013  -0.00030  -0.52107
 3.61030  -0.00031  -0.52111
 3.61194  -0.00043  -0.52148
 3.62837  -0.00152  -0.52514
 3.64976  -0.00290  -0.52971
 3.67046  -0.00419  -0.53391
 3.69026  -0.00537  -0.53772
 3.70948  -0.00648  -0.54124
 3.70998  -0.00651  -0.54133
 3.71047  -0.00654  -0.54142
 3.71101  -0.00657  -0.54151
 3.71643  -0.00688  -0.54247
 3.73476  -0.00789  -0.54559
 3.75340  -0.00888  -0.54859
 3.77176  -0.00982  -0.55138
 3.78986  -0.01072  -0.55397
 3.80770  -0.01157  -0.55637
 3.80910  -0.01163  -0.55655
 3.80977  -0.01166  -0.55663
 3.81030  -0.01169  -0.55670
 3.81083  -0.01171  -0.55677
 3.81611  -0.01196  -0.55744
 3.83343  -0.01274  -0.55955
 3.85083  -0.01350  -0.56152
 3.86802  -0.01422  -0.56332
 3.88497  -0.01490  -0.56496
 3.90170  -0.01555  -0.56645
 3.90542  -0.01569  -0.56676
 3.90913  -0.01582  -0.56706
 3.90963  -0.01584  -0.56710
 3.90999  -0.01586  -0.56713
 3.91034  -0.01587  -0.56716
 3.91087  -0.01589  -0.56720
 3.91616  -0.01608  -0.56762
 3.93235  -0.01667  -0.56883
 3.94854  -0.01723  -0.56991
 3.96452  -0.01775  -0.57086
 3.98027  -0.01825  -0.57168
 3.99580  -0.01873  -0.57238
 3.99886  -0.01882  -0.57251
 4.00192  -0.01891  -0.57263
 4.00514  -0.01900  -0.57275
 4.00835  -0.01910  -0.57287
 4.00931  -0.01912  -0.57290
 4.00982  -0.01914  -0.57292
 4.01033  -0.01915  -0.57294
 4.01080  -0.01917  -0.57295
 4.01558  -0.01930  -0.57312
 4.03042  -0.01971  -0.57355
 4.04522  -0.02010  -0.57389
 4.05977  -0.02047  -0.57414
 4.07405  -0.02082  -0.57429
 4.08805  -0.02114  -0.57435
 4.10176  -0.02145  -0.57433
 4.10444  -0.02151  -0.57431
 4.10713  -0.02156  -0.57430
 4.11000  -0.02162  -0.57428
 4.11287  -0.02168  -0.57425
 4.11605  -0.02175  -0.57422
 4.12885  -0.02201  -0.57406
 4.14159  -0.02225  -0.57383
 4.15397  -0.02248  -0.57354
 4.16593  -0.02269  -0.57320
 4.17744  -0.02288  -0.57283
 4.18844  -0.02306  -0.57242
 4.19884  -0.02322  -0.57199
 4.20853  -0.02336  -0.57155
 4.20902  -0.02337  -0.57152
 4.20952  -0.02338  -0.57150
 4.20971  -0.02338  -0.57149
 4.20990  -0.02338  -0.57148
 4.20997  -0.02338  -0.57148
 4.21004  -0.02339  -0.57148
 4.21014  -0.02339  -0.57147
 4.21107  -0.02340  -0.57143
 4.21787  -0.02350  -0.57109
 4.22527  -0.02360  -0.57071
 4.23383  -0.02371  -0.57023
 4.24323  -0.02383  -0.56968
 4.25331  -0.02395  -0.56906
 4.26393  -0.02407  -0.56836
 4.27504  -0.02419  -0.56758
 4.28656  -0.02430  -0.56673
 4.29845  -0.02441  -0.56580
 4.30089  -0.02444  -0.56560
 4.30334  -0.02446  -0.56541
 4.30619  -0.02448  -0.56517
 4.30905  -0.02451  -0.56493
 4.30973  -0.02451  -0.56487
 4.31042  -0.02452  -0.56482
 4.31106  -0.02452  -0.56476
 4.31750  -0.02458  -0.56421
 4.33017  -0.02467  -0.56308
 4.34314  -0.02477  -0.56187
 4.35637  -0.02485  -0.56058
 4.36982  -0.02493  -0.55921
 4.38349  -0.02499  -0.55775
 4.39736  -0.02505  -0.55621
 4.40017  -0.02507  -0.55589
 4.40298  -0.02508  -0.55557
 4.40698  -0.02509  -0.55511
 4.40838  -0.02510  -0.55495
 4.40978  -0.02510  -0.55478
 4.41040  -0.02510  -0.55471
 4.41101  -0.02510  -0.55464
 4.41717  -0.02512  -0.55391
 4.43141  -0.02516  -0.55218
 4.44588  -0.02519  -0.55036
 4.46050  -0.02522  -0.54846
 4.47526  -0.02523  -0.54648
 4.49015  -0.02523  -0.54442
 4.50517  -0.02523  -0.54227
 4.50962  -0.02522  -0.54163
 4.51058  -0.02522  -0.54149
 4.51154  -0.02522  -0.54135
 4.52114  -0.02521  -0.53993
 4.53635  -0.02519  -0.53763
 4.55171  -0.02515  -0.53525
 4.56717  -0.02511  -0.53279
 4.58271  -0.02506  -0.53026
 4.59833  -0.02500  -0.52766
 4.60226  -0.02499  -0.52700
 4.60618  -0.02497  -0.52633
 4.60813  -0.02496  -0.52600
 4.60935  -0.02496  -0.52579
 4.61003  -0.02496  -0.52568
 4.61067  -0.02495  -0.52557
 4.61713  -0.02492  -0.52446
 4.63284  -0.02485  -0.52172
 4.64869  -0.02476  -0.51889
 4.66461  -0.02467  -0.51601
 4.68057  -0.02457  -0.51306
 4.69659  -0.02447  -0.51005
 4.70434  -0.02441  -0.50857
 4.70712  -0.02439  -0.50804
 4.70990  -0.02437  -0.50750
 4.71446  -0.02434  -0.50663
 4.71861  -0.02431  -0.50582
 4.73462  -0.02419  -0.50270
 4.75078  -0.02406  -0.49949
 4.76697  -0.02392  -0.49624
 4.78318  -0.02378  -0.49293
 4.79941  -0.02363  -0.48958
 4.80430  -0.02359  -0.48856
 4.80920  -0.02354  -0.48754
 4.81117  -0.02353  -0.48713
 4.81314  -0.02351  -0.48671
 4.82929  -0.02335  -0.48330
 4.84558  -0.02319  -0.47982
 4.86187  -0.02302  -0.47631
 4.87818  -0.02285  -0.47275
 4.89448  -0.02268  -0.46916
 4.89946  -0.02262  -0.46806
 4.90444  -0.02257  -0.46695
 4.90704  -0.02254  -0.46637
 4.90964  -0.02251  -0.46580
 4.91162  -0.02249  -0.46535
 4.91344  -0.02247  -0.46495
 4.92962  -0.02228  -0.46132
 4.94593  -0.02210  -0.45763
 4.96223  -0.02191  -0.45391
 4.97853  -0.02171  -0.45017
 4.99481  -0.02151  -0.44641
 4.99969  -0.02146  -0.44528
 5.00457  -0.02140  -0.44415
 5.00879  -0.02134  -0.44316
 5.01153  -0.02131  -0.44253
 5.01427  -0.02128  -0.44189
 5.03041  -0.02108  -0.43811
 5.04666  -0.02087  -0.43429
 5.06289  -0.02066  -0.43045
 5.07910  -0.02046  -0.42660
 5.09528  -0.02025  -0.42274
 5.10004  -0.02018  -0.42160
 5.10480  -0.02012  -0.42046
 5.10777  -0.02008  -0.41975
 5.10964  -0.02006  -0.41930
 5.11152  -0.02003  -0.41885
 5.11341  -0.02001  -0.41840
 5.12944  -0.01980  -0.41455
 5.14556  -0.01958  -0.41066
 5.16166  -0.01937  -0.40677
 5.17774  -0.01915  -0.40287
 5.19379  -0.01894  -0.39898
 5.20981  -0.01872  -0.39508
 5.21690  -0.01862  -0.39336
 5.22338  -0.01854  -0.39178
 5.23927  -0.01832  -0.38790
 5.25522  -0.01810  -0.38401
 5.27113  -0.01789  -0.38013
 5.28702  -0.01767  -0.37625
 5.30287  -0.01745  -0.37238
 5.30675  -0.01740  -0.37143
 5.31063  -0.01735  -0.37048
 5.31420  -0.01730  -0.36961
 5.32990  -0.01708  -0.36577
 5.34568  -0.01687  -0.36193
 5.36142  -0.01665  -0.35809
 5.37713  -0.01644  -0.35426
 5.39281  -0.01622  -0.35045
 5.40846  -0.01601  -0.34665
 5.41200  -0.01596  -0.34579
 5.41555  -0.01592  -0.34493
 5.43105  -0.01571  -0.34117
 5.44662  -0.01550  -0.33741
 5.46216  -0.01529  -0.33366
 5.47766  -0.01508  -0.32993
 5.49313  -0.01487  -0.32622
 5.50857  -0.01467  -0.32253
 5.51245  -0.01462  -0.32160
 5.51599  -0.01457  -0.32076
 5.53129  -0.01437  -0.31712
 5.54664  -0.01417  -0.31347
 5.56197  -0.01397  -0.30985
 5.57727  -0.01377  -0.30625
 5.59253  -0.01357  -0.30267
 5.60776  -0.01338  -0.29911
 5.61263  -0.01331  -0.29797
 5.61709  -0.01326  -0.29693
 5.63218  -0.01307  -0.29343
 5.64732  -0.01287  -0.28993
 5.66244  -0.01269  -0.28646
 5.67752  -0.01250  -0.28301
 5.69256  -0.01231  -0.27958
 5.70758  -0.01213  -0.27618
 5.71049  -0.01209  -0.27552
 5.71341  -0.01206  -0.27486
 5.72829  -0.01188  -0.27152
 5.74323  -0.01170  -0.26818
 5.75813  -0.01152  -0.26486
 5.77301  -0.01134  -0.26157
 5.78786  -0.01117  -0.25831
 5.80267  -0.01100  -0.25507
 5.80658  -0.01095  -0.25422
 5.80907  -0.01092  -0.25368
 5.81155  -0.01089  -0.25314
 5.81452  -0.01086  -0.25250
 5.82918  -0.01069  -0.24933
 5.84391  -0.01053  -0.24617
 5.85860  -0.01036  -0.24303
 5.87327  -0.01020  -0.23993
 5.88790  -0.01004  -0.23685
 5.90251  -0.00988  -0.23380
 5.90826  -0.00982  -0.23260
 5.91239  -0.00977  -0.23174
 5.91652  -0.00973  -0.23089
 5.93098  -0.00957  -0.22791
 5.94550  -0.00942  -0.22494
 5.95998  -0.00927  -0.22200
 5.97444  -0.00912  -0.21908
 5.98886  -0.00897  -0.21620
 6.00326  -0.00882  -0.21334
 6.00756  -0.00878  -0.21249
 6.01009  -0.00876  -0.21199
 6.01240  -0.00873  -0.21153
 6.02666  -0.00859  -0.20874
 6.04098  -0.00845  -0.20595
 6.05527  -0.00831  -0.20320
 6.06954  -0.00817  -0.20047
 6.08377  -0.00804  -0.19777
 6.09798  -0.00791  -0.19509
 6.10486  -0.00784  -0.19381
 6.10874  -0.00781  -0.19308
 6.11261  -0.00777  -0.19236
 6.11611  -0.00774  -0.19171
 6.13017  -0.00761  -0.18912
 6.14428  -0.00748  -0.18654
 6.15837  -0.00736  -0.18398
 6.17243  -0.00723  -0.18145
 6.18646  -0.00711  -0.17895
 6.20047  -0.00699  -0.17648
 6.20673  -0.00694  -0.17538
 6.20995  -0.00691  -0.17482
 6.21316  -0.00688  -0.17426
 6.21857  -0.00684  -0.17332
 6.23245  -0.00672  -0.17092
 6.24636  -0.00660  -0.16853
 6.26026  -0.00649  -0.16617
 6.27412  -0.00638  -0.16384
 6.28796  -0.00627  -0.16154
 6.30177  -0.00616  -0.15926
 6.30857  -0.00611  -0.15815
 6.31268  -0.00608  -0.15748
 6.31660  -0.00605  -0.15684
 6.33028  -0.00594  -0.15463
 6.34401  -0.00584  -0.15243
 6.35772  -0.00574  -0.15026
 6.37141  -0.00564  -0.14811
 6.38506  -0.00554  -0.14599
 6.39870  -0.00544  -0.14389
 6.40808  -0.00538  -0.14246
 6.41275  -0.00534  -0.14175
 6.41742  -0.00531  -0.14105
 6.43093  -0.00522  -0.13902
 6.44448  -0.00513  -0.13701
 6.45800  -0.00504  -0.13502
 6.47150  -0.00495  -0.13306
 6.48498  -0.00486  -0.13112
 6.49844  -0.00477  -0.12920
 6.50455  -0.00473  -0.12834
 6.50788  -0.00471  -0.12787
 6.50976  -0.00470  -0.12761
 6.51165  -0.00469  -0.12734
 6.51434  -0.00467  -0.12697
 6.52766  -0.00459  -0.12511
 6.54104  -0.00451  -0.12327
 6.55440  -0.00442  -0.12145
 6.56773  -0.00435  -0.11966
 6.58104  -0.00427  -0.11789
 6.59432  -0.00419  -0.11614
 6.60758  -0.00411  -0.11441
 6.61318  -0.00408  -0.11369
 6.61879  -0.00405  -0.11297
 6.63195  -0.00398  -0.11129
 6.64515  -0.00391  -0.10963
 6.65832  -0.00383  -0.10798
 6.67148  -0.00376  -0.10636
 6.68461  -0.00370  -0.10476
 6.69772  -0.00363  -0.10318
 6.70374  -0.00360  -0.10246
 6.70976  -0.00357  -0.10175
 6.72278  -0.00350  -0.10021
 6.73596  -0.00344  -0.09868
 6.74899  -0.00337  -0.09718
 6.76199  -0.00331  -0.09570
 6.77497  -0.00325  -0.09424
 6.78793  -0.00319  -0.09280
 6.80087  -0.00313  -0.09138
 6.80712  -0.00310  -0.09070
 6.81337  -0.00308  -0.09003
 6.81940  -0.00305  -0.08938
 6.83224  -0.00299  -0.08801
 6.84511  -0.00294  -0.08666
 6.85796  -0.00288  -0.08532
 6.87078  -0.00283  -0.08400
 6.88359  -0.00278  -0.08270
 6.89638  -0.00273  -0.08142
 6.90914  -0.00267  -0.08016
 6.91564  -0.00265  -0.07952
 6.92150  -0.00263  -0.07895
 6.93418  -0.00258  -0.07772
 6.94688  -0.00253  -0.07651
 6.95957  -0.00248  -0.07531
 6.97224  -0.00244  -0.07413
 6.98489  -0.00239  -0.07297
 6.99752  -0.00234  -0.07183
 7.00632  -0.00231  -0.07103
 7.01512  -0.00228  -0.07025
 7.02773  -0.00224  -0.06914
 7.04029  -0.00220  -0.06805
 7.05284  -0.00216  -0.06697
 7.06536  -0.00212  -0.06591
 7.07787  -0.00208  -0.06486
 7.09036  -0.00204  -0.06383
 7.10283  -0.00200  -0.06282
 7.10992  -0.00198  -0.06225
 7.11700  -0.00196  -0.06168
 7.12745  -0.00192  -0.06085
 7.13985  -0.00189  -0.05988
 7.15225  -0.00185  -0.05892
 7.16463  -0.00182  -0.05797
 7.17699  -0.00178  -0.05704
 7.18933  -0.00175  -0.05612
 7.20166  -0.00172  -0.05522
 7.20809  -0.00170  -0.05475
 7.21318  -0.00168  -0.05438
 7.21826  -0.00167  -0.05402
 7.23049  -0.00164  -0.05315
 7.24276  -0.00161  -0.05228
 7.25501  -0.00158  -0.05144
 7.26724  -0.00155  -0.05060
 7.27945  -0.00152  -0.04978
 7.29165  -0.00149  -0.04896
 7.30383  -0.00146  -0.04817
 7.30852  -0.00145  -0.04786
 7.31320  -0.00144  -0.04756
 7.31756  -0.00143  -0.04728
 7.32964  -0.00140  -0.04651
 7.34177  -0.00137  -0.04574
 7.35388  -0.00135  -0.04499
 7.36597  -0.00132  -0.04425
 7.37805  -0.00129  -0.04352
 7.39011  -0.00127  -0.04280
 7.40216  -0.00124  -0.04209
 7.40874  -0.00123  -0.04171
 7.41388  -0.00122  -0.04141
 7.41859  -0.00121  -0.04114
 7.43054  -0.00119  -0.04047
 7.44253  -0.00116  -0.03979
 7.45450  -0.00114  -0.03913
 7.46646  -0.00112  -0.03848
 7.47840  -0.00110  -0.03783
 7.49033  -0.00107  -0.03720
 7.50224  -0.00105  -0.03658
 7.50883  -0.00104  -0.03624
 7.51471  -0.00103  -0.03593
 7.52008  -0.00102  -0.03566
 7.53190  -0.00100  -0.03506
 7.54376  -0.00098  -0.03447
 7.55560  -0.00096  -0.03389
 7.56742  -0.00094  -0.03332
 7.57923  -0.00092  -0.03275
 7.59103  -0.00090  -0.03220
 7.60280  -0.00088  -0.03165
 7.60966  -0.00087  -0.03134
 7.61651  -0.00086  -0.03102
 7.62444  -0.00085  -0.03067
 7.63615  -0.00083  -0.03014
 7.64787  -0.00081  -0.02963
 7.65957  -0.00080  -0.02912
 7.67126  -0.00078  -0.02862
 7.68294  -0.00076  -0.02813
 7.69460  -0.00075  -0.02764
 7.70625  -0.00073  -0.02716
 7.71425  -0.00072  -0.02684
 7.72147  -0.00071  -0.02655
 7.73305  -0.00070  -0.02609
 7.74465  -0.00068  -0.02564
 7.75623  -0.00067  -0.02519
 7.76781  -0.00065  -0.02475
 7.77936  -0.00064  -0.02432
 7.79091  -0.00063  -0.02389
 7.80243  -0.00061  -0.02347
 7.80903  -0.00061  -0.02323
 7.81563  -0.00060  -0.02300
 7.82191  -0.00060  -0.02278
 7.83337  -0.00059  -0.02237
 7.84484  -0.00058  -0.02198
 7.85631  -0.00057  -0.02159
 7.86776  -0.00056  -0.02120
 7.87919  -0.00055  -0.02082
 7.89062  -0.00054  -0.02045
 7.90202  -0.00053  -0.02008
 7.90842  -0.00053  -0.01988
 7.91344  -0.00052  -0.01972
 7.91820  -0.00052  -0.01957
 7.92953  -0.00051  -0.01922
 7.94089  -0.00050  -0.01887
 7.95224  -0.00049  -0.01853
 7.96358  -0.00048  -0.01819
 7.97490  -0.00047  -0.01786
 7.98621  -0.00046  -0.01753
 7.99751  -0.00046  -0.01721
 8.00880  -0.00045  -0.01689
 8.01631  -0.00044  -0.01668
 8.02312  -0.00044  -0.01650
 8.03434  -0.00043  -0.01619
 8.04558  -0.00042  -0.01589
 8.05681  -0.00042  -0.01559
 8.06803  -0.00041  -0.01530
 8.07923  -0.00040  -0.01501
 8.09042  -0.00040  -0.01472
 8.10160  -0.00039  -0.01444
 8.10781  -0.00039  -0.01429
 8.11401  -0.00039  -0.01414
 8.12005  -0.00038  -0.01399
 8.13116  -0.00038  -0.01372
 8.14229  -0.00037  -0.01346
 8.15341  -0.00036  -0.01320
 8.16452  -0.00036  -0.01294
 8.17561  -0.00035  -0.01269
 8.18670  -0.00035  -0.01244
 8.19777  -0.00034  -0.01219
 8.20883  -0.00033  -0.01195
 8.21754  -0.00033  -0.01176
 8.22545  -0.00033  -0.01159
 8.23646  -0.00032  -0.01136
 8.24747  -0.00032  -0.01113
 8.25848  -0.00031  -0.01090
 8.26947  -0.00031  -0.01068
 8.28046  -0.00031  -0.01046
 8.29143  -0.00030  -0.01024
 8.30238  -0.00030  -0.01003
 8.30884  -0.00030  -0.00990
 8.31530  -0.00030  -0.00978
 8.32151  -0.00030  -0.00966
 8.33240  -0.00029  -0.00946
 8.34331  -0.00029  -0.00925
 8.35422  -0.00029  -0.00905
 8.36511  -0.00029  -0.00886
 8.37599  -0.00029  -0.00866
 8.38686  -0.00028  -0.00847
 8.39772  -0.00028  -0.00828
 8.40856  -0.00028  -0.00809
 8.41587  -0.00028  -0.00797
 8.42250  -0.00027  -0.00786
 8.43329  -0.00027  -0.00768
 8.44410  -0.00027  -0.00750
 8.45490  -0.00026  -0.00732
 8.46569  -0.00026  -0.00715
 8.47647  -0.00025  -0.00697
 8.48723  -0.00025  -0.00680
 8.49799  -0.00025  -0.00664
 8.50873  -0.00024  -0.00647
 8.51832  -0.00024  -0.00633
 8.52701  -0.00024  -0.00619
 8.53771  -0.00024  -0.00603
 8.54841  -0.00024  -0.00588
 8.55910  -0.00024  -0.00572
 8.56979  -0.00024  -0.00556
 8.58046  -0.00024  -0.00541
 8.59112  -0.00024  -0.00526
 8.60177  -0.00024  -0.00511
 8.60795  -0.00024  -0.00503
 8.61413  -0.00023  -0.00494
 8.62006  -0.00023  -0.00486
 8.63065  -0.00022  -0.00471
 8.64126  -0.00022  -0.00457
 8.65186  -0.00022  -0.00443
 8.66245  -0.00021  -0.00429
 8.67303  -0.00021  -0.00415
 8.68360  -0.00020  -0.00401
 8.69416  -0.00020  -0.00388
 8.70471  -0.00020  -0.00374
 8.70883  -0.00020  -0.00369
 8.71294  -0.00020  -0.00364
 8.71736  -0.00019  -0.00358
 8.72785  -0.00019  -0.00345
 8.73836  -0.00019  -0.00332
 8.74887  -0.00019  -0.00319
 8.75937  -0.00019  -0.00306
 8.76986  -0.00019  -0.00293
 8.78034  -0.00018  -0.00280
 8.79080  -0.00018  -0.00268
 8.80126  -0.00018  -0.00255
 8.81171  -0.00018  -0.00243
 8.82180  -0.00017  -0.00231
 8.83223  -0.00015  -0.00219
 8.84265  -0.00014  -0.00207
 8.85306  -0.00013  -0.00195
 8.86346  -0.00012  -0.00183
 8.87385  -0.00011  -0.00171
 8.88423  -0.00010  -0.00159
 8.89460  -0.00009  -0.00147
 8.90496  -0.00008  -0.00136
 8.90980  -0.00008  -0.00130
 8.91464  -0.00007  -0.00125
 8.92205  -0.00006  -0.00116
 8.93236  -0.00006  -0.00105
 8.94269  -0.00005  -0.00093
 8.95301  -0.00004  -0.00082
 8.96332  -0.00003  -0.00070
 8.97362  -0.00002  -0.00059
 8.98391  -0.00001  -0.00048
 8.99419  -0.00000  -0.00036
 9.00446   0.00001  -0.00025
 9.00980   0.00001  -0.00019
 9.01515   0.00001  -0.00013
 9.02331   0.00000  -0.00004
 9.03070   0.00000   0.00004
