 0.00018   0.00000
 0.00023   0.00000
 0.00028   0.00000
 0.00034   0.00000
 0.00041   0.00000
 0.00049   0.00000
 0.00059   0.00000
 0.00069   0.00000
 0.00082   0.00000
 0.00096   0.00000
 0.00112   0.00000
 0.00131   0.00000
 0.00151   0.00000
 0.00174   0.00000
 0.00201   0.00000
 0.00230   0.00000
 0.00262   0.00001
 0.00299   0.00001
 0.00339   0.00001
 0.00384   0.00001
 0.00433   0.00001
 0.00487   0.00002
 0.00547   0.00002
 0.00612   0.00003
 0.00684   0.00004
 0.00762   0.00005
 0.00848   0.00006
 0.00941   0.00007
 0.01043   0.00009
 0.01152   0.00010
 0.01272   0.00013
 0.01401   0.00015
 0.01541   0.00019
 0.01693   0.00023
 0.01856   0.00027
 0.02032   0.00033
 0.02215   0.00039
 0.02418   0.00046
 0.02636   0.00055
 0.02870   0.00065
 0.03121   0.00077
 0.03384   0.00090
 0.03671   0.00106
 0.03978   0.00125
 0.04306   0.00146
 0.04659   0.00171
 0.05033   0.00199
 0.05464   0.00235
 0.05891   0.00273
 0.06346   0.00317
 0.06847   0.00368
 0.07364   0.00426
 0.07940   0.00495
 0.08528   0.00571
 0.09164   0.00659
 0.09776   0.00749
 0.10485   0.00861
 0.11277   0.00995
 0.12028   0.01131
 0.13055   0.01330
 0.14101   0.01549
 0.15190   0.01794
 0.16236   0.02046
 0.17225   0.02298
 0.18225   0.02567
 0.19257   0.02859
 0.20339   0.03180
 0.21508   0.03546
 0.22866   0.03993
 0.24945   0.04722
 0.26951   0.05476
 0.28646   0.06149
 0.30341   0.06854
 0.32073   0.07605
 0.33691   0.08334
 0.35722   0.09283
 0.37686   0.10234
 0.39649   0.11214
 0.41982   0.12414
 0.44847   0.13931
 0.46953   0.15070
 0.49059   0.16226
 0.50744   0.17161
 0.52430   0.18101
 0.53876   0.18911
 0.55323   0.19721
 0.56851   0.20577
 0.58800   0.21665
 0.60749   0.22746
 0.62957   0.23957
 0.65746   0.25459
 0.67586   0.26429
 0.69426   0.27379
 0.71291   0.28317
 0.72910   0.29109
 0.74529   0.29879
 0.76280   0.30685
 0.77907   0.31406
 0.79533   0.32099
 0.81290   0.32814
 0.83084   0.33506
 0.84819   0.34136
 0.86979   0.34864
 0.88817   0.35433
 0.90654   0.35951
 0.92647   0.36455
 0.94753   0.36920
 0.97046   0.37342
 0.99676   0.37717
 1.02050   0.37952
 1.04371   0.38084
 1.06693   0.38116
 1.08773   0.38061
 1.10854   0.37923
 1.13103   0.37683
 1.14832   0.37432
 1.16561   0.37124
 1.18551   0.36700
 1.20806   0.36128
 1.23782   0.35226
 1.26559   0.34236
 1.28843   0.33316
 1.31126   0.32304
 1.33456   0.31177
 1.36204   0.29731
 1.38685   0.28319
 1.41607   0.26535
 1.44528   0.24627
 1.47995   0.22212
 1.50821   0.20133
 1.53647   0.17964
 1.57039   0.15257
 1.60266   0.12589
 1.63292   0.10019
 1.66311   0.07405
 1.69369   0.04718
 1.72469   0.01968
 1.75587  -0.00808
 1.78686  -0.03563
 1.81796  -0.06308
 1.84929  -0.09038
 1.88087  -0.11740
 1.91253  -0.14382
 1.94344  -0.16882
 1.97328  -0.19209
 2.00246  -0.21391
 2.03178  -0.23480
 2.06026  -0.25400
 2.09152  -0.27373
 2.11045  -0.28496
 2.12938  -0.29561
 2.15977  -0.31144
 2.18997  -0.32558
 2.21373  -0.33554
 2.23563  -0.34378
 2.26469  -0.35329
 2.29347  -0.36106
 2.30980  -0.36474
 2.32612  -0.36787
 2.35192  -0.37171
 2.37948  -0.37429
 2.40670  -0.37530
 2.43014  -0.37494
 2.45220  -0.37356
 2.47920  -0.37052
 2.50656  -0.36593
 2.53431  -0.35974
 2.55934  -0.35286
 2.58783  -0.34357
 2.60777  -0.33616
 2.62772  -0.32802
 2.65188  -0.31723
 2.68165  -0.30256
 2.70489  -0.29010
 2.72813  -0.27681
 2.75316  -0.26159
 2.78423  -0.24150
 2.81561  -0.21995
 2.84761  -0.19680
 2.87959  -0.17260
 2.90795  -0.15036
 2.93630  -0.12750
 2.96813  -0.10119
 3.00075  -0.07368
 3.03341  -0.04574
 3.06546  -0.01807
 3.09805   0.01017
 3.13057   0.03828
 3.16337   0.06643
 3.19652   0.09452
 3.23000   0.12235
 3.26386   0.14980
 3.29789   0.17652
 3.33209   0.20236
 3.36563   0.22657
 3.39990   0.25001
 3.43407   0.27196
 3.46538   0.29072
 3.49906   0.30936
 3.53244   0.32618
 3.56282   0.33997
 3.59544   0.35313
 3.62771   0.36439
 3.66114   0.37417
 3.69263   0.38160
 3.72370   0.38721
 3.75408   0.39102
 3.78441   0.39317
 3.80852   0.39370
 3.83263   0.39318
 3.86037   0.39131
 3.89043   0.38774
 3.92092   0.38252
 3.95501   0.37480
 3.98642   0.36597
 4.01830   0.35539
 4.05092   0.34292
 4.08372   0.32878
 4.11697   0.31289
 4.15125   0.29494
 4.18540   0.27560
 4.21998   0.25462
 4.25916   0.22930
 4.29452   0.20519
 4.33023   0.17976
 4.36618   0.15321
 4.40238   0.12564
 4.43876   0.09728
 4.47470   0.06874
 4.51128   0.03935
 4.54769   0.00986
 4.58431  -0.01983
 4.62099  -0.04947
 4.65802  -0.07914
 4.69575  -0.10893
 4.73400  -0.13854
 4.77277  -0.16777
 4.81199  -0.19638
 4.84899  -0.22235
 4.88889  -0.24911
 4.92898  -0.27455
 4.97094  -0.29947
 5.01104  -0.32154
 5.04785  -0.34021
 5.08745  -0.35850
 5.12676  -0.37473
 5.16535  -0.38876
 5.20391  -0.40082
 5.24209  -0.41079
 5.27784  -0.41835
 5.30872  -0.42346
 5.33959  -0.42727
 5.37530  -0.43004
 5.40538  -0.43101
 5.43547  -0.43076
 5.46816  -0.42910
 5.50475  -0.42557
 5.54190  -0.42019
 5.57761  -0.41337
 5.61590  -0.40430
 5.65116  -0.39439
 5.69059  -0.38162
 5.73058  -0.36691
 5.77323  -0.34938
 5.80695  -0.33425
 5.84066  -0.31807
 5.88119  -0.29731
 5.92380  -0.27404
 5.97132  -0.24655
 6.00959  -0.22332
 6.04787  -0.19925
 6.09217  -0.17047
 6.13689  -0.14055
 6.18162  -0.10994
 6.22699  -0.07834
 6.27315  -0.04580
 6.31911  -0.01317
 6.36555   0.01986
 6.41216   0.05292
 6.45993   0.08654
 6.50877   0.12046
 6.55885   0.15462
 6.61030   0.18887
 6.66307   0.22296
 6.71746   0.25680
 6.76807   0.28698
 6.82540   0.31951
 6.88358   0.35057
 6.94315   0.38021
 7.00480   0.40846
 7.06512   0.43363
 7.12331   0.45554
 7.18160   0.47512
 7.24115   0.49267
 7.30553   0.50886
 7.36461   0.52120
 7.42125   0.53081
 7.47326   0.53778
 7.53192   0.54355
 7.59599   0.54743
 7.64864   0.54881
 7.69904   0.54867
 7.75829   0.54677
 7.80432   0.54408
 7.85034   0.54038
 7.90474   0.53480
 7.96771   0.52681
 8.02892   0.51761
 8.08938   0.50729
 8.15577   0.49469
 8.20345   0.48492
 8.25113   0.47462
 8.31100   0.46102
 8.37312   0.44626
 8.44509   0.42848
 8.52943   0.40696
 8.59163   0.39077
 8.65384   0.37443
 8.71937   0.35714
 8.78129   0.34084
 8.86095   0.32005
 8.93733   0.30041
 9.03424   0.27611
 9.13177   0.25252
 9.22719   0.23044
 9.30401   0.21345
 9.38082   0.19722
 9.47575   0.17825
 9.57411   0.15989
 9.68326   0.14109
 9.79124   0.12409
 9.88954   0.10998
 9.98055   0.09803
 10.06778   0.08754
 10.15190   0.07829
 10.23156   0.07026
 10.30740   0.06324
 10.38532   0.05664
 10.46239   0.05067
 10.53940   0.04523
 10.61394   0.04043
 10.69096   0.03592
 10.76594   0.03194
 10.84123   0.02831
 10.91549   0.02506
 10.99177   0.02204
 11.06682   0.01935
 11.14239   0.01691
 11.21778   0.01470
 11.29503   0.01265
 11.37171   0.01081
 11.44918   0.00913
 11.52722   0.00758
 11.60587   0.00616
 11.68588   0.00482
 11.76703   0.00355
 11.84952   0.00234
 11.93333   0.00116
 12.01856  -0.00002
 12.01986  -0.00003
