 0.00018   0.00000
 0.00023   0.00000
 0.00028   0.00000
 0.00034   0.00000
 0.00041   0.00000
 0.00049   0.00000
 0.00059   0.00000
 0.00069   0.00000
 0.00082   0.00000
 0.00096   0.00000
 0.00112   0.00000
 0.00131   0.00000
 0.00151   0.00000
 0.00174   0.00000
 0.00201   0.00000
 0.00230   0.00000
 0.00262   0.00000
 0.00299   0.00001
 0.00339   0.00001
 0.00384   0.00001
 0.00433   0.00001
 0.00487   0.00001
 0.00547   0.00002
 0.00612   0.00002
 0.00684   0.00003
 0.00762   0.00003
 0.00848   0.00004
 0.00941   0.00005
 0.01043   0.00006
 0.01152   0.00008
 0.01272   0.00009
 0.01401   0.00011
 0.01541   0.00013
 0.01692   0.00016
 0.01856   0.00020
 0.02031   0.00023
 0.02215   0.00028
 0.02418   0.00033
 0.02636   0.00039
 0.02870   0.00047
 0.03121   0.00055
 0.03383   0.00065
 0.03670   0.00077
 0.03977   0.00090
 0.04304   0.00105
 0.04657   0.00123
 0.05030   0.00144
 0.05457   0.00169
 0.05883   0.00196
 0.06336   0.00228
 0.06835   0.00265
 0.07349   0.00306
 0.07914   0.00355
 0.08497   0.00409
 0.09129   0.00472
 0.09729   0.00536
 0.10427   0.00616
 0.11177   0.00707
 0.11890   0.00799
 0.12725   0.00915
 0.13635   0.01049
 0.14643   0.01209
 0.15681   0.01385
 0.16812   0.01589
 0.18060   0.01831
 0.19263   0.02079
 0.20393   0.02326
 0.21593   0.02603
 0.22992   0.02943
 0.25171   0.03512
 0.26946   0.04009
 0.28722   0.04535
 0.30601   0.05123
 0.32558   0.05768
 0.34625   0.06484
 0.36916   0.07317
 0.39567   0.08329
 0.41725   0.09190
 0.43883   0.10079
 0.46540   0.11212
 0.49086   0.12332
 0.51454   0.13400
 0.53966   0.14557
 0.56624   0.15803
 0.58735   0.16805
 0.60845   0.17815
 0.63493   0.19089
 0.65589   0.20100
 0.67684   0.21111
 0.70043   0.22243
 0.72968   0.23634
 0.74933   0.24557
 0.76899   0.25469
 0.79362   0.26591
 0.81643   0.27606
 0.84036   0.28642
 0.86419   0.29641
 0.88803   0.30602
 0.91384   0.31597
 0.93757   0.32466
 0.95666   0.33130
 0.97576   0.33761
 0.99594   0.34390
 1.01696   0.35001
 1.03928   0.35600
 1.05887   0.36080
 1.07846   0.36516
 1.10105   0.36962
 1.11761   0.37250
 1.13417   0.37503
 1.14941   0.37705
 1.16464   0.37876
 1.18075   0.38024
 1.19617   0.38132
 1.21355   0.38216
 1.23052   0.38256
 1.24776   0.38256
 1.26757   0.38204
 1.28891   0.38084
 1.30960   0.37905
 1.33029   0.37664
 1.36072   0.37195
 1.38558   0.36711
 1.40863   0.36182
 1.43671   0.35433
 1.45776   0.34797
 1.47881   0.34098
 1.50678   0.33073
 1.53464   0.31946
 1.56869   0.30427
 1.59830   0.28985
 1.62791   0.27435
 1.66164   0.25544
 1.68866   0.23939
 1.71569   0.22258
 1.74638   0.20263
 1.78058   0.17942
 1.81631   0.15418
 1.85172   0.12831
 1.88548   0.10299
 1.91947   0.07696
 1.95352   0.05049
 1.98634   0.02473
 2.01950  -0.00142
 2.05222  -0.02723
 2.08498  -0.05292
 2.10736  -0.07034
 2.12974  -0.08760
 2.16022  -0.11077
 2.19370  -0.13568
 2.22736  -0.16003
 2.26059  -0.18326
 2.29446  -0.20598
 2.32832  -0.22762
 2.36438  -0.24936
 2.39801  -0.26830
 2.42577  -0.28289
 2.45353  -0.29649
 2.48625  -0.31117
 2.50724  -0.31980
 2.52824  -0.32779
 2.54988  -0.33532
 2.58123  -0.34497
 2.59916  -0.34979
 2.61202  -0.35294
 2.62488  -0.35582
 2.65500  -0.36151
 2.68495  -0.36568
 2.70435  -0.36760
 2.72086  -0.36873
 2.73710  -0.36940
 2.76555  -0.36950
 2.79375  -0.36827
 2.80857  -0.36708
 2.82339  -0.36554
 2.84115  -0.36321
 2.87046  -0.35823
 2.90019  -0.35177
 2.92348  -0.34572
 2.94677  -0.33883
 2.97764  -0.32843
 3.00891  -0.31647
 3.04061  -0.30292
 3.07089  -0.28871
 3.10340  -0.27214
 3.13101  -0.25706
 3.15615  -0.24258
 3.18961  -0.22224
 3.22330  -0.20066
 3.25369  -0.18033
 3.28775  -0.15668
 3.32189  -0.13216
 3.35337  -0.10896
 3.38749  -0.08328
 3.42152  -0.05725
 3.45498  -0.03138
 3.48869  -0.00516
 3.52219   0.02092
 3.55545   0.04672
 3.58930   0.07274
 3.62352   0.09869
 3.65665   0.12335
 3.69157   0.14871
 3.72680   0.17353
 3.76194   0.19737
 3.79759   0.22052
 3.83333   0.24255
 3.86575   0.26143
 3.90132   0.28083
 3.93087   0.29584
 3.95768   0.30854
 3.99245   0.32365
 4.02696   0.33707
 4.06063   0.34859
 4.09429   0.35851
 4.12750   0.36670
 4.15985   0.37312
 4.19216   0.37798
 4.21370   0.38035
 4.23524   0.38202
 4.26634   0.38319
 4.29716   0.38292
 4.32771   0.38125
 4.35848   0.37816
 4.39004   0.37355
 4.40990   0.36991
 4.42975   0.36571
 4.46140   0.35788
 4.49456   0.34820
 4.52822   0.33690
 4.56288   0.32374
 4.59751   0.30914
 4.62879   0.29476
 4.66006   0.27931
 4.69596   0.26033
 4.73222   0.23990
 4.76655   0.21951
 4.80343   0.19655
 4.84053   0.17247
 4.87514   0.14924
 4.90695   0.12733
 4.93876   0.10496
 4.97496   0.07905
 5.01229   0.05195
 5.04778   0.02596
 5.08490  -0.00135
 5.12189  -0.02856
 5.15882  -0.05559
 5.19658  -0.08296
 5.23490  -0.11033
 5.27381  -0.13757
 5.30559  -0.15932
 5.33736  -0.18053
 5.37537  -0.20511
 5.40937  -0.22630
 5.44338  -0.24665
 5.48397  -0.26974
 5.52522  -0.29176
 5.56239  -0.31028
 5.60346  -0.32919
 5.63942  -0.34434
 5.67350  -0.35745
 5.69954  -0.36662
 5.72558  -0.37504
 5.76002  -0.38500
 5.79927  -0.39471
 5.83050  -0.40115
 5.86052  -0.40627
 5.89858  -0.41123
 5.92824  -0.41392
 5.95790  -0.41556
 5.99487  -0.41617
 6.03153  -0.41520
 6.06718  -0.41277
 6.10469  -0.40866
 6.13828  -0.40366
 6.16993  -0.39782
 6.20920  -0.38909
 6.24907  -0.37861
 6.28859  -0.36668
 6.32970  -0.35269
 6.37639  -0.33497
 6.40979  -0.32116
 6.44318  -0.30646
 6.48597  -0.28639
 6.52968  -0.26458
 6.57620  -0.24004
 6.61145  -0.22062
 6.64544  -0.20128
 6.69054  -0.17481
 6.73588  -0.14738
 6.78104  -0.11938
 6.82679  -0.09047
 6.87322  -0.06071
 6.91926  -0.03092
 6.96572  -0.00072
 7.01199   0.02935
 7.05889   0.05971
 7.10683   0.09047
 7.15596   0.12158
 7.20651   0.15299
 7.25830   0.18442
 7.31150   0.21576
 7.35985   0.24330
 7.39799   0.26433
 7.43613   0.28471
 7.47868   0.30661
 7.53810   0.33564
 7.59624   0.36222
 7.64169   0.38168
 7.68435   0.39885
 7.74537   0.42154
 7.80709   0.44219
 7.86784   0.46025
 7.90663   0.47060
 7.94542   0.48003
 7.99009   0.48975
 8.03691   0.49865
 8.08374   0.50624
 8.14288   0.51401
 8.19166   0.51892
 8.24045   0.52251
 8.28635   0.52473
 8.34531   0.52599
 8.39845   0.52566
 8.43327   0.52472
 8.46756   0.52327
 8.50796   0.52089
 8.54836   0.51784
 8.59713   0.51330
 8.63925   0.50867
 8.67722   0.50397
 8.74191   0.49487
 8.80055   0.48555
 8.85055   0.47687
 8.89716   0.46824
 8.94549   0.45879
 8.98948   0.44980
 9.04298   0.43841
 9.09647   0.42659
 9.14835   0.41479
 9.19594   0.40372
 9.24949   0.39103
 9.29872   0.37921
 9.36314   0.36358
 9.40669   0.35296
 9.45024   0.34232
 9.50715   0.32843
 9.58712   0.30904
 9.64924   0.29415
 9.71137   0.27947
 9.76870   0.26616
 9.85347   0.24695
 9.91205   0.23406
 9.96555   0.22257
 10.05590   0.20385
 10.11288   0.19251
 10.16438   0.18259
 10.26415   0.16424
 10.36898   0.14625
 10.47674   0.12914
 10.59507   0.11195
 10.68610   0.09981
 10.77713   0.08860
 10.87263   0.07777
 10.95867   0.06879
 11.02907   0.06196
 11.09483   0.05598
 11.17221   0.04939
 11.25127   0.04313
 11.32555   0.03765
 11.39338   0.03295
 11.46811   0.02808
 11.54389   0.02343
 11.61646   0.01922
 11.69613   0.01482
 11.77006   0.01091
 11.84444   0.00710
 11.91806   0.00342
 11.99265  -0.00027
 12.01986  -0.00162
