 0.05068   0.00367   0.00822
 0.05123   0.00385   0.00841
 0.05177   0.00403   0.00859
 0.05233   0.00420   0.00878
 0.05289   0.00438   0.00898
 0.05346   0.00456   0.00917
 0.05403   0.00474   0.00937
 0.05462   0.00492   0.00957
 0.05521   0.00510   0.00978
 0.05580   0.00529   0.00998
 0.05640   0.00547   0.01020
 0.05701   0.00566   0.01041
 0.05763   0.00585   0.01063
 0.05825   0.00603   0.01084
 0.05889   0.00623   0.01107
 0.05952   0.00642   0.01129
 0.05997   0.00655   0.01145
 0.06042   0.00669   0.01161
 0.06108   0.00688   0.01185
 0.06175   0.00708   0.01208
 0.06242   0.00728   0.01232
 0.06309   0.00748   0.01256
 0.06378   0.00768   0.01281
 0.06447   0.00788   0.01306
 0.06516   0.00809   0.01331
 0.06587   0.00829   0.01356
 0.06658   0.00850   0.01382
 0.06731   0.00871   0.01408
 0.06803   0.00892   0.01434
 0.06877   0.00913   0.01461
 0.06951   0.00935   0.01488
 0.07002   0.00949   0.01506
 0.07049   0.00963   0.01523
 0.07125   0.00984   0.01551
 0.07202   0.01006   0.01579
 0.07280   0.01028   0.01608
 0.07359   0.01051   0.01636
 0.07438   0.01073   0.01665
 0.07519   0.01096   0.01695
 0.07600   0.01119   0.01725
 0.07682   0.01142   0.01755
 0.07765   0.01165   0.01785
 0.07848   0.01189   0.01816
 0.07933   0.01212   0.01847
 0.07993   0.01229   0.01869
 0.08053   0.01246   0.01891
 0.08142   0.01271   0.01924
 0.08230   0.01295   0.01956
 0.08318   0.01320   0.01989
 0.08408   0.01344   0.02022
 0.08498   0.01369   0.02056
 0.08589   0.01395   0.02089
 0.08681   0.01420   0.02124
 0.08775   0.01446   0.02158
 0.08869   0.01471   0.02193
 0.08964   0.01498   0.02228
 0.09060   0.01524   0.02264
 0.09158   0.01551   0.02301
 0.09256   0.01578   0.02337
 0.09355   0.01605   0.02374
 0.09456   0.01632   0.02411
 0.09557   0.01660   0.02449
 0.09659   0.01687   0.02487
 0.09762   0.01715   0.02525
 0.09867   0.01744   0.02564
 0.09972   0.01772   0.02604
 0.10078   0.01801   0.02643
 0.10187   0.01830   0.02684
 0.10296   0.01860   0.02725
 0.10406   0.01889   0.02766
 0.10517   0.01919   0.02807
 0.10629   0.01949   0.02849
 0.10742   0.01980   0.02892
 0.10856   0.02010   0.02934
 0.10972   0.02041   0.02978
 0.11089   0.02073   0.03021
 0.11208   0.02105   0.03066
 0.11327   0.02136   0.03111
 0.11448   0.02169   0.03156
 0.11569   0.02201   0.03202
 0.11692   0.02234   0.03248
 0.11816   0.02267   0.03294
 0.11942   0.02300   0.03341
 0.12069   0.02334   0.03389
 0.12186   0.02365   0.03433
 0.12316   0.02399   0.03482
 0.12446   0.02434   0.03531
 0.12578   0.02469   0.03580
 0.12711   0.02504   0.03630
 0.12846   0.02540   0.03681
 0.12982   0.02575   0.03732
 0.13119   0.02612   0.03784
 0.13260   0.02649   0.03837
 0.13401   0.02686   0.03889
 0.13542   0.02723   0.03943
 0.13685   0.02760   0.03996
 0.13830   0.02798   0.04051
 0.13976   0.02837   0.04106
 0.14124   0.02875   0.04161
 0.14276   0.02915   0.04218
 0.14426   0.02954   0.04275
 0.14579   0.02994   0.04332
 0.14733   0.03034   0.04390
 0.14888   0.03074   0.04449
 0.15002   0.03104   0.04492
 0.15116   0.03133   0.04534
 0.15275   0.03175   0.04594
 0.15436   0.03216   0.04655
 0.15599   0.03259   0.04716
 0.15764   0.03301   0.04778
 0.15930   0.03344   0.04841
 0.16098   0.03387   0.04904
 0.16269   0.03431   0.04968
 0.16440   0.03475   0.05033
 0.16613   0.03520   0.05098
 0.16788   0.03565   0.05164
 0.16965   0.03610   0.05230
 0.17143   0.03656   0.05297
 0.17326   0.03702   0.05366
 0.17509   0.03749   0.05435
 0.17693   0.03796   0.05504
 0.17879   0.03843   0.05574
 0.17998   0.03873   0.05619
 0.18117   0.03903   0.05663
 0.18330   0.03957   0.05743
 0.18523   0.04006   0.05816
 0.18718   0.04055   0.05889
 0.18915   0.04105   0.05963
 0.19114   0.04155   0.06038
 0.19310   0.04204   0.06111
 0.19513   0.04255   0.06188
 0.19718   0.04307   0.06265
 0.19925   0.04358   0.06342
 0.20135   0.04411   0.06421
 0.20349   0.04464   0.06502
 0.20563   0.04517   0.06582
 0.20780   0.04571   0.06663
 0.20998   0.04625   0.06745
 0.21219   0.04680   0.06828
 0.21445   0.04735   0.06912
 0.21670   0.04791   0.06997
 0.21898   0.04847   0.07082
 0.22128   0.04903   0.07168
 0.22346   0.04957   0.07250
 0.22581   0.05014   0.07338
 0.22819   0.05072   0.07426
 0.22982   0.05111   0.07488
 0.23146   0.05151   0.07549
 0.23367   0.05205   0.07631
 0.23613   0.05264   0.07723
 0.23861   0.05324   0.07816
 0.23980   0.05352   0.07860
 0.24098   0.05381   0.07904
 0.24253   0.05418   0.07962
 0.24508   0.05479   0.08057
 0.24766   0.05540   0.08153
 0.24931   0.05579   0.08214
 0.25095   0.05618   0.08276
 0.25364   0.05682   0.08376
 0.25631   0.05745   0.08475
 0.25901   0.05809   0.08576
 0.26174   0.05873   0.08677
 0.26454   0.05938   0.08781
 0.26733   0.06003   0.08884
 0.26937   0.06050   0.08960
 0.27142   0.06098   0.09036
 0.27345   0.06145   0.09111
 0.27633   0.06211   0.09218
 0.27925   0.06278   0.09326
 0.28220   0.06345   0.09435
 0.28502   0.06410   0.09539
 0.28803   0.06478   0.09651
 0.28959   0.06513   0.09708
 0.29116   0.06548   0.09766
 0.29291   0.06588   0.09830
 0.29600   0.06657   0.09944
 0.29913   0.06727   0.10060
 0.30230   0.06797   0.10176
 0.30519   0.06861   0.10282
 0.30842   0.06932   0.10401
 0.30976   0.06962   0.10450
 0.31110   0.06991   0.10499
 0.31284   0.07029   0.10563
 0.31615   0.07101   0.10684
 0.31951   0.07174   0.10807
 0.32290   0.07247   0.10931
 0.32673   0.07329   0.11071
 0.32907   0.07378   0.11156
 0.33141   0.07428   0.11242
 0.33482   0.07500   0.11366
 0.33838   0.07575   0.11495
 0.34199   0.07650   0.11626
 0.34526   0.07717   0.11745
 0.34894   0.07793   0.11878
 0.35213   0.07858   0.11994
 0.35515   0.07920   0.12103
 0.35895   0.07996   0.12240
 0.36224   0.08062   0.12359
 0.36522   0.08122   0.12466
 0.36913   0.08199   0.12607
 0.37309   0.08277   0.12748
 0.37668   0.08347   0.12877
 0.37965   0.08404   0.12984
 0.38263   0.08461   0.13090
 0.38598   0.08525   0.13210
 0.38905   0.08583   0.13319
 0.39212   0.08641   0.13428
 0.39489   0.08693   0.13527
 0.39915   0.08772   0.13678
 0.40345   0.08851   0.13830
 0.40736   0.08922   0.13968
 0.40937   0.08958   0.14039
 0.41138   0.08994   0.14110
 0.41353   0.09033   0.14185
 0.41800   0.09112   0.14343
 0.42253   0.09191   0.14502
 0.42666   0.09263   0.14646
 0.42952   0.09312   0.14746
 0.43238   0.09360   0.14846
 0.43534   0.09410   0.14949
 0.43922   0.09475   0.15084
 0.44309   0.09539   0.15218
 0.44660   0.09596   0.15339
 0.44961   0.09645   0.15443
 0.45262   0.09693   0.15547
 0.45588   0.09745   0.15659
 0.45962   0.09804   0.15788
 0.46337   0.09862   0.15917
 0.46743   0.09924   0.16055
 0.46952   0.09956   0.16127
 0.47162   0.09988   0.16198
 0.47393   0.10022   0.16277
 0.47916   0.10099   0.16454
 0.48243   0.10147   0.16565
 0.48540   0.10190   0.16666
 0.48878   0.10238   0.16780
 0.49216   0.10285   0.16893
 0.49558   0.10332   0.17008
 0.49874   0.10376   0.17114
 0.50190   0.10418   0.17220
 0.50600   0.10473   0.17356
 0.50932   0.10517   0.17467
 0.51264   0.10560   0.17577
 0.51581   0.10600   0.17682
 0.51916   0.10642   0.17792
 0.52250   0.10684   0.17902
 0.52554   0.10721   0.18002
 0.52888   0.10761   0.18112
 0.53221   0.10801   0.18221
 0.53538   0.10837   0.18324
 0.53875   0.10876   0.18434
 0.54212   0.10914   0.18543
 0.54568   0.10954   0.18658
 0.54925   0.10993   0.18773
 0.55281   0.11031   0.18888
 0.55612   0.11065   0.18994
 0.56000   0.11105   0.19118
 0.56389   0.11144   0.19242
 0.56763   0.11181   0.19361
 0.57045   0.11208   0.19450
 0.57328   0.11235   0.19539
 0.57985   0.11296   0.19746
 0.58651   0.11354   0.19955
 0.58990   0.11383   0.20060
 0.59328   0.11411   0.20165
 0.59814   0.11450   0.20315
 0.60298   0.11487   0.20464
 0.60783   0.11523   0.20613
 0.61268   0.11558   0.20761
 0.61753   0.11591   0.20908
 0.61987   0.11607   0.20979
 0.62220   0.11622   0.21049
 0.62555   0.11643   0.21150
 0.62991   0.11669   0.21280
 0.63426   0.11694   0.21410
 0.63751   0.11712   0.21507
 0.63990   0.11725   0.21577
 0.64228   0.11737   0.21648
 0.64589   0.11755   0.21754
 0.65080   0.11778   0.21898
 0.65571   0.11800   0.22041
 0.65857   0.11812   0.22124
 0.66143   0.11823   0.22206
 0.66441   0.11835   0.22292
 0.66867   0.11850   0.22414
 0.67222   0.11861   0.22516
 0.67577   0.11872   0.22617
 0.67892   0.11881   0.22706
 0.68207   0.11889   0.22795
 0.68523   0.11897   0.22884
 0.68867   0.11904   0.22980
 0.69211   0.11911   0.23076
 0.69605   0.11918   0.23185
 0.70001   0.11923   0.23294
 0.70397   0.11928   0.23403
 0.70850   0.11932   0.23527
 0.71234   0.11935   0.23631
 0.71618   0.11936   0.23735
 0.72513   0.11935   0.23974
 0.72991   0.11932   0.24101
 0.73469   0.11928   0.24227
 0.73834   0.11924   0.24323
 0.74199   0.11919   0.24418
 0.74609   0.11912   0.24524
 0.75565   0.11891   0.24769
 0.76613   0.11861   0.25034
 0.76923   0.11851   0.25112
 0.77233   0.11840   0.25189
 0.77534   0.11828   0.25263
 0.77966   0.11811   0.25369
 0.78397   0.11792   0.25475
 0.78859   0.11771   0.25587
 0.79272   0.11750   0.25686
 0.79646   0.11731   0.25776
 0.79943   0.11714   0.25846
 0.80241   0.11698   0.25916
 0.80550   0.11679   0.25989
 0.81646   0.11609   0.26244
 0.81942   0.11589   0.26312
 0.82238   0.11568   0.26379
 0.82546   0.11545   0.26449
 0.82897   0.11519   0.26528
 0.83211   0.11494   0.26599
 0.83520   0.11470   0.26667
 0.84699   0.11369   0.26926
 0.84981   0.11343   0.26987
 0.85262   0.11317   0.27048
 0.85631   0.11282   0.27127
 0.85930   0.11253   0.27190
 0.86228   0.11224   0.27253
 0.86527   0.11193   0.27316
 0.86843   0.11160   0.27382
 0.87160   0.11127   0.27447
 0.87488   0.11091   0.27514
 0.87801   0.11057   0.27578
 0.87985   0.11036   0.27616
 0.88170   0.11015   0.27653
 0.88447   0.10983   0.27709
 0.88873   0.10933   0.27793
 0.89225   0.10890   0.27863
 0.89578   0.10846   0.27932
 0.89858   0.10811   0.27987
 0.90138   0.10775   0.28041
 0.90434   0.10737   0.28098
 0.90808   0.10688   0.28169
 0.91182   0.10637   0.28239
 0.91529   0.10590   0.28304
 0.91995   0.10524   0.28391
 0.92462   0.10457   0.28476
 0.92875   0.10397   0.28551
 0.93224   0.10344   0.28613
 0.93572   0.10291   0.28675
 0.93915   0.10239   0.28735
 0.94257   0.10185   0.28795
 0.94579   0.10134   0.28850
 0.94914   0.10079   0.28908
 0.95248   0.10025   0.28964
 0.95564   0.09972   0.29017
 0.95900   0.09915   0.29073
 0.96237   0.09858   0.29128
 0.96545   0.09804   0.29179
 0.96897   0.09742   0.29236
 0.97249   0.09680   0.29292
 0.97567   0.09622   0.29342
 0.97940   0.09554   0.29400
 0.98312   0.09485   0.29458
 0.98682   0.09415   0.29514
 0.98954   0.09363   0.29556
 0.99227   0.09311   0.29596
 0.99531   0.09252   0.29642
 1.00092   0.09141   0.29724
 1.00626   0.09033   0.29800
 1.01507   0.08851   0.29924
 1.01820   0.08785   0.29966
 1.02032   0.08740   0.29995
 1.02244   0.08695   0.30024
 1.02719   0.08592   0.30087
 1.02973   0.08537   0.30120
 1.03227   0.08481   0.30153
 1.03547   0.08409   0.30194
 1.03902   0.08330   0.30239
 1.04256   0.08249   0.30283
 1.04578   0.08175   0.30323
 1.04917   0.08096   0.30364
 1.05257   0.08017   0.30404
 1.05579   0.07940   0.30442
 1.05915   0.07860   0.30481
 1.06251   0.07779   0.30520
 1.06569   0.07702   0.30556
 1.06906   0.07619   0.30593
 1.07243   0.07535   0.30630
 1.07555   0.07457   0.30664
 1.07894   0.07372   0.30700
 1.08233   0.07285   0.30735
 1.08549   0.07204   0.30767
 1.08890   0.07116   0.30802
 1.09231   0.07027   0.30835
 1.09555   0.06942   0.30867
 1.09896   0.06851   0.30899
 1.10238   0.06759   0.30931
 1.10551   0.06675   0.30960
 1.10894   0.06581   0.30991
 1.11237   0.06487   0.31022
 1.11554   0.06399   0.31049
 1.11898   0.06303   0.31078
 1.12242   0.06206   0.31107
 1.12554   0.06118   0.31132
 1.12899   0.06019   0.31160
 1.13243   0.05920   0.31187
 1.13557   0.05829   0.31210
 1.13902   0.05728   0.31236
 1.14246   0.05627   0.31261
 1.14562   0.05533   0.31283
 1.14906   0.05431   0.31307
 1.15251   0.05327   0.31330
 1.15569   0.05230   0.31351
 1.15913   0.05125   0.31373
 1.16257   0.05020   0.31394
 1.16581   0.04920   0.31414
 1.16924   0.04813   0.31434
 1.17268   0.04705   0.31453
 1.17599   0.04600   0.31471
 1.17942   0.04491   0.31489
 1.18286   0.04381   0.31506
 1.18636   0.04269   0.31524
 1.18937   0.04171   0.31538
 1.19238   0.04073   0.31552
 1.19548   0.03971   0.31565
 1.19893   0.03858   0.31580
 1.20237   0.03743   0.31594
 1.20556   0.03637   0.31606
 1.20900   0.03521   0.31619
 1.21243   0.03405   0.31631
 1.21556   0.03299   0.31641
 1.21899   0.03182   0.31652
 1.22241   0.03064   0.31662
 1.22553   0.02956   0.31670
 1.22895   0.02837   0.31679
 1.23237   0.02717   0.31688
 1.23551   0.02607   0.31695
 1.23893   0.02486   0.31702
 1.24234   0.02365   0.31708
 1.24552   0.02251   0.31713
 1.24893   0.02129   0.31718
 1.25233   0.02006   0.31723
 1.25551   0.01890   0.31727
 1.25891   0.01766   0.31730
 1.26230   0.01641   0.31733
 1.26552   0.01523   0.31735
 1.26890   0.01397   0.31736
 1.27229   0.01271   0.31737
 1.27551   0.01150   0.31737
 1.27889   0.01023   0.31737
 1.28226   0.00896   0.31736
 1.28552   0.00772   0.31734
 1.28888   0.00644   0.31732
 1.29225   0.00515   0.31729
 1.29551   0.00389   0.31726
 1.29887   0.00259   0.31722
 1.30222   0.00128   0.31717
 1.30552  -0.00001   0.31712
 1.30887  -0.00132   0.31706
 1.31221  -0.00263   0.31700
 1.31551  -0.00394   0.31693
 1.31885  -0.00527   0.31685
 1.32218  -0.00660   0.31677
 1.32553  -0.00794   0.31668
 1.32886  -0.00928   0.31659
 1.33218  -0.01063   0.31649
 1.33551  -0.01198   0.31638
 1.33891  -0.01337   0.31627
 1.34232  -0.01476   0.31615
 1.34551  -0.01607   0.31603
 1.34895  -0.01749   0.31589
 1.35239  -0.01892   0.31575
 1.35552  -0.02022   0.31562
 1.35898  -0.02167   0.31547
 1.36244  -0.02312   0.31531
 1.36557  -0.02443   0.31515
 1.36893  -0.02585   0.31499
 1.37229  -0.02727   0.31481
 1.37545  -0.02862   0.31465
 1.37933  -0.03028   0.31443
 1.38321  -0.03194   0.31421
 1.38693  -0.03354   0.31399
 1.39375  -0.03649   0.31357
 1.40001  -0.03922   0.31316
 1.40722  -0.04239   0.31266
 1.41388  -0.04533   0.31217
 1.41742  -0.04690   0.31191
 1.42005  -0.04807   0.31170
 1.42267  -0.04924   0.31150
 1.42811  -0.05168   0.31106
 1.43261  -0.05370   0.31069
 1.43711  -0.05574   0.31030
 1.44378  -0.05877   0.30971
 1.44744  -0.06044   0.30938
 1.44962  -0.06143   0.30918
 1.45179  -0.06243   0.30897
 1.45441  -0.06363   0.30872
 1.45763  -0.06512   0.30841
 1.46010  -0.06625   0.30817
 1.46233  -0.06728   0.30795
 1.46706  -0.06948   0.30747
 1.46944  -0.07059   0.30723
 1.47183  -0.07170   0.30698
 1.47444  -0.07292   0.30670
 1.47769  -0.07444   0.30636
 1.47965  -0.07535   0.30614
 1.48160  -0.07627   0.30593
 1.48403  -0.07741   0.30566
 1.48736  -0.07898   0.30529
 1.48979  -0.08013   0.30502
 1.49221  -0.08127   0.30474
 1.49541  -0.08279   0.30437
 1.49879  -0.08439   0.30397
 1.50216  -0.08600   0.30357
 1.50563  -0.08766   0.30315
 1.50935  -0.08944   0.30269
 1.51307  -0.09122   0.30223
 1.51666  -0.09295   0.30178
 1.52001  -0.09456   0.30135
 1.52336  -0.09618   0.30091
 1.52793  -0.09840   0.30031
 1.53250  -0.10061   0.29970
 1.53730  -0.10295   0.29904
 1.54410  -0.10628   0.29809
 1.54758  -0.10798   0.29760
 1.54960  -0.10898   0.29731
 1.55163  -0.10997   0.29702
 1.55405  -0.11117   0.29667
 1.55758  -0.11291   0.29615
 1.55955  -0.11388   0.29586
 1.56152  -0.11485   0.29557
 1.56384  -0.11600   0.29522
 1.56736  -0.11775   0.29469
 1.56990  -0.11901   0.29430
 1.57245  -0.12028   0.29390
 1.57631  -0.12220   0.29330
 1.57981  -0.12395   0.29275
 1.58331  -0.12569   0.29220
 1.58765  -0.12787   0.29150
 1.59268  -0.13039   0.29068
 1.59736  -0.13275   0.28991
 1.60324  -0.13572   0.28892
 1.60895  -0.13860   0.28795
 1.61216  -0.14023   0.28739
 1.61524  -0.14179   0.28686
 1.61883  -0.14362   0.28623
 1.62243  -0.14545   0.28559
 1.62570  -0.14711   0.28501
 1.63000  -0.14931   0.28423
 1.63431  -0.15151   0.28345
 1.63801  -0.15340   0.28276
 1.63987  -0.15435   0.28242
 1.64174  -0.15531   0.28207
 1.64456  -0.15676   0.28154
 1.64805  -0.15855   0.28088
 1.65002  -0.15956   0.28051
 1.65199  -0.16058   0.28013
 1.65829  -0.16382   0.27892
 1.66274  -0.16612   0.27805
 1.66719  -0.16841   0.27718
 1.67396  -0.17192   0.27583
 1.67725  -0.17362   0.27516
 1.68054  -0.17533   0.27450
 1.68455  -0.17741   0.27368
 1.68811  -0.17926   0.27294
 1.69009  -0.18029   0.27253
 1.69196  -0.18126   0.27214
 1.69688  -0.18382   0.27111
 1.69924  -0.18505   0.27062
 1.70160  -0.18628   0.27012
 1.70410  -0.18759   0.26958
 1.70809  -0.18967   0.26873
 1.71208  -0.19176   0.26787
 1.71593  -0.19377   0.26703
 1.71915  -0.19545   0.26632
 1.72236  -0.19713   0.26562
 1.72532  -0.19868   0.26496
 1.72869  -0.20045   0.26421
 1.73207  -0.20222   0.26345
 1.73587  -0.20421   0.26260
 1.73934  -0.20603   0.26181
 1.74280  -0.20785   0.26102
 1.74608  -0.20957   0.26026
 1.75526  -0.21439   0.25814
 1.75991  -0.21684   0.25704
 1.76456  -0.21928   0.25594
 1.76763  -0.22090   0.25521
 1.76988  -0.22208   0.25467
 1.77213  -0.22327   0.25413
 1.77537  -0.22498   0.25335
 1.77870  -0.22673   0.25255
 1.78204  -0.22849   0.25174
 1.78581  -0.23048   0.25081
 1.78871  -0.23200   0.25010
 1.79161  -0.23353   0.24938
 1.79538  -0.23552   0.24845
 1.79866  -0.23724   0.24763
 1.80194  -0.23897   0.24681
 1.80645  -0.24135   0.24567
 1.80924  -0.24282   0.24497
 1.81203  -0.24429   0.24426
 1.81468  -0.24568   0.24358
 1.81814  -0.24751   0.24269
 1.81985  -0.24840   0.24226
 1.82155  -0.24930   0.24182
 1.82400  -0.25059   0.24119
 1.82774  -0.25256   0.24021
 1.82987  -0.25368   0.23966
 1.83199  -0.25480   0.23911
 1.83499  -0.25638   0.23832
 1.83809  -0.25801   0.23751
 1.84007  -0.25905   0.23698
 1.84198  -0.26005   0.23648
 1.84583  -0.26208   0.23546
 1.84968  -0.26410   0.23443
 1.85664  -0.26776   0.23256
 1.85946  -0.26924   0.23180
 1.86228  -0.27072   0.23104
 1.86512  -0.27221   0.23027
 1.86806  -0.27375   0.22946
 1.87039  -0.27497   0.22883
 1.87272  -0.27620   0.22819
 1.87810  -0.27901   0.22671
 1.88237  -0.28125   0.22553
 1.88664  -0.28348   0.22434
 1.88956  -0.28500   0.22352
 1.89247  -0.28653   0.22271
 1.89548  -0.28810   0.22186
 1.89910  -0.28999   0.22084
 1.90183  -0.29141   0.22007
 1.90449  -0.29280   0.21932
 1.90785  -0.29454   0.21836
 1.90998  -0.29565   0.21776
 1.91211  -0.29676   0.21715
 1.91637  -0.29898   0.21592
 1.92482  -0.30336   0.21349
 1.92932  -0.30569   0.21218
 1.93275  -0.30747   0.21119
 1.93585  -0.30907   0.21028
 1.93894  -0.31067   0.20938
 1.94203  -0.31226   0.20847
 1.94495  -0.31377   0.20761
 1.94793  -0.31530   0.20673
 1.94967  -0.31620   0.20622
 1.95142  -0.31710   0.20570
 1.95350  -0.31817   0.20508
 1.95839  -0.32068   0.20363
 1.96210  -0.32258   0.20252
 1.96581  -0.32448   0.20141
 1.96940  -0.32632   0.20033
 1.97300  -0.32816   0.19925
 1.97626  -0.32983   0.19826
 1.97959  -0.33153   0.19725
 1.98292  -0.33322   0.19624
 1.98623  -0.33490   0.19524
 1.98939  -0.33651   0.19428
 1.99254  -0.33811   0.19331
 1.99544  -0.33958   0.19242
 1.99925  -0.34150   0.19125
 2.00209  -0.34294   0.19038
 2.00464  -0.34423   0.18959
 2.00859  -0.34622   0.18837
 2.00952  -0.34668   0.18809
 2.01045  -0.34715   0.18780
 2.01139  -0.34763   0.18751
 2.02086  -0.35238   0.18456
 2.03658  -0.36022   0.17964
 2.05221  -0.36796   0.17470
 2.06770  -0.37557   0.16977
 2.08302  -0.38302   0.16485
 2.09817  -0.39033   0.15995
 2.10142  -0.39190   0.15889
 2.10467  -0.39345   0.15783
 2.10927  -0.39565   0.15634
 2.10990  -0.39595   0.15613
 2.11053  -0.39625   0.15593
 2.11121  -0.39657   0.15571
 2.11801  -0.39980   0.15349
 2.13265  -0.40671   0.14869
 2.14721  -0.41351   0.14390
 2.16156  -0.42014   0.13915
 2.17570  -0.42660   0.13446
 2.18962  -0.43289   0.12983
 2.20329  -0.43900   0.12527
 2.20708  -0.44068   0.12400
 2.20838  -0.44126   0.12357
 2.20969  -0.44183   0.12313
 2.21043  -0.44216   0.12288
 2.21118  -0.44249   0.12264
 2.21863  -0.44577   0.12014
 2.23165  -0.45143   0.11579
 2.24451  -0.45697   0.11148
 2.25707  -0.46230   0.10727
 2.26930  -0.46744   0.10317
 2.28118  -0.47236   0.09919
 2.29266  -0.47706   0.09534
 2.30370  -0.48153   0.09164
 2.30584  -0.48239   0.09093
 2.30798  -0.48325   0.09021
 2.30868  -0.48352   0.08998
 2.30937  -0.48380   0.08975
 2.30978  -0.48397   0.08961
 2.30995  -0.48403   0.08955
 2.31012  -0.48410   0.08950
 2.31031  -0.48418   0.08944
 2.31217  -0.48492   0.08881
 2.32169  -0.48869   0.08564
 2.33106  -0.49236   0.08251
 2.33802  -0.49506   0.08019
 2.34498  -0.49773   0.07788
 2.35284  -0.50072   0.07527
 2.36166  -0.50405   0.07234
 2.37121  -0.50761   0.06918
 2.38136  -0.51134   0.06583
 2.39203  -0.51521   0.06232
 2.40315  -0.51918   0.05867
 2.40589  -0.52014   0.05778
 2.40863  -0.52111   0.05688
 2.40940  -0.52138   0.05663
 2.40986  -0.52154   0.05648
 2.41033  -0.52171   0.05633
 2.41075  -0.52185   0.05619
 2.41499  -0.52333   0.05481
 2.42689  -0.52744   0.05094
 2.43913  -0.53159   0.04698
 2.45169  -0.53577   0.04294
 2.46453  -0.53995   0.03883
 2.47765  -0.54414   0.03465
 2.49103  -0.54831   0.03043
 2.50466  -0.55246   0.02616
 2.50950  -0.55392   0.02465
 2.51056  -0.55423   0.02432
 2.51155  -0.55453   0.02401
 2.52143  -0.55744   0.02095
 2.53556  -0.56151   0.01660
 2.54991  -0.56553   0.01223
 2.56447  -0.56949   0.00784
 2.57923  -0.57338   0.00344
 2.59418  -0.57720  -0.00096
 2.60932  -0.58094  -0.00537
 2.61094  -0.58133  -0.00583
 2.61255  -0.58172  -0.00630
 2.62794  -0.58536  -0.01070
 2.64348  -0.58890  -0.01509
 2.65919  -0.59233  -0.01945
 2.67506  -0.59566  -0.02379
 2.69110  -0.59888  -0.02810
 2.70730  -0.60198  -0.03237
 2.70904  -0.60230  -0.03283
 2.70964  -0.60241  -0.03298
 2.71006  -0.60249  -0.03309
 2.71049  -0.60257  -0.03320
 2.71473  -0.60335  -0.03431
 2.73117  -0.60626  -0.03852
 2.74772  -0.60904  -0.04267
 2.76440  -0.61169  -0.04677
 2.78120  -0.61419  -0.05080
 2.79809  -0.61654  -0.05476
 2.80148  -0.61699  -0.05554
 2.80487  -0.61743  -0.05631
 2.80824  -0.61787  -0.05708
 2.80943  -0.61802  -0.05735
 2.80981  -0.61807  -0.05744
 2.81001  -0.61809  -0.05748
 2.81020  -0.61812  -0.05753
 2.81216  -0.61837  -0.05797
 2.82882  -0.62039  -0.06169
 2.84548  -0.62225  -0.06530
 2.86169  -0.62392  -0.06872
 2.87899  -0.62552  -0.07226
 2.89656  -0.62699  -0.07573
 2.90010  -0.62726  -0.07642
 2.90365  -0.62753  -0.07710
 2.90827  -0.62786  -0.07798
 2.90920  -0.62793  -0.07816
 2.90975  -0.62797  -0.07826
 2.91030  -0.62801  -0.07836
 2.91097  -0.62806  -0.07849
 2.91766  -0.62851  -0.07974
 2.93546  -0.62961  -0.08299
 2.95331  -0.63053  -0.08612
 2.97120  -0.63128  -0.08913
 2.98912  -0.63186  -0.09200
 3.00705  -0.63226  -0.09475
 3.00938  -0.63230  -0.09510
 3.01081  -0.63233  -0.09531
 3.01224  -0.63235  -0.09552
 3.02657  -0.63251  -0.09759
 3.04445  -0.63256  -0.10004
 3.06230  -0.63244  -0.10236
 3.08011  -0.63216  -0.10453
 3.09788  -0.63172  -0.10656
 3.10236  -0.63158  -0.10706
 3.10685  -0.63143  -0.10754
 3.10953  -0.63134  -0.10782
 3.11074  -0.63130  -0.10795
 3.11195  -0.63125  -0.10808
 3.12404  -0.63078  -0.10931
 3.14158  -0.62996  -0.11098
 3.15905  -0.62899  -0.11251
 3.17643  -0.62789  -0.11391
 3.19372  -0.62665  -0.11516
 3.19835  -0.62629  -0.11547
 3.20299  -0.62593  -0.11578
 3.20598  -0.62569  -0.11597
 3.20896  -0.62544  -0.11616
 3.21130  -0.62525  -0.11630
 3.21364  -0.62505  -0.11644
 3.23055  -0.62355  -0.11740
 3.24746  -0.62192  -0.11822
 3.26424  -0.62018  -0.11892
 3.28089  -0.61833  -0.11950
 3.29740  -0.61638  -0.11994
 3.30203  -0.61582  -0.12005
 3.30665  -0.61524  -0.12014
 3.30977  -0.61485  -0.12020
 3.31255  -0.61449  -0.12025
 3.31510  -0.61417  -0.12030
 3.33117  -0.61205  -0.12050
 3.34722  -0.60982  -0.12059
 3.36313  -0.60752  -0.12058
 3.37887  -0.60515  -0.12046
 3.39444  -0.60270  -0.12024
 3.40984  -0.60020  -0.11992
 3.41524  -0.59930  -0.11978
 3.42013  -0.59848  -0.11965
 3.43507  -0.59592  -0.11919
 3.44996  -0.59329  -0.11864
 3.46464  -0.59062  -0.11800
 3.47910  -0.58792  -0.11730
 3.49333  -0.58519  -0.11652
 3.50732  -0.58246  -0.11569
 3.50945  -0.58203  -0.11555
 3.51136  -0.58165  -0.11543
 3.51310  -0.58130  -0.11532
 3.52644  -0.57861  -0.11442
 3.53974  -0.57587  -0.11345
 3.55273  -0.57315  -0.11245
 3.56537  -0.57045  -0.11141
 3.57761  -0.56780  -0.11035
 3.58939  -0.56520  -0.10928
 3.60066  -0.56269  -0.10821
 3.60447  -0.56183  -0.10783
 3.60828  -0.56097  -0.10745
 3.60985  -0.56061  -0.10730
 3.61141  -0.56026  -0.10714
 3.61341  -0.55980  -0.10694
 3.62207  -0.55782  -0.10604
 3.63044  -0.55588  -0.10516
 3.63867  -0.55396  -0.10426
 3.64804  -0.55176  -0.10321
 3.65827  -0.54933  -0.10203
 3.66919  -0.54670  -0.10074
 3.68072  -0.54390  -0.09933
 3.69278  -0.54094  -0.09781
 3.70532  -0.53784  -0.09617
 3.70874  -0.53698  -0.09572
 3.71216  -0.53613  -0.09527
 3.71528  -0.53534  -0.09485
 3.72863  -0.53197  -0.09302
 3.74233  -0.52847  -0.09108
 3.75641  -0.52484  -0.08904
 3.77084  -0.52109  -0.08688
 3.78562  -0.51720  -0.08461
 3.80073  -0.51319  -0.08223
 3.80698  -0.51152  -0.08123
 3.80977  -0.51077  -0.08078
 3.81256  -0.51002  -0.08032
 3.81568  -0.50919  -0.07981
 3.83148  -0.50492  -0.07719
 3.84752  -0.50055  -0.07447
 3.86385  -0.49606  -0.07164
 3.88047  -0.49146  -0.06868
 3.89737  -0.48675  -0.06562
 3.90341  -0.48506  -0.06451
 3.90945  -0.48337  -0.06339
 3.91284  -0.48241  -0.06276
 3.91595  -0.48154  -0.06217
 3.93349  -0.47658  -0.05885
 3.95121  -0.47154  -0.05544
 3.96917  -0.46641  -0.05191
 3.98736  -0.46118  -0.04828
 4.00575  -0.45588  -0.04455
 4.00822  -0.45516  -0.04405
 4.00980  -0.45470  -0.04372
 4.01138  -0.45425  -0.04340
 4.01344  -0.45365  -0.04298
 4.03217  -0.44822  -0.03910
 4.05100  -0.44273  -0.03514
 4.06997  -0.43719  -0.03111
 4.08904  -0.43161  -0.02700
 4.10819  -0.42599  -0.02283
 4.10976  -0.42553  -0.02249
 4.11133  -0.42507  -0.02214
 4.11327  -0.42450  -0.02172
 4.13246  -0.41886  -0.01749
 4.15170  -0.41321  -0.01321
 4.17093  -0.40755  -0.00890
 4.19014  -0.40190  -0.00457
 4.20928  -0.39627  -0.00022
 4.21154  -0.39561   0.00030
 4.21364  -0.39500   0.00078
 4.23258  -0.38943   0.00511
 4.25156  -0.38387   0.00946
 4.27043  -0.37835   0.01381
 4.28919  -0.37287   0.01815
 4.30783  -0.36744   0.02246
 4.30995  -0.36683   0.02295
 4.31206  -0.36622   0.02344
 4.31515  -0.36532   0.02416
 4.33346  -0.36001   0.02840
 4.35178  -0.35472   0.03265
 4.36996  -0.34948   0.03687
 4.38799  -0.34432   0.04105
 4.40586  -0.33921   0.04518
 4.40910  -0.33829   0.04593
 4.41142  -0.33763   0.04647
 4.41375  -0.33697   0.04700
 4.43122  -0.33202   0.05103
 4.44870  -0.32709   0.05505
 4.46600  -0.32223   0.05901
 4.48313  -0.31745   0.06292
 4.50007  -0.31274   0.06676
 4.50547  -0.31125   0.06799
 4.50888  -0.31031   0.06876
 4.50986  -0.31004   0.06898
 4.51084  -0.30977   0.06920
 4.51205  -0.30944   0.06947
 4.52416  -0.30611   0.07220
 4.54055  -0.30162   0.07587
 4.55679  -0.29721   0.07949
 4.57281  -0.29288   0.08304
 4.58859  -0.28864   0.08651
 4.60412  -0.28450   0.08990
 4.60653  -0.28386   0.09042
 4.60894  -0.28322   0.09094
 4.60995  -0.28295   0.09116
 4.61096  -0.28269   0.09138
 4.61233  -0.28232   0.09168
 4.62600  -0.27871   0.09463
 4.64081  -0.27483   0.09780
 4.65532  -0.27105   0.10089
 4.66949  -0.26738   0.10387
 4.68327  -0.26384   0.10675
 4.69663  -0.26043   0.10952
 4.70949  -0.25717   0.11216
 4.71064  -0.25688   0.11239
 4.71176  -0.25659   0.11262
 4.72296  -0.25377   0.11490
 4.73443  -0.25090   0.11721
 4.74382  -0.24857   0.11909
 4.75322  -0.24624   0.12096
 4.76177  -0.24413   0.12265
 4.77168  -0.24170   0.12459
 4.78256  -0.23905   0.12671
 4.79423  -0.23623   0.12895
 4.80658  -0.23326   0.13131
 4.80817  -0.23288   0.13161
 4.80977  -0.23249   0.13191
 4.81052  -0.23232   0.13205
 4.81121  -0.23215   0.13218
 4.81819  -0.23049   0.13350
 4.83160  -0.22731   0.13600
 4.84549  -0.22404   0.13856
 4.85982  -0.22070   0.14116
 4.87457  -0.21730   0.14380
 4.88970  -0.21384   0.14647
 4.90521  -0.21033   0.14917
 4.90723  -0.20987   0.14951
 4.90925  -0.20942   0.14986
 4.91101  -0.20902   0.15016
 4.91278  -0.20862   0.15046
 4.92882  -0.20505   0.15318
 4.94515  -0.20145   0.15589
 4.96179  -0.19782   0.15861
 4.97873  -0.19417   0.16131
 4.99593  -0.19050   0.16400
 5.00098  -0.18944   0.16478
 5.00603  -0.18837   0.16555
 5.00912  -0.18772   0.16602
 5.01129  -0.18727   0.16635
 5.01347  -0.18681   0.16668
 5.03114  -0.18314   0.16932
 5.04899  -0.17948   0.17192
 5.06697  -0.17585   0.17447
 5.08500  -0.17225   0.17696
 5.10295  -0.16872   0.17937
 5.10651  -0.16803   0.17984
 5.10917  -0.16751   0.18019
 5.11133  -0.16709   0.18047
 5.11348  -0.16667   0.18075
 5.13051  -0.16340   0.18293
 5.14745  -0.16018   0.18505
 5.16361  -0.15715   0.18700
 5.17869  -0.15437   0.18878
 5.19004  -0.15229   0.19008
 5.20140  -0.15023   0.19136
 5.20604  -0.14940   0.19187
 5.20881  -0.14890   0.19218
 5.21158  -0.14840   0.19248
 5.21576  -0.14766   0.19293
 5.22934  -0.14525   0.19438
 5.24392  -0.14270   0.19589
 5.25923  -0.14006   0.19742
 5.27513  -0.13735   0.19896
 5.29150  -0.13460   0.20049
 5.30826  -0.13183   0.20199
 5.31202  -0.13121   0.20231
 5.31567  -0.13062   0.20263
 5.33281  -0.12784   0.20407
 5.35028  -0.12506   0.20548
 5.36797  -0.12229   0.20683
 5.38585  -0.11953   0.20814
 5.40390  -0.11680   0.20938
 5.40802  -0.11618   0.20965
 5.41214  -0.11557   0.20992
 5.41588  -0.11501   0.21016
 5.43409  -0.11233   0.21130
 5.45248  -0.10967   0.21237
 5.47098  -0.10705   0.21338
 5.48957  -0.10446   0.21432
 5.50824  -0.10190   0.21519
 5.51287  -0.10128   0.21540
 5.51735  -0.10067   0.21559
 5.53604  -0.09819   0.21636
 5.55487  -0.09573   0.21705
 5.57374  -0.09332   0.21768
 5.59265  -0.09095   0.21823
 5.59940  -0.09012   0.21841
 5.60615  -0.08929   0.21859
 5.60947  -0.08888   0.21867
 5.61280  -0.08848   0.21875
 5.61633  -0.08805   0.21883
 5.63524  -0.08578   0.21922
 5.65425  -0.08355   0.21955
 5.67328  -0.08136   0.21981
 5.69233  -0.07922   0.22000
 5.69965  -0.07841   0.22005
 5.70698  -0.07760   0.22009
 5.71355  -0.07688   0.22012
 5.71981  -0.07621   0.22015
 5.73881  -0.07418   0.22017
 5.75787  -0.07218   0.22013
 5.77693  -0.07023   0.22002
 5.79599  -0.06832   0.21985
 5.80411  -0.06753   0.21976
 5.80901  -0.06705   0.21970
 5.81390  -0.06657   0.21964
 5.81859  -0.06612   0.21957
 5.83754  -0.06431   0.21927
 5.85656  -0.06254   0.21890
 5.87556  -0.06081   0.21848
 5.89454  -0.05911   0.21800
 5.90380  -0.05830   0.21774
 5.90963  -0.05780   0.21758
 5.91547  -0.05730   0.21740
 5.92243  -0.05670   0.21719
 5.94127  -0.05511   0.21658
 5.96017  -0.05356   0.21591
 5.97904  -0.05205   0.21519
 5.99787  -0.05057   0.21443
 6.00751  -0.04983   0.21401
 6.01415  -0.04932   0.21372
 6.02079  -0.04882   0.21343
 6.03948  -0.04743   0.21256
 6.05821  -0.04607   0.21164
 6.07690  -0.04474   0.21068
 6.09557  -0.04345   0.20968
 6.10467  -0.04283   0.20918
 6.10971  -0.04250   0.20890
 6.11474  -0.04216   0.20861
 6.12188  -0.04168   0.20820
 6.14040  -0.04048   0.20711
 6.15894  -0.03930   0.20598
 6.17717  -0.03817   0.20483
 6.19509  -0.03708   0.20367
 6.20687  -0.03638   0.20289
 6.21565  -0.03587   0.20229
 6.22380  -0.03539   0.20174
 6.24174  -0.03437   0.20049
 6.25976  -0.03337   0.19920
 6.27774  -0.03240   0.19789
 6.29568  -0.03145   0.19656
 6.30419  -0.03101   0.19591
 6.31004  -0.03071   0.19547
 6.31588  -0.03042   0.19502
 6.33361  -0.02953   0.19364
 6.35138  -0.02866   0.19223
 6.36911  -0.02782   0.19081
 6.38678  -0.02700   0.18936
 6.40439  -0.02620   0.18790
 6.40929  -0.02599   0.18749
 6.41418  -0.02577   0.18708
 6.41957  -0.02553   0.18663
 6.43698  -0.02478   0.18515
 6.45443  -0.02405   0.18365
 6.47183  -0.02334   0.18213
 6.48917  -0.02264   0.18060
 6.50646  -0.02197   0.17906
 6.51411  -0.02168   0.17838
 6.52136  -0.02141   0.17773
 6.53846  -0.02077   0.17618
 6.55558  -0.02015   0.17462
 6.57265  -0.01955   0.17305
 6.58967  -0.01897   0.17147
 6.60663  -0.01840   0.16989
 6.61377  -0.01817   0.16922
 6.62022  -0.01796   0.16861
 6.63699  -0.01743   0.16703
 6.65380  -0.01690   0.16544
 6.67055  -0.01640   0.16384
 6.68724  -0.01591   0.16225
 6.70389  -0.01543   0.16065
 6.70993  -0.01526   0.16007
 6.71598  -0.01509   0.15948
 6.72518  -0.01484   0.15859
 6.74164  -0.01439   0.15700
 6.75810  -0.01396   0.15541
 6.77452  -0.01354   0.15381
 6.79088  -0.01313   0.15222
 6.80719  -0.01273   0.15062
 6.81317  -0.01259   0.15004
 6.81868  -0.01246   0.14950
 6.83482  -0.01208   0.14793
 6.85099  -0.01172   0.14634
 6.86711  -0.01136   0.14477
 6.88318  -0.01102   0.14320
 6.89920  -0.01069   0.14163
 6.90615  -0.01054   0.14095
 6.90928  -0.01048   0.14064
 6.91241  -0.01042   0.14034
 6.91560  -0.01035   0.14003
 6.93142  -0.01004   0.13848
 6.94729  -0.00973   0.13693
 6.96311  -0.00944   0.13539
 6.97888  -0.00915   0.13386
 6.99461  -0.00887   0.13233
 7.00266  -0.00873   0.13155
 7.00660  -0.00866   0.13117
 7.00942  -0.00862   0.13090
 7.01224  -0.00857   0.13062
 7.01525  -0.00852   0.13033
 7.03076  -0.00826   0.12883
 7.04632  -0.00801   0.12733
 7.06185  -0.00776   0.12584
 7.07732  -0.00752   0.12436
 7.09275  -0.00729   0.12289
 7.10813  -0.00707   0.12143
 7.11251  -0.00701   0.12101
 7.11689  -0.00694   0.12060
 7.13211  -0.00673   0.11916
 7.14737  -0.00652   0.11772
 7.16259  -0.00632   0.11629
 7.17776  -0.00613   0.11488
 7.19289  -0.00594   0.11347
 7.20797  -0.00576   0.11208
 7.21271  -0.00570   0.11164
 7.21744  -0.00564   0.11120
 7.23236  -0.00547   0.10983
 7.24733  -0.00530   0.10847
 7.26225  -0.00514   0.10711
 7.27713  -0.00498   0.10577
 7.29196  -0.00482   0.10444
 7.30675  -0.00467   0.10312
 7.31434  -0.00460   0.10244
 7.32193  -0.00452   0.10177
 7.33657  -0.00438   0.10048
 7.35123  -0.00425   0.09919
 7.36585  -0.00411   0.09792
 7.38042  -0.00399   0.09666
 7.39495  -0.00386   0.09541
 7.40944  -0.00374   0.09417
 7.41433  -0.00370   0.09375
 7.41874  -0.00366   0.09338
 7.43308  -0.00355   0.09217
 7.44745  -0.00344   0.09096
 7.46179  -0.00333   0.08977
 7.47607  -0.00323   0.08859
 7.49032  -0.00312   0.08742
 7.50453  -0.00303   0.08626
 7.50910  -0.00299   0.08589
 7.51196  -0.00298   0.08566
 7.51464  -0.00296   0.08544
 7.52868  -0.00286   0.08432
 7.54277  -0.00277   0.08319
 7.55682  -0.00269   0.08208
 7.57083  -0.00260   0.08098
 7.58479  -0.00252   0.07989
 7.59872  -0.00244   0.07882
 7.60462  -0.00241   0.07836
 7.60765  -0.00239   0.07813
 7.60982  -0.00238   0.07797
 7.61200  -0.00236   0.07780
 7.61485  -0.00235   0.07758
 7.62860  -0.00227   0.07654
 7.64239  -0.00220   0.07550
 7.65613  -0.00213   0.07448
 7.66984  -0.00206   0.07346
 7.68350  -0.00200   0.07246
 7.69713  -0.00193   0.07147
 7.70264  -0.00191   0.07107
 7.70815  -0.00188   0.07068
 7.71299  -0.00186   0.07033
 7.71740  -0.00184   0.07001
 7.73085  -0.00178   0.06906
 7.74433  -0.00173   0.06811
 7.75776  -0.00167   0.06717
 7.77116  -0.00162   0.06625
 7.78451  -0.00156   0.06533
 7.79781  -0.00151   0.06443
 7.80276  -0.00149   0.06410
 7.80771  -0.00148   0.06376
 7.80983  -0.00147   0.06362
 7.81195  -0.00146   0.06348
 7.81475  -0.00145   0.06329
 7.82788  -0.00140   0.06242
 7.84105  -0.00136   0.06155
 7.85418  -0.00131   0.06070
 7.86726  -0.00127   0.05985
 7.88030  -0.00123   0.05902
 7.89330  -0.00119   0.05820
 7.90626  -0.00115   0.05739
 7.90907  -0.00114   0.05721
 7.91187  -0.00113   0.05704
 7.91456  -0.00113   0.05687
 7.92737  -0.00109   0.05608
 7.94021  -0.00105   0.05530
 7.95301  -0.00102   0.05452
 7.96577  -0.00099   0.05376
 7.97848  -0.00095   0.05301
 7.99115  -0.00092   0.05227
 8.00378  -0.00089   0.05153
 8.00696  -0.00088   0.05135
 8.00933  -0.00088   0.05121
 8.01169  -0.00087   0.05108
 8.01399  -0.00087   0.05095
 8.02646  -0.00084   0.05024
 8.03896  -0.00081   0.04953
 8.05142  -0.00078   0.04884
 8.06383  -0.00076   0.04815
 8.07620  -0.00073   0.04748
 8.08852  -0.00071   0.04681
 8.10080  -0.00068   0.04615
 8.10579  -0.00067   0.04589
 8.10925  -0.00067   0.04571
 8.11230  -0.00066   0.04554
 8.11504  -0.00066   0.04540
 8.12715  -0.00063   0.04477
 8.13928  -0.00061   0.04414
 8.15137  -0.00059   0.04352
 8.16341  -0.00057   0.04291
 8.17540  -0.00055   0.04231
 8.18734  -0.00053   0.04172
 8.19924  -0.00052   0.04114
 8.20368  -0.00051   0.04092
 8.20811  -0.00050   0.04071
 8.21233  -0.00050   0.04050
 8.21655  -0.00049   0.04030
 8.22827  -0.00047   0.03974
 8.24000  -0.00046   0.03919
 8.25168  -0.00044   0.03864
 8.26332  -0.00043   0.03810
 8.27490  -0.00041   0.03757
 8.28643  -0.00040   0.03705
 8.29791  -0.00038   0.03654
 8.30935  -0.00037   0.03603
 8.31238  -0.00037   0.03590
 8.31516  -0.00036   0.03578
 8.32645  -0.00035   0.03529
 8.33775  -0.00034   0.03480
 8.34900  -0.00033   0.03432
 8.36020  -0.00031   0.03385
 8.37134  -0.00030   0.03338
 8.38243  -0.00029   0.03293
 8.39346  -0.00028   0.03248
 8.40444  -0.00027   0.03203
 8.40748  -0.00027   0.03191
 8.41052  -0.00027   0.03179
 8.41373  -0.00026   0.03166
 8.42455  -0.00025   0.03124
 8.43537  -0.00025   0.03081
 8.44614  -0.00024   0.03040
 8.45684  -0.00023   0.02999
 8.46749  -0.00022   0.02959
 8.47808  -0.00021   0.02919
 8.48861  -0.00020   0.02880
 8.49908  -0.00020   0.02842
 8.50949  -0.00019   0.02804
 8.51299  -0.00019   0.02791
 8.51617  -0.00018   0.02780
 8.52641  -0.00018   0.02743
 8.53666  -0.00017   0.02707
 8.54684  -0.00016   0.02672
 8.55695  -0.00016   0.02637
 8.56700  -0.00015   0.02603
 8.57699  -0.00015   0.02569
 8.58691  -0.00014   0.02536
 8.59675  -0.00014   0.02504
 8.60653  -0.00013   0.02472
 8.60970  -0.00013   0.02461
 8.61287  -0.00013   0.02451
 8.61604  -0.00013   0.02441
 8.62562  -0.00012   0.02410
 8.63519  -0.00012   0.02380
 8.64468  -0.00011   0.02350
 8.65410  -0.00011   0.02321
 8.66344  -0.00010   0.02292
 8.67271  -0.00010   0.02264
 8.68190  -0.00009   0.02236
 8.69101  -0.00009   0.02209
 8.70003  -0.00009   0.02183
 8.70897  -0.00008   0.02157
 8.71154  -0.00008   0.02149
 8.71410  -0.00008   0.02142
 8.72283  -0.00008   0.02117
 8.73155  -0.00008   0.02092
 8.74018  -0.00007   0.02068
 8.74871  -0.00007   0.02044
 8.75715  -0.00007   0.02020
 8.76550  -0.00006   0.01998
 8.77374  -0.00006   0.01975
 8.78188  -0.00006   0.01953
 8.78991  -0.00006   0.01932
 8.79784  -0.00005   0.01911
 8.80565  -0.00005   0.01891
 8.80922  -0.00005   0.01881
 8.81112  -0.00005   0.01876
 8.81302  -0.00005   0.01872
 8.82049  -0.00005   0.01852
 8.82793  -0.00004   0.01833
 8.83525  -0.00004   0.01815
 8.84242  -0.00004   0.01797
 8.84944  -0.00004   0.01780
 8.85631  -0.00004   0.01763
 8.86301  -0.00004   0.01746
 8.86953  -0.00003   0.01730
 8.87585  -0.00003   0.01715
 8.88195  -0.00003   0.01701
 8.88782  -0.00003   0.01687
 8.89341  -0.00003   0.01674
 8.89868  -0.00003   0.01661
 8.90298  -0.00003   0.01651
 8.90683  -0.00003   0.01642
 8.90823  -0.00003   0.01639
 8.90963  -0.00003   0.01636
 8.91008  -0.00003   0.01635
 8.91052  -0.00003   0.01634
 8.91489  -0.00002   0.01624
 8.91972  -0.00002   0.01613
 8.92490  -0.00002   0.01601
 8.93038  -0.00002   0.01589
 8.93611  -0.00002   0.01576
 8.94207  -0.00002   0.01563
 8.94822  -0.00002   0.01549
 8.95456  -0.00002   0.01535
 8.96106  -0.00002   0.01521
 8.96771  -0.00001   0.01507
 8.97451  -0.00001   0.01492
 8.98143  -0.00001   0.01478
 8.98848  -0.00001   0.01463
 8.99565  -0.00001   0.01448
 9.00292  -0.00001   0.01433
 9.00638  -0.00001   0.01426
 9.00983  -0.00001   0.01419
 9.01536  -0.00001   0.01407
 9.02049  -0.00001   0.01397
 9.02808  -0.00000   0.01382
 9.03576  -0.00000   0.01367
 9.04353  -0.00000   0.01351
 9.05138  -0.00000   0.01336
 9.05930  -0.00000   0.01321
 9.06729   0.00000   0.01305
 9.07536   0.00000   0.01290
 9.08348   0.00000   0.01275
 9.09168   0.00000   0.01260
 9.09993   0.00000   0.01245
 9.10823   0.00000   0.01230
 9.11232   0.00001   0.01222
 9.11640   0.00001   0.01215
 9.12479   0.00001   0.01200
 9.13326   0.00001   0.01185
 9.14177   0.00001   0.01170
 9.15033   0.00001   0.01156
 9.15893   0.00001   0.01141
 9.16757   0.00001   0.01126
 9.17625   0.00001   0.01112
 9.18497   0.00001   0.01098
 9.19373   0.00001   0.01083
 9.20252   0.00001   0.01069
 9.20801   0.00001   0.01060
 9.21351   0.00001   0.01052
 9.21861   0.00001   0.01044
 9.22746   0.00001   0.01030
 9.23635   0.00001   0.01016
 9.24527   0.00002   0.01003
 9.25421   0.00002   0.00989
 9.26317   0.00002   0.00976
 9.27215   0.00002   0.00963
 9.28114   0.00002   0.00950
 9.29015   0.00002   0.00937
 9.29916   0.00002   0.00924
 9.30818   0.00002   0.00911
 9.31346   0.00002   0.00904
 9.31873   0.00002   0.00897
 9.32774   0.00002   0.00884
 9.33677   0.00002   0.00872
 9.34579   0.00002   0.00860
 9.35481   0.00002   0.00848
 9.36383   0.00002   0.00836
 9.37283   0.00002   0.00825
 9.38181   0.00002   0.00813
 9.39078   0.00002   0.00802
 9.39972   0.00002   0.00791
 9.40864   0.00002   0.00780
 9.41646   0.00002   0.00771
 9.42379   0.00002   0.00762
 9.43261   0.00002   0.00751
 9.44140   0.00002   0.00741
 9.45015   0.00002   0.00731
 9.45886   0.00002   0.00721
 9.46751   0.00002   0.00711
 9.47611   0.00002   0.00702
 9.48465   0.00002   0.00692
 9.49312   0.00002   0.00683
 9.50152   0.00002   0.00674
 9.50985   0.00002   0.00665
 9.51810   0.00002   0.00656
 9.52623   0.00002   0.00648
 9.53430   0.00002   0.00639
 9.54228   0.00002   0.00631
 9.55016   0.00002   0.00623
 9.55793   0.00002   0.00616
 9.56559   0.00002   0.00608
 9.57313   0.00002   0.00601
 9.58054   0.00002   0.00594
 9.58781   0.00002   0.00587
 9.59494   0.00002   0.00580
 9.60191   0.00002   0.00573
 9.60872   0.00002   0.00567
 9.61535   0.00002   0.00561
 9.62173   0.00002   0.00555
 9.62795   0.00002   0.00549
 9.63393   0.00002   0.00544
 9.63963   0.00002   0.00539
 9.64502   0.00002   0.00534
 9.64946   0.00002   0.00530
 9.65309   0.00002   0.00527
 9.65672   0.00002   0.00524
 9.66090   0.00002   0.00520
 9.66560   0.00002   0.00516
 9.67070   0.00002   0.00512
 9.67612   0.00002   0.00507
 9.68181   0.00002   0.00503
 9.68773   0.00002   0.00498
 9.69387   0.00002   0.00493
 9.70019   0.00002   0.00487
 9.70669   0.00002   0.00482
 9.71333   0.00002   0.00477
 9.72006   0.00002   0.00472
 9.72697   0.00002   0.00466
 9.73402   0.00002   0.00461
 9.74117   0.00002   0.00455
 9.74844   0.00002   0.00450
 9.75580   0.00002   0.00444
 9.76326   0.00002   0.00438
 9.77080   0.00002   0.00433
 9.77843   0.00002   0.00427
 9.78613   0.00002   0.00422
 9.79391   0.00002   0.00416
 9.80176   0.00002   0.00411
 9.80968   0.00002   0.00405
 9.81766   0.00002   0.00400
 9.82575   0.00002   0.00394
 9.83385   0.00002   0.00389
 9.84200   0.00002   0.00383
 9.85020   0.00002   0.00378
 9.85845   0.00002   0.00372
 9.86674   0.00002   0.00367
 9.87508   0.00002   0.00362
 9.88347   0.00002   0.00356
 9.89189   0.00002   0.00351
 9.90035   0.00002   0.00346
 9.90885   0.00002   0.00341
 9.91738   0.00002   0.00336
 9.92620   0.00002   0.00330
 9.93480   0.00002   0.00325
 9.94343   0.00002   0.00320
 9.95209   0.00002   0.00315
 9.96077   0.00002   0.00311
 9.96949   0.00002   0.00306
 9.97822   0.00002   0.00301
 9.98699   0.00002   0.00296
 9.99577   0.00002   0.00291
 10.00458   0.00002   0.00287
 10.01000   0.00002   0.00284
 10.01541   0.00002   0.00281
 10.02426   0.00002   0.00277
 10.03313   0.00002   0.00272
 10.04202   0.00002   0.00268
 10.05093   0.00002   0.00263
 10.05986   0.00002   0.00259
 10.06880   0.00002   0.00255
 10.07776   0.00002   0.00250
 10.08674   0.00002   0.00246
 10.09572   0.00002   0.00242
 10.10473   0.00002   0.00238
 10.11105   0.00002   0.00235
 10.11738   0.00002   0.00232
 10.12640   0.00002   0.00228
 10.13544   0.00002   0.00224
 10.14449   0.00002   0.00220
 10.15356   0.00002   0.00216
 10.16264   0.00002   0.00212
 10.17172   0.00002   0.00209
 10.18082   0.00002   0.00205
 10.18992   0.00002   0.00201
 10.19904   0.00002   0.00198
 10.20816   0.00002   0.00194
 10.21729   0.00002   0.00190
 10.22671   0.00002   0.00187
 10.23586   0.00002   0.00183
 10.24501   0.00002   0.00180
 10.25417   0.00002   0.00176
 10.26333   0.00002   0.00173
 10.27250   0.00002   0.00170
 10.28168   0.00002   0.00166
 10.29086   0.00002   0.00163
 10.30004   0.00002   0.00160
 10.30923   0.00002   0.00157
 10.31843   0.00002   0.00154
 10.32804   0.00002   0.00150
 10.33725   0.00003   0.00147
 10.34645   0.00003   0.00144
 10.35566   0.00003   0.00141
 10.36488   0.00003   0.00138
 10.37409   0.00003   0.00135
 10.38331   0.00003   0.00133
 10.39253   0.00003   0.00130
 10.40176   0.00003   0.00127
 10.40796   0.00003   0.00125
 10.41417   0.00003   0.00123
 10.42138   0.00003   0.00121
 10.43060   0.00003   0.00118
 10.43983   0.00003   0.00115
 10.44906   0.00003   0.00113
 10.45830   0.00003   0.00110
 10.46754   0.00003   0.00108
 10.47677   0.00003   0.00105
 10.48601   0.00003   0.00102
 10.49525   0.00003   0.00100
 10.50449   0.00003   0.00097
 10.50951   0.00003   0.00096
 10.51453   0.00003   0.00095
 10.52207   0.00003   0.00093
 10.53130   0.00003   0.00090
 10.54054   0.00003   0.00088
 10.54979   0.00003   0.00085
 10.55903   0.00003   0.00083
 10.56827   0.00003   0.00081
 10.57751   0.00003   0.00078
 10.58675   0.00003   0.00076
 10.59600   0.00003   0.00074
 10.60524   0.00003   0.00072
 10.61036   0.00003   0.00070
 10.61503   0.00003   0.00069
 10.62424   0.00003   0.00067
 10.63347   0.00003   0.00065
 10.64271   0.00003   0.00063
 10.65195   0.00003   0.00060
 10.66118   0.00003   0.00058
 10.67042   0.00003   0.00056
 10.67965   0.00003   0.00054
 10.68888   0.00003   0.00052
 10.69811   0.00003   0.00050
 10.70734   0.00003   0.00048
 10.71657   0.00003   0.00046
 10.72550   0.00003   0.00044
 10.73472   0.00003   0.00042
 10.74394   0.00002   0.00040
 10.75316   0.00002   0.00038
 10.76238   0.00002   0.00036
 10.77159   0.00002   0.00034
 10.78081   0.00002   0.00032
 10.79002   0.00002   0.00030
 10.79923   0.00002   0.00028
 10.80843   0.00002   0.00026
 10.81764   0.00001   0.00024
 10.82724   0.00001   0.00022
 10.83644   0.00001   0.00020
 10.84564   0.00001   0.00018
 10.85483   0.00001   0.00016
 10.86403   0.00001   0.00014
 10.87322   0.00001   0.00012
 10.88240   0.00001   0.00010
 10.89159   0.00000   0.00009
 10.90077   0.00000   0.00007
 10.90995   0.00000   0.00005
 10.91913   0.00000   0.00003
 10.92714   0.00000   0.00001
