 0.00032   0.00000
 0.00047   0.00000
 0.00069   0.00000
 0.00096   0.00000
 0.00130   0.00000
 0.00169   0.00000
 0.00215   0.00000
 0.00269   0.00000
 0.00330   0.00000
 0.00399   0.00000
 0.00476   0.00000
 0.00562   0.00000
 0.00656   0.00000
 0.00760   0.00000
 0.00874   0.00000
 0.00997   0.00000
 0.01130   0.00000
 0.01274   0.00000
 0.01428   0.00000
 0.01593   0.00000
 0.01769   0.00000
 0.01957   0.00000
 0.02156   0.00000
 0.02368   0.00000
 0.02591   0.00000
 0.02827   0.00000
 0.03075   0.00000
 0.03336   0.00000
 0.03611   0.00001
 0.03898   0.00001
 0.04199   0.00001
 0.04515   0.00001
 0.04844   0.00001
 0.05187   0.00002
 0.05544   0.00002
 0.05917   0.00003
 0.06304   0.00003
 0.06706   0.00004
 0.07124   0.00004
 0.07555   0.00005
 0.08004   0.00006
 0.08470   0.00007
 0.08951   0.00009
 0.09448   0.00010
 0.09963   0.00012
 0.10495   0.00014
 0.11044   0.00016
 0.11616   0.00019
 0.12201   0.00022
 0.12799   0.00026
 0.13420   0.00030
 0.14061   0.00034
 0.14732   0.00039
 0.15410   0.00045
 0.16108   0.00051
 0.16830   0.00058
 0.17568   0.00066
 0.18329   0.00075
 0.19104   0.00085
 0.19922   0.00096
 0.20746   0.00109
 0.21594   0.00123
 0.22469   0.00138
 0.23359   0.00155
 0.24264   0.00174
 0.25185   0.00194
 0.26123   0.00217
 0.27156   0.00243
 0.28189   0.00272
 0.29218   0.00302
 0.30253   0.00335
 0.31313   0.00371
 0.32405   0.00411
 0.33532   0.00455
 0.34702   0.00504
 0.35924   0.00558
 0.37195   0.00619
 0.38521   0.00687
 0.39809   0.00757
 0.41182   0.00836
 0.42746   0.00933
 0.44167   0.01028
 0.45787   0.01143
 0.47291   0.01256
 0.48776   0.01375
 0.50366   0.01511
 0.51910   0.01650
 0.53633   0.01815
 0.55304   0.01984
 0.57066   0.02173
 0.59292   0.02427
 0.61235   0.02663
 0.63178   0.02913
 0.65401   0.03217
 0.67489   0.03519
 0.69490   0.03823
 0.71494   0.04144
 0.73528   0.04486
 0.75611   0.04852
 0.77772   0.05250
 0.80063   0.05693
 0.84394   0.06585
 0.88542   0.07509
 0.91557   0.08223
 0.93759   0.08766
 0.95961   0.09328
 0.98649   0.10038
 1.01105   0.10710
 1.03696   0.11443
 1.05850   0.12070
 1.08003   0.12712
 1.10850   0.13585
 1.12818   0.14203
 1.14786   0.14834
 1.17130   0.15600
 1.19399   0.16356
 1.22080   0.17266
 1.24760   0.18195
 1.26989   0.18980
 1.28879   0.19654
 1.30769   0.20335
 1.33002   0.21148
 1.35811   0.22183
 1.38424   0.23156
 1.41085   0.24155
 1.43746   0.25162
 1.45737   0.25918
 1.47729   0.26677
 1.49949   0.27525
 1.51884   0.28265
 1.53819   0.29004
 1.56072   0.29864
 1.57990   0.30594
 1.59908   0.31322
 1.61760   0.32022
 1.63613   0.32718
 1.65608   0.33464
 1.67693   0.34237
 1.69888   0.35043
 1.71947   0.35790
 1.74005   0.36529
 1.75777   0.37157
 1.77548   0.37777
 1.79411   0.38421
 1.81259   0.39049
 1.82936   0.39610
 1.85423   0.40426
 1.87911   0.41220
 1.90468   0.42012
 1.92849   0.42727
 1.94631   0.43246
 1.96413   0.43752
 1.97868   0.44154
 1.99324   0.44547
 2.00795   0.44933
 2.03063   0.45508
 2.05144   0.46012
 2.09774   0.47051
 2.10536   0.47211
 2.10978   0.47302
 2.11419   0.47391
 2.12176   0.47543
 2.16719   0.48380
 2.18455   0.48666
 2.20190   0.48934
 2.20962   0.49047
 2.21733   0.49156
 2.22755   0.49294
 2.27116   0.49807
 2.28547   0.49947
 2.29978   0.50074
 2.30734   0.50135
 2.31490   0.50192
 2.32239   0.50244
 2.36339   0.50461
 2.40411   0.50557
 2.40939   0.50560
 2.41466   0.50562
 2.42068   0.50561
 2.45801   0.50495
 2.49678   0.50317
 2.50745   0.50248
 2.51500   0.50194
 2.52236   0.50137
 2.56314   0.49747
 2.60500   0.49215
 2.61697   0.49038
 2.62895   0.48851
 2.67242   0.48078
 2.69401   0.47641
 2.70631   0.47377
 2.71693   0.47140
 2.72756   0.46894
 2.77304   0.45747
 2.79306   0.45194
 2.80765   0.44773
 2.82224   0.44336
 2.83639   0.43899
 2.88363   0.42337
 2.90244   0.41672
 2.92125   0.40984
 2.94296   0.40160
 2.99132   0.38217
 3.00632   0.37585
 3.02132   0.36939
 3.03608   0.36290
 3.08479   0.34059
 3.10432   0.33128
 3.12386   0.32176
 3.14150   0.31298
 3.18986   0.28815
 3.20795   0.27858
 3.22603   0.26887
 3.24757   0.25711
 3.29496   0.23059
 3.32864   0.21123
 3.36232   0.19148
 3.40832   0.16397
 3.45384   0.13621
 3.49680   0.10959
 3.53292   0.08697
 3.56904   0.06417
 3.61127   0.03735
 3.65083   0.01214
 3.69112  -0.01357
 3.73032  -0.03855
 3.77021  -0.06388
 3.80308  -0.08465
 3.83596  -0.10528
 3.87333  -0.12853
 3.90428  -0.14759
 3.93523  -0.16644
 3.96851  -0.18646
 4.00271  -0.20673
 4.03691  -0.22666
 4.06903  -0.24504
 4.09897  -0.26187
 4.12891  -0.27837
 4.16025  -0.29528
 4.18745  -0.30965
 4.21465  -0.32371
 4.24369  -0.33837
 4.30122  -0.36631
 4.32683  -0.37826
 4.35122  -0.38935
 4.39057  -0.40662
 4.40568  -0.41305
 4.42080  -0.41937
 4.43672  -0.42590
 4.49655  -0.44923
 4.52713  -0.46044
 4.55771  -0.47114
 4.58273  -0.47951
 4.60776  -0.48755
 4.64808  -0.49978
 4.68463  -0.51009
 4.70358  -0.51514
 4.72253  -0.52000
 4.74033  -0.52438
 4.79686  -0.53713
 4.82886  -0.54357
 4.86087  -0.54945
 4.88239  -0.55309
 4.90391  -0.55648
 4.91995  -0.55885
 4.93599  -0.56108
 4.98969  -0.56756
 5.00910  -0.56953
 5.02852  -0.57131
 5.05027  -0.57307
 5.10224  -0.57633
 5.12104  -0.57719
 5.13984  -0.57787
 5.19000  -0.57887
 5.20763  -0.57894
 5.22100  -0.57891
 5.23310  -0.57880
 5.28207  -0.57773
 5.30797  -0.57674
 5.32840  -0.57577
 5.34716  -0.57473
 5.40008  -0.57103
 5.42113  -0.56926
 5.44047  -0.56750
 5.49602  -0.56167
 5.52755  -0.55790
 5.55830  -0.55390
 5.58160  -0.55068
 5.60490  -0.54730
 5.62061  -0.54493
 5.63583  -0.54256
 5.69591  -0.53262
 5.73130  -0.52633
 5.76465  -0.52013
 5.79425  -0.51443
 5.80734  -0.51185
 5.82042  -0.50923
 5.83537  -0.50620
 5.89920  -0.49280
 5.92793  -0.48654
 5.95541  -0.48044
 6.00468  -0.46924
 6.03002  -0.46336
 6.05321  -0.45791
 6.09373  -0.44827
 6.13425  -0.43847
 6.17481  -0.42855
 6.20063  -0.42218
 6.22644  -0.41578
 6.25272  -0.40923
 6.29118  -0.39960
 6.30724  -0.39556
 6.32331  -0.39153
 6.34290  -0.38660
 6.37819  -0.37772
 6.39940  -0.37237
 6.42062  -0.36704
 6.44384  -0.36120
 6.47760  -0.35274
 6.50279  -0.34644
 6.52797  -0.34017
 6.55201  -0.33420
 6.58976  -0.32488
 6.60833  -0.32033
 6.62690  -0.31579
 6.65262  -0.30954
 6.69206  -0.30004
 6.73149  -0.29065
 6.77459  -0.28052
 6.85184  -0.26276
 6.90728  -0.25036
 6.96271  -0.23826
 7.00500  -0.22925
 7.04729  -0.22043
 7.09008  -0.21171
 7.13754  -0.20228
 7.18499  -0.19311
 7.24299  -0.18227
 7.30098  -0.17183
 7.35550  -0.16238
 7.40522  -0.15408
 7.49340  -0.14009
 7.60768  -0.12334
 7.67020  -0.11482
 7.70211  -0.11065
 7.73403  -0.10658
 7.76982  -0.10216
 7.80817  -0.09758
 7.84651  -0.09316
 7.90776  -0.08642
 7.97595  -0.07937
 8.00588  -0.07642
 8.03581  -0.07355
 8.07767  -0.06969
 8.11760  -0.06616
 8.15366  -0.06309
 8.19711  -0.05954
 8.24057  -0.05615
 8.28841  -0.05260
 8.35024  -0.04828
 8.40714  -0.04455
 8.46404  -0.04106
 8.51178  -0.03829
 8.55953  -0.03567
 8.61917  -0.03260
 8.67801  -0.02977
 8.73685  -0.02712
 8.79024  -0.02488
 8.84898  -0.02256
 8.91197  -0.02025
 8.97045  -0.01825
 9.02254  -0.01658
 9.07108  -0.01510
 9.12990  -0.01342
 9.18339  -0.01197
 9.24246  -0.01047
 9.30111  -0.00906
 9.36059  -0.00771
 9.42126  -0.00639
 9.47881  -0.00520
 9.53932  -0.00399
 9.59948  -0.00282
 9.66064  -0.00167
 9.72221  -0.00052
 9.75315   0.00005
