 0.00018   0.00000
 0.00023   0.00000
 0.00028   0.00000
 0.00034   0.00000
 0.00041   0.00000
 0.00049   0.00000
 0.00059   0.00000
 0.00069   0.00000
 0.00082   0.00000
 0.00096   0.00000
 0.00112   0.00000
 0.00131   0.00000
 0.00151   0.00000
 0.00174   0.00000
 0.00201   0.00000
 0.00230   0.00000
 0.00262   0.00000
 0.00299   0.00000
 0.00339   0.00001
 0.00384   0.00001
 0.00433   0.00001
 0.00487   0.00001
 0.00547   0.00001
 0.00612   0.00002
 0.00684   0.00002
 0.00762   0.00003
 0.00848   0.00004
 0.00941   0.00004
 0.01043   0.00005
 0.01152   0.00007
 0.01272   0.00008
 0.01401   0.00010
 0.01541   0.00012
 0.01692   0.00014
 0.01855   0.00017
 0.02031   0.00020
 0.02216   0.00024
 0.02419   0.00029
 0.02637   0.00034
 0.02870   0.00041
 0.03121   0.00048
 0.03383   0.00057
 0.03670   0.00067
 0.03976   0.00078
 0.04304   0.00092
 0.04655   0.00107
 0.05028   0.00125
 0.05495   0.00149
 0.05922   0.00173
 0.06377   0.00201
 0.06871   0.00233
 0.07386   0.00269
 0.07953   0.00312
 0.08536   0.00360
 0.09162   0.00414
 0.09767   0.00471
 0.10464   0.00540
 0.11230   0.00622
 0.11955   0.00704
 0.12788   0.00805
 0.13680   0.00921
 0.14666   0.01058
 0.15716   0.01214
 0.16846   0.01393
 0.18056   0.01598
 0.19215   0.01807
 0.20374   0.02029
 0.21554   0.02267
 0.22888   0.02551
 0.24474   0.02910
 0.25941   0.03262
 0.28103   0.03813
 0.30387   0.04438
 0.32672   0.05105
 0.34855   0.05781
 0.36734   0.06391
 0.38613   0.07026
 0.40713   0.07766
 0.42865   0.08553
 0.45016   0.09369
 0.46806   0.10068
 0.48596   0.10785
 0.50663   0.11634
 0.53045   0.12637
 0.55792   0.13823
 0.58688   0.15105
 0.60912   0.16106
 0.63135   0.17119
 0.64903   0.17933
 0.66672   0.18752
 0.68744   0.19717
 0.71121   0.20827
 0.73354   0.21871
 0.75753   0.22991
 0.77950   0.24012
 0.80148   0.25026
 0.82140   0.25936
 0.83965   0.26762
 0.86407   0.27851
 0.88850   0.28920
 0.91505   0.30053
 0.93911   0.31051
 0.95837   0.31828
 0.97763   0.32583
 0.99937   0.33408
 1.02475   0.34331
 1.04848   0.35152
 1.07381   0.35980
 1.09757   0.36709
 1.11744   0.37280
 1.13730   0.37816
 1.15863   0.38349
 1.17706   0.38774
 1.19549   0.39165
 1.21436   0.39528
 1.23287   0.39847
 1.25088   0.40121
 1.26787   0.40347
 1.28799   0.40571
 1.30950   0.40759
 1.33370   0.40905
 1.35612   0.40976
 1.37732   0.40987
 1.39849   0.40942
 1.42100   0.40832
 1.43786   0.40708
 1.45472   0.40547
 1.46966   0.40374
 1.48459   0.40173
 1.50089   0.39921
 1.51671   0.39644
 1.53595   0.39263
 1.55685   0.38796
 1.58000   0.38214
 1.60975   0.37367
 1.64150   0.36341
 1.67043   0.35299
 1.70849   0.33776
 1.73645   0.32551
 1.76417   0.31250
 1.78886   0.30021
 1.81355   0.28728
 1.84008   0.27271
 1.88056   0.24920
 1.91763   0.22641
 1.95008   0.20554
 1.98254   0.18390
 2.00709   0.16708
 2.03164   0.14989
 2.06175   0.12837
 2.09865   0.10143
 2.13014   0.07805
 2.16163   0.05439
 2.19751   0.02720
 2.23302   0.00015
 2.26743  -0.02605
 2.30248  -0.05262
 2.33787  -0.07921
 2.37294  -0.10522
 2.40900  -0.13145
 2.44536  -0.15728
 2.48171  -0.18235
 2.50676  -0.19912
 2.53180  -0.21543
 2.55936  -0.23282
 2.59651  -0.25523
 2.62774  -0.27308
 2.65898  -0.28997
 2.69588  -0.30861
 2.72733  -0.32329
 2.75877  -0.33682
 2.79478  -0.35083
 2.83041  -0.36309
 2.86833  -0.37433
 2.90301  -0.38291
 2.92277  -0.38706
 2.94204  -0.39060
 2.97532  -0.39548
 3.00832  -0.39879
 3.03601  -0.40037
 3.06171  -0.40087
 3.09321  -0.40021
 3.10915  -0.39934
 3.12508  -0.39811
 3.14551  -0.39602
 3.17800  -0.39150
 3.20005  -0.38761
 3.22210  -0.38307
 3.24902  -0.37664
 3.28317  -0.36712
 3.30490  -0.36029
 3.32663  -0.35287
 3.34734  -0.34527
 3.38299  -0.33100
 3.40705  -0.32055
 3.43110  -0.30947
 3.45704  -0.29683
 3.49403  -0.27766
 3.53133  -0.25702
 3.56858  -0.23521
 3.60642  -0.21194
 3.64444  -0.18753
 3.67975  -0.16407
 3.71015  -0.14332
 3.74055  -0.12213
 3.77854  -0.09515
 3.81642  -0.06780
 3.85503  -0.03959
 3.89252  -0.01203
 3.92978   0.01542
 3.96664   0.04252
 4.00425   0.06996
 4.04241   0.09750
 4.08107   0.12495
 4.10673   0.14285
 4.13239   0.16047
 4.16694   0.18366
 4.20744   0.20999
 4.24838   0.23555
 4.28832   0.25935
 4.32990   0.28280
 4.36913   0.30360
 4.40204   0.31999
 4.43494   0.33537
 4.46480   0.34841
 4.50587   0.36488
 4.54106   0.37759
 4.57389   0.38826
 4.59676   0.39499
 4.61964   0.40114
 4.64097   0.40635
 4.68000   0.41455
 4.70455   0.41881
 4.72909   0.42238
 4.75235   0.42513
 4.79003   0.42825
 4.80536   0.42905
 4.82068   0.42958
 4.83695   0.42985
 4.87344   0.42935
 4.91014   0.42733
 4.94351   0.42419
 4.98151   0.41912
 5.00723   0.41481
 5.03296   0.40979
 5.06108   0.40352
 5.10116   0.39320
 5.12958   0.38492
 5.15599   0.37654
 5.19760   0.36204
 5.23078   0.34939
 5.26396   0.33580
 5.30704   0.31686
 5.35059   0.29631
 5.39141   0.27585
 5.43582   0.25240
 5.47930   0.22835
 5.51124   0.21006
 5.54202   0.19199
 5.58736   0.16465
 5.63288   0.13647
 5.67910   0.10724
 5.72480   0.07786
 5.76947   0.04883
 5.81523   0.01888
 5.85958  -0.01023
 5.90536  -0.04023
 5.95205  -0.07066
 6.00007  -0.10165
 6.04911  -0.13285
 6.09927  -0.16415
 6.15102  -0.19567
 6.20172  -0.22566
 6.25647  -0.25693
 6.30851  -0.28545
 6.36632  -0.31566
 6.40621  -0.33553
 6.44610  -0.35456
 6.49186  -0.37533
 6.53769  -0.39495
 6.58352  -0.41336
 6.64455  -0.43595
 6.68384  -0.44931
 6.71035  -0.45780
 6.73686  -0.46586
 6.79664  -0.48245
 6.83282  -0.49144
 6.86901  -0.49963
 6.90637  -0.50727
 6.94373  -0.51407
 6.98310  -0.52034
 7.04181  -0.52803
 7.10344  -0.53401
 7.14337  -0.53677
 7.17938  -0.53854
 7.20831  -0.53947
 7.23724  -0.53998
 7.27321  -0.54003
 7.31034  -0.53944
 7.34643  -0.53826
 7.40611  -0.53503
 7.45828  -0.53100
 7.50645  -0.52633
 7.56131  -0.51997
 7.59476  -0.51558
 7.62821  -0.51084
 7.66932  -0.50454
 7.69806  -0.49985
 7.72679  -0.49494
 7.77501  -0.48623
 7.80079  -0.48134
 7.82658  -0.47631
 7.85778  -0.47003
 7.90027  -0.46119
 7.94275  -0.45204
 7.98245  -0.44324
 8.04248  -0.42953
 8.10252  -0.41541
 8.16437  -0.40055
 8.20646  -0.39030
 8.24856  -0.37996
 8.29887  -0.36752
 8.35414  -0.35382
 8.40485  -0.34126
 8.47552  -0.32381
 8.54298  -0.30732
 8.60659  -0.29198
 8.68881  -0.27254
 8.75091  -0.25820
 8.80936  -0.24501
 8.89617  -0.22604
 8.97225  -0.21005
 9.04218  -0.19593
 9.10786  -0.18318
 9.20657  -0.16498
 9.30894  -0.14735
 9.38465  -0.13512
 9.46035  -0.12359
 9.52014  -0.11495
 9.57994  -0.10673
 9.66736  -0.09544
 9.74884  -0.08565
 9.82226  -0.07743
 9.90058  -0.06924
 9.97871  -0.06163
 10.05855  -0.05441
 10.12573  -0.04873
 10.18770  -0.04379
 10.26200  -0.03823
 10.33131  -0.03335
 10.39763  -0.02894
 10.47064  -0.02435
 10.54451  -0.01995
 10.61561  -0.01591
 10.69292  -0.01169
 10.76528  -0.00788
 10.83807  -0.00413
 10.90983  -0.00049
 10.92714   0.00039
