 0.00032   0.00000
 0.00047   0.00000
 0.00069   0.00000
 0.00096   0.00000
 0.00130   0.00000
 0.00169   0.00000
 0.00215   0.00000
 0.00269   0.00000
 0.00330   0.00000
 0.00399   0.00000
 0.00476   0.00000
 0.00562   0.00000
 0.00656   0.00000
 0.00760   0.00000
 0.00874   0.00000
 0.00997   0.00000
 0.01130   0.00000
 0.01274   0.00000
 0.01428   0.00000
 0.01593   0.00000
 0.01769   0.00000
 0.01957   0.00000
 0.02156   0.00000
 0.02368   0.00000
 0.02591   0.00000
 0.02827   0.00000
 0.03076   0.00001
 0.03336   0.00001
 0.03611   0.00001
 0.03898   0.00001
 0.04200   0.00001
 0.04515   0.00002
 0.04844   0.00002
 0.05187   0.00002
 0.05545   0.00003
 0.05917   0.00004
 0.06305   0.00004
 0.06708   0.00005
 0.07125   0.00006
 0.07557   0.00008
 0.08006   0.00009
 0.08472   0.00011
 0.08954   0.00013
 0.09452   0.00015
 0.09968   0.00018
 0.10500   0.00021
 0.11050   0.00024
 0.11625   0.00028
 0.12210   0.00032
 0.12810   0.00037
 0.13432   0.00043
 0.14076   0.00049
 0.14749   0.00057
 0.15429   0.00065
 0.16131   0.00074
 0.16845   0.00084
 0.17586   0.00096
 0.18351   0.00109
 0.19129   0.00123
 0.19936   0.00140
 0.20763   0.00158
 0.21616   0.00178
 0.22496   0.00200
 0.23394   0.00225
 0.24308   0.00252
 0.25240   0.00282
 0.26189   0.00315
 0.27159   0.00351
 0.28190   0.00392
 0.29227   0.00436
 0.30272   0.00484
 0.31346   0.00536
 0.32454   0.00594
 0.33602   0.00659
 0.34799   0.00730
 0.36056   0.00811
 0.37404   0.00903
 0.38673   0.00996
 0.40013   0.01101
 0.41452   0.01221
 0.42827   0.01343
 0.44315   0.01484
 0.45747   0.01628
 0.47292   0.01792
 0.48839   0.01967
 0.50493   0.02166
 0.52109   0.02372
 0.53958   0.02622
 0.55778   0.02883
 0.57599   0.03159
 0.59427   0.03452
 0.61258   0.03762
 0.63300   0.04126
 0.65342   0.04510
 0.67934   0.05026
 0.70271   0.05520
 0.72492   0.06013
 0.74670   0.06521
 0.76988   0.07086
 0.79617   0.07757
 0.82013   0.08398
 0.85028   0.09241
 0.87544   0.09976
 0.89905   0.10690
 0.92721   0.11574
 0.95091   0.12342
 0.97461   0.13132
 0.99815   0.13937
 1.01836   0.14644
 1.03857   0.15364
 1.06379   0.16281
 1.08878   0.17207
 1.11776   0.18302
 1.14469   0.19337
 1.17480   0.20510
 1.20490   0.21698
 1.22596   0.22536
 1.24701   0.23378
 1.27033   0.24313
 1.30117   0.25553
 1.33060   0.26736
 1.36585   0.28145
 1.40673   0.29762
 1.42685   0.30549
 1.44697   0.31327
 1.46881   0.32161
 1.49088   0.32991
 1.51002   0.33699
 1.52915   0.34395
 1.54738   0.35046
 1.56562   0.35684
 1.58479   0.36340
 1.60406   0.36983
 1.62298   0.37597
 1.63863   0.38091
 1.65428   0.38573
 1.67059   0.39060
 1.68712   0.39539
 1.70604   0.40067
 1.72533   0.40583
 1.74436   0.41068
 1.76066   0.41464
 1.77648   0.41831
 1.79396   0.42215
 1.81078   0.42564
 1.82645   0.42870
 1.84358   0.43183
 1.85973   0.43457
 1.88428   0.43832
 1.91033   0.44175
 1.93040   0.44400
 1.95047   0.44589
 1.96581   0.44709
 1.97826   0.44791
 1.99071   0.44859
 2.00235   0.44909
 2.00875   0.44932
 2.01515   0.44950
 2.02259   0.44967
 2.05589   0.44977
 2.08888   0.44880
 2.10449   0.44798
 2.11663   0.44717
 2.12877   0.44622
 2.16341   0.44268
 2.19879   0.43783
 2.20891   0.43621
 2.21902   0.43449
 2.23016   0.43248
 2.26688   0.42496
 2.30418   0.41593
 2.31864   0.41206
 2.33309   0.40798
 2.37154   0.39615
 2.39749   0.38735
 2.40837   0.38347
 2.41926   0.37948
 2.43177   0.37476
 2.47154   0.35879
 2.49377   0.34924
 2.50861   0.34263
 2.52344   0.33584
 2.54103   0.32753
 2.58159   0.30743
 2.60504   0.29521
 2.62598   0.28396
 2.64514   0.27338
 2.68549   0.25028
 2.70247   0.24024
 2.71945   0.23002
 2.74484   0.21442
 2.78420   0.18955
 2.80456   0.17638
 2.82492   0.16302
 2.84636   0.14876
 2.88400   0.12331
 2.90551   0.10855
 2.92703   0.09366
 2.95287   0.07564
 2.98853   0.05054
 3.02365   0.02566
 3.05727   0.00177
 3.09079  -0.02205
 3.12419  -0.04573
 3.15707  -0.06891
 3.19197  -0.09330
 3.22761  -0.11789
 3.26169  -0.14106
 3.29871  -0.16573
 3.33042  -0.18640
 3.36212  -0.20658
 3.40093  -0.23054
 3.42802  -0.24675
 3.45434  -0.26205
 3.49441  -0.28444
 3.53010  -0.30341
 3.56580  -0.32139
 3.60648  -0.34061
 3.63639  -0.35383
 3.66415  -0.36539
 3.70425  -0.38084
 3.72271  -0.38744
 3.74004  -0.39334
 3.77900  -0.40551
 3.79966  -0.41135
 3.82032  -0.41675
 3.83944  -0.42137
 3.87672  -0.42927
 3.89413  -0.43246
 3.90542  -0.43436
 3.91671  -0.43612
 3.93371  -0.43852
 3.96898  -0.44252
 4.00388  -0.44518
 4.02004  -0.44596
 4.03619  -0.44647
 4.06876  -0.44666
 4.10085  -0.44574
 4.12156  -0.44457
 4.14228  -0.44295
 4.17645  -0.43931
 4.19633  -0.43665
 4.20856  -0.43481
 4.22079  -0.43282
 4.23563  -0.43020
 4.27233  -0.42280
 4.30980  -0.41391
 4.34808  -0.40346
 4.38623  -0.39173
 4.40349  -0.38599
 4.42076  -0.38001
 4.44157  -0.37246
 4.48233  -0.35665
 4.50958  -0.34536
 4.53682  -0.33351
 4.57423  -0.31637
 4.60516  -0.30149
 4.63609  -0.28599
 4.66633  -0.27028
 4.70898  -0.24726
 4.75172  -0.22326
 4.79327  -0.19912
 4.83578  -0.17371
 4.87517  -0.14961
 4.91714  -0.12342
 4.96074  -0.09577
 5.00197  -0.06929
 5.04269  -0.04292
 5.08160  -0.01760
 5.12118   0.00821
 5.15996   0.03347
 5.19985   0.05936
 5.24105   0.08593
 5.28393   0.11330
 5.31558   0.13329
 5.34724   0.15304
 5.39335   0.18134
 5.44078   0.20979
 5.48668   0.23658
 5.53723   0.26516
 5.58760   0.29257
 5.64137   0.32058
 5.69984   0.34946
 5.73144   0.36434
 5.76142   0.37798
 5.79955   0.39462
 5.83115   0.40781
 5.86067   0.41962
 5.89294   0.43197
 5.90757   0.43737
 5.92221   0.44264
 5.94137   0.44936
 5.99782   0.46792
 6.02803   0.47707
 6.05825   0.48569
 6.08697   0.49338
 6.10651   0.49833
 6.12605   0.50306
 6.14713   0.50791
 6.20135   0.51918
 6.22461   0.52350
 6.24788   0.52750
 6.30105   0.53548
 6.32415   0.53845
 6.34725   0.54113
 6.39935   0.54610
 6.42389   0.54793
 6.44844   0.54945
 6.49938   0.55162
 6.52312   0.55218
 6.54686   0.55247
 6.59645   0.55221
 6.62619   0.55151
 6.65438   0.55048
 6.70612   0.54770
 6.73203   0.54589
 6.75574   0.54400
 6.79876   0.54002
 6.82854   0.53686
 6.85686   0.53357
 6.88517   0.53000
 6.90289   0.52764
 6.92061   0.52518
 6.94554   0.52155
 7.00435   0.51226
 7.03332   0.50734
 7.05985   0.50265
 7.09830   0.49555
 7.12807   0.48982
 7.15785   0.48390
 7.20869   0.47341
 7.25954   0.46246
 7.29080   0.45553
 7.31044   0.45111
 7.33007   0.44664
 7.39612   0.43128
 7.43129   0.42292
 7.46646   0.41446
 7.50790   0.40438
 7.54934   0.39422
 7.59627   0.38263
 7.63492   0.37304
 7.67188   0.36386
 7.70529   0.35555
 7.73871   0.34726
 7.77450   0.33840
 7.80469   0.33095
 7.83487   0.32354
 7.86779   0.31550
 7.90545   0.30636
 7.94312   0.29731
 7.98418   0.28754
 8.03955   0.27457
 8.09491   0.26184
 8.13697   0.25236
 8.17902   0.24305
 8.24625   0.22852
 8.29049   0.21923
 8.33474   0.21015
 8.39781   0.19759
 8.45306   0.18696
 8.50359   0.17757
 8.59454   0.16143
 8.65007   0.15208
 8.70075   0.14387
 8.78866   0.13036
 8.88490   0.11664
 8.98114   0.10399
 9.07685   0.09245
 9.15134   0.08415
 9.20438   0.07859
 9.25742   0.07331
 9.30493   0.06882
 9.35244   0.06453
 9.40638   0.05991
 9.46033   0.05554
 9.51352   0.05147
 9.56366   0.04784
 9.60917   0.04471
 9.65468   0.04173
 9.71874   0.03778
 9.78663   0.03387
 9.84853   0.03056
 9.91220   0.02737
 9.97348   0.02450
 10.03477   0.02181
 10.09190   0.01945
 10.15328   0.01706
 10.21736   0.01471
 10.27890   0.01257
 10.34044   0.01054
 10.40125   0.00862
 10.46331   0.00673
 10.52598   0.00490
 10.58679   0.00316
 10.64943   0.00139
 10.71216  -0.00036
 10.72847  -0.00081
