 0.05068   0.00042   0.00061
 0.05119   0.00044   0.00063
 0.05169   0.00046   0.00065
 0.05220   0.00048   0.00067
 0.05271   0.00050   0.00069
 0.05322   0.00052   0.00071
 0.05374   0.00054   0.00074
 0.05426   0.00056   0.00076
 0.05478   0.00058   0.00078
 0.05531   0.00060   0.00080
 0.05584   0.00062   0.00083
 0.05637   0.00064   0.00085
 0.05691   0.00066   0.00088
 0.05745   0.00069   0.00090
 0.05800   0.00071   0.00093
 0.05854   0.00073   0.00095
 0.05909   0.00075   0.00098
 0.05965   0.00077   0.00100
 0.06020   0.00080   0.00103
 0.06072   0.00082   0.00105
 0.06128   0.00084   0.00108
 0.06185   0.00086   0.00111
 0.06242   0.00089   0.00114
 0.06299   0.00091   0.00116
 0.06357   0.00094   0.00119
 0.06415   0.00096   0.00122
 0.06473   0.00099   0.00125
 0.06532   0.00101   0.00128
 0.06591   0.00104   0.00131
 0.06650   0.00106   0.00134
 0.06710   0.00109   0.00137
 0.06770   0.00111   0.00140
 0.06830   0.00114   0.00143
 0.06891   0.00117   0.00147
 0.06952   0.00120   0.00150
 0.07006   0.00122   0.00153
 0.07060   0.00124   0.00156
 0.07122   0.00127   0.00159
 0.07185   0.00130   0.00162
 0.07247   0.00133   0.00166
 0.07310   0.00136   0.00169
 0.07374   0.00139   0.00173
 0.07438   0.00142   0.00177
 0.07502   0.00145   0.00180
 0.07567   0.00148   0.00184
 0.07632   0.00151   0.00188
 0.07697   0.00154   0.00191
 0.07763   0.00157   0.00195
 0.07829   0.00161   0.00199
 0.07896   0.00164   0.00203
 0.07963   0.00167   0.00207
 0.08030   0.00171   0.00211
 0.08093   0.00174   0.00215
 0.08161   0.00177   0.00219
 0.08229   0.00181   0.00223
 0.08298   0.00184   0.00228
 0.08368   0.00188   0.00232
 0.08437   0.00191   0.00236
 0.08507   0.00195   0.00241
 0.08578   0.00199   0.00245
 0.08649   0.00203   0.00250
 0.08720   0.00206   0.00254
 0.08792   0.00210   0.00259
 0.08864   0.00214   0.00264
 0.08937   0.00218   0.00269
 0.09010   0.00222   0.00274
 0.09085   0.00226   0.00279
 0.09159   0.00230   0.00284
 0.09233   0.00235   0.00289
 0.09308   0.00239   0.00294
 0.09384   0.00243   0.00299
 0.09459   0.00248   0.00304
 0.09536   0.00252   0.00310
 0.09612   0.00256   0.00315
 0.09690   0.00261   0.00321
 0.09767   0.00265   0.00326
 0.09846   0.00270   0.00332
 0.09924   0.00275   0.00338
 0.10004   0.00280   0.00343
 0.10084   0.00285   0.00349
 0.10165   0.00289   0.00355
 0.10245   0.00294   0.00361
 0.10326   0.00299   0.00368
 0.10408   0.00305   0.00374
 0.10490   0.00310   0.00380
 0.10573   0.00315   0.00387
 0.10656   0.00320   0.00393
 0.10740   0.00326   0.00400
 0.10825   0.00331   0.00406
 0.10910   0.00337   0.00413
 0.10995   0.00342   0.00420
 0.11081   0.00348   0.00427
 0.11169   0.00354   0.00434
 0.11256   0.00360   0.00441
 0.11344   0.00366   0.00448
 0.11432   0.00372   0.00456
 0.11521   0.00378   0.00463
 0.11610   0.00384   0.00471
 0.11700   0.00390   0.00478
 0.11791   0.00397   0.00486
 0.11882   0.00403   0.00494
 0.11974   0.00410   0.00502
 0.12066   0.00416   0.00510
 0.12160   0.00423   0.00518
 0.12253   0.00430   0.00527
 0.12348   0.00437   0.00535
 0.12442   0.00444   0.00543
 0.12538   0.00451   0.00552
 0.12634   0.00458   0.00561
 0.12731   0.00465   0.00570
 0.12828   0.00473   0.00579
 0.12926   0.00480   0.00588
 0.13009   0.00486   0.00596
 0.13086   0.00492   0.00603
 0.13185   0.00500   0.00612
 0.13286   0.00508   0.00622
 0.13387   0.00516   0.00632
 0.13489   0.00524   0.00642
 0.13591   0.00532   0.00652
 0.13694   0.00541   0.00662
 0.13798   0.00549   0.00672
 0.13902   0.00558   0.00683
 0.14008   0.00566   0.00693
 0.14115   0.00575   0.00704
 0.14221   0.00584   0.00715
 0.14329   0.00593   0.00726
 0.14437   0.00602   0.00737
 0.14546   0.00612   0.00749
 0.14655   0.00621   0.00760
 0.14766   0.00631   0.00772
 0.14877   0.00640   0.00784
 0.14989   0.00650   0.00796
 0.15101   0.00660   0.00808
 0.15220   0.00671   0.00821
 0.15334   0.00681   0.00833
 0.15449   0.00691   0.00846
 0.15565   0.00702   0.00859
 0.15682   0.00713   0.00872
 0.15799   0.00724   0.00885
 0.15917   0.00735   0.00899
 0.16018   0.00744   0.00910
 0.16118   0.00754   0.00922
 0.16239   0.00765   0.00936
 0.16360   0.00777   0.00950
 0.16482   0.00788   0.00964
 0.16605   0.00800   0.00979
 0.16729   0.00812   0.00994
 0.16853   0.00825   0.01009
 0.16979   0.00837   0.01024
 0.17105   0.00850   0.01039
 0.17244   0.00864   0.01056
 0.17372   0.00877   0.01072
 0.17502   0.00890   0.01088
 0.17632   0.00903   0.01104
 0.17763   0.00917   0.01121
 0.17894   0.00930   0.01138
 0.18001   0.00942   0.01151
 0.18108   0.00953   0.01165
 0.18243   0.00967   0.01182
 0.18378   0.00981   0.01200
 0.18514   0.00996   0.01218
 0.18651   0.01011   0.01236
 0.18789   0.01026   0.01254
 0.18928   0.01041   0.01273
 0.19068   0.01057   0.01292
 0.19198   0.01071   0.01310
 0.19340   0.01087   0.01329
 0.19483   0.01103   0.01349
 0.19627   0.01119   0.01369
 0.19772   0.01136   0.01389
 0.19917   0.01153   0.01409
 0.20049   0.01168   0.01428
 0.20170   0.01182   0.01445
 0.20319   0.01200   0.01466
 0.20469   0.01217   0.01488
 0.20619   0.01235   0.01510
 0.20771   0.01254   0.01532
 0.20924   0.01272   0.01554
 0.21078   0.01291   0.01577
 0.21223   0.01308   0.01599
 0.21379   0.01328   0.01622
 0.21536   0.01347   0.01646
 0.21695   0.01367   0.01670
 0.21854   0.01387   0.01695
 0.21991   0.01404   0.01716
 0.22127   0.01421   0.01737
 0.22301   0.01444   0.01764
 0.22464   0.01465   0.01789
 0.22629   0.01486   0.01816
 0.22795   0.01508   0.01842
 0.22963   0.01530   0.01869
 0.23131   0.01552   0.01896
 0.23302   0.01575   0.01924
 0.23473   0.01598   0.01952
 0.23646   0.01621   0.01980
 0.23819   0.01645   0.02009
 0.23993   0.01669   0.02038
 0.24169   0.01693   0.02067
 0.24350   0.01718   0.02098
 0.24528   0.01743   0.02128
 0.24708   0.01768   0.02159
 0.24889   0.01794   0.02190
 0.25027   0.01813   0.02214
 0.25155   0.01832   0.02237
 0.25339   0.01858   0.02269
 0.25524   0.01885   0.02302
 0.25711   0.01912   0.02335
 0.25899   0.01940   0.02368
 0.26070   0.01965   0.02399
 0.26227   0.01989   0.02427
 0.26418   0.02017   0.02462
 0.26612   0.02046   0.02498
 0.26806   0.02076   0.02533
 0.27002   0.02106   0.02570
 0.27221   0.02139   0.02611
 0.27420   0.02170   0.02648
 0.27620   0.02201   0.02686
 0.27822   0.02233   0.02725
 0.27992   0.02260   0.02757
 0.28161   0.02287   0.02790
 0.28379   0.02321   0.02832
 0.28586   0.02355   0.02872
 0.28795   0.02388   0.02913
 0.29006   0.02423   0.02955
 0.29219   0.02458   0.02997
 0.29433   0.02493   0.03040
 0.29648   0.02528   0.03083
 0.29865   0.02564   0.03127
 0.30021   0.02591   0.03159
 0.30166   0.02615   0.03189
 0.30386   0.02652   0.03234
 0.30608   0.02690   0.03280
 0.30832   0.02729   0.03327
 0.31007   0.02759   0.03363
 0.31181   0.02789   0.03400
 0.31409   0.02829   0.03448
 0.31639   0.02869   0.03497
 0.31870   0.02910   0.03546
 0.32028   0.02938   0.03580
 0.32186   0.02966   0.03615
 0.32421   0.03008   0.03666
 0.32658   0.03051   0.03717
 0.32897   0.03094   0.03770
 0.33138   0.03138   0.03823
 0.33377   0.03182   0.03877
 0.33622   0.03227   0.03931
 0.33867   0.03273   0.03987
 0.34041   0.03305   0.04026
 0.34197   0.03335   0.04061
 0.34447   0.03382   0.04118
 0.34699   0.03430   0.04176
 0.34953   0.03478   0.04235
 0.35209   0.03527   0.04294
 0.35469   0.03577   0.04355
 0.35729   0.03628   0.04416
 0.35991   0.03679   0.04478
 0.36254   0.03731   0.04541
 0.36528   0.03785   0.04606
 0.36795   0.03838   0.04671
 0.36998   0.03879   0.04720
 0.37200   0.03919   0.04769
 0.37479   0.03976   0.04837
 0.37754   0.04032   0.04904
 0.37951   0.04072   0.04953
 0.38148   0.04112   0.05002
 0.38388   0.04162   0.05061
 0.38670   0.04220   0.05132
 0.38954   0.04279   0.05203
 0.39240   0.04339   0.05276
 0.39531   0.04401   0.05350
 0.39822   0.04462   0.05424
 0.39989   0.04498   0.05467
 0.40156   0.04533   0.05510
 0.40464   0.04599   0.05590
 0.40762   0.04664   0.05667
 0.40979   0.04711   0.05724
 0.41196   0.04758   0.05780
 0.41502   0.04825   0.05861
 0.41808   0.04892   0.05942
 0.42005   0.04936   0.05994
 0.42201   0.04979   0.06047
 0.42512   0.05048   0.06130
 0.42826   0.05119   0.06214
 0.43013   0.05161   0.06265
 0.43184   0.05199   0.06311
 0.43502   0.05271   0.06398
 0.43824   0.05344   0.06486
 0.43990   0.05382   0.06532
 0.44156   0.05420   0.06577
 0.44458   0.05490   0.06661
 0.44788   0.05566   0.06752
 0.45043   0.05625   0.06823
 0.45298   0.05685   0.06895
 0.45633   0.05763   0.06989
 0.45972   0.05843   0.07085
 0.46313   0.05924   0.07181
 0.46696   0.06015   0.07290
 0.46939   0.06073   0.07360
 0.47182   0.06131   0.07430
 0.47457   0.06197   0.07509
 0.47810   0.06283   0.07611
 0.47992   0.06327   0.07664
 0.48175   0.06371   0.07717
 0.48532   0.06459   0.07822
 0.48894   0.06547   0.07928
 0.49259   0.06637   0.08035
 0.49631   0.06729   0.08145
 0.50002   0.06822   0.08255
 0.50418   0.06926   0.08380
 0.50796   0.07021   0.08493
 0.51011   0.07075   0.08557
 0.51213   0.07126   0.08618
 0.51597   0.07223   0.08734
 0.51984   0.07322   0.08852
 0.52374   0.07422   0.08971
 0.52792   0.07529   0.09098
 0.53010   0.07585   0.09165
 0.53219   0.07639   0.09229
 0.53620   0.07743   0.09353
 0.53915   0.07820   0.09444
 0.54210   0.07897   0.09535
 0.54512   0.07976   0.09629
 0.54923   0.08084   0.09757
 0.55338   0.08194   0.09887
 0.55808   0.08318   0.10034
 0.56230   0.08430   0.10167
 0.56618   0.08534   0.10290
 0.56884   0.08605   0.10374
 0.57151   0.08677   0.10459
 0.57529   0.08778   0.10579
 0.57967   0.08897   0.10718
 0.58408   0.09016   0.10859
 0.58858   0.09139   0.11004
 0.59308   0.09261   0.11148
 0.59736   0.09378   0.11286
 0.59993   0.09449   0.11369
 0.60251   0.09520   0.11452
 0.60717   0.09648   0.11603
 0.61057   0.09742   0.11714
 0.61397   0.09836   0.11824
 0.61869   0.09967   0.11978
 0.62345   0.10100   0.12133
 0.62779   0.10221   0.12275
 0.62979   0.10277   0.12340
 0.63179   0.10333   0.12406
 0.63469   0.10415   0.12501
 0.63960   0.10553   0.12662
 0.64455   0.10692   0.12824
 0.64800   0.10790   0.12938
 0.64985   0.10842   0.12999
 0.65169   0.10894   0.13059
 0.65460   0.10976   0.13155
 0.65968   0.11121   0.13323
 0.66483   0.11267   0.13493
 0.66988   0.11411   0.13660
 0.67494   0.11556   0.13827
 0.67820   0.11649   0.13935
 0.68145   0.11742   0.14042
 0.68449   0.11829   0.14143
 0.68987   0.11984   0.14321
 0.69530   0.12140   0.14501
 0.69894   0.12244   0.14621
 0.70258   0.12349   0.14742
 0.70601   0.12448   0.14856
 0.70958   0.12551   0.14974
 0.71316   0.12655   0.15092
 0.71734   0.12775   0.15231
 0.71954   0.12839   0.15303
 0.72174   0.12903   0.15376
 0.72443   0.12981   0.15465
 0.72860   0.13101   0.15603
 0.73276   0.13222   0.15740
 0.73680   0.13339   0.15873
 0.73987   0.13428   0.15974
 0.74294   0.13517   0.16075
 0.74767   0.13654   0.16231
 0.75368   0.13828   0.16428
 0.75797   0.13953   0.16569
 0.76225   0.14077   0.16709
 0.76652   0.14201   0.16849
 0.76953   0.14288   0.16947
 0.77254   0.14376   0.17045
 0.77602   0.14476   0.17158
 0.77931   0.14572   0.17265
 0.78260   0.14667   0.17372
 0.78605   0.14767   0.17483
 0.78901   0.14853   0.17579
 0.79196   0.14938   0.17674
 0.79519   0.15031   0.17778
 0.79911   0.15145   0.17904
 0.80303   0.15258   0.18030
 0.80682   0.15367   0.18151
 0.80954   0.15446   0.18238
 0.81225   0.15524   0.18325
 0.81546   0.15616   0.18427
 0.81964   0.15737   0.18559
 0.82383   0.15857   0.18692
 0.82874   0.15998   0.18846
 0.83260   0.16109   0.18968
 0.83634   0.16216   0.19085
 0.83976   0.16314   0.19192
 0.84317   0.16411   0.19298
 0.84761   0.16538   0.19436
 0.85339   0.16702   0.19614
 0.85916   0.16866   0.19791
 0.86642   0.17072   0.20013
 0.87000   0.17172   0.20121
 0.87357   0.17273   0.20229
 0.87934   0.17435   0.20403
 0.88511   0.17597   0.20575
 0.88894   0.17704   0.20688
 0.89276   0.17811   0.20801
 0.89634   0.17910   0.20907
 0.89924   0.17991   0.20992
 0.90214   0.18071   0.21076
 0.90521   0.18156   0.21165
 0.90947   0.18274   0.21289
 0.91374   0.18391   0.21411
 0.91827   0.18515   0.21541
 0.92309   0.18647   0.21678
 0.92777   0.18775   0.21810
 0.93362   0.18933   0.21973
 0.93947   0.19091   0.22135
 0.94779   0.19315   0.22363
 0.95313   0.19457   0.22508
 0.95848   0.19599   0.22651
 0.96284   0.19715   0.22767
 0.96710   0.19827   0.22879
 0.97350   0.19994   0.23046
 0.97958   0.20153   0.23202
 0.98850   0.20383   0.23429
 0.99290   0.20496   0.23539
 0.99709   0.20603   0.23643
 1.00343   0.20764   0.23798
 1.00936   0.20913   0.23941
 1.01877   0.21148   0.24164
 1.02267   0.21245   0.24255
 1.02636   0.21336   0.24340
 1.02986   0.21422   0.24421
 1.03336   0.21507   0.24500
 1.03840   0.21629   0.24613
 1.04296   0.21740   0.24714
 1.04737   0.21845   0.24810
 1.05405   0.22004   0.24953
 1.05763   0.22089   0.25029
 1.06006   0.22146   0.25080
 1.06250   0.22203   0.25130
 1.06786   0.22328   0.25241
 1.07323   0.22451   0.25349
 1.07935   0.22591   0.25470
 1.08702   0.22765   0.25618
 1.09410   0.22923   0.25751
 1.09812   0.23012   0.25825
 1.10213   0.23100   0.25898
 1.10653   0.23196   0.25976
 1.10962   0.23263   0.26030
 1.11271   0.23330   0.26084
 1.11644   0.23409   0.26148
 1.11910   0.23466   0.26193
 1.12176   0.23522   0.26237
 1.12483   0.23587   0.26287
 1.13104   0.23716   0.26387
 1.13725   0.23844   0.26484
 1.14346   0.23970   0.26578
 1.14966   0.24095   0.26669
 1.15804   0.24261   0.26787
 1.16293   0.24356   0.26853
 1.16782   0.24450   0.26918
 1.17355   0.24559   0.26991
 1.17918   0.24664   0.27060
 1.18548   0.24781   0.27134
 1.18908   0.24847   0.27175
 1.19268   0.24912   0.27215
 1.19621   0.24975   0.27253
 1.19959   0.25035   0.27289
 1.20298   0.25095   0.27323
 1.20693   0.25164   0.27362
 1.20941   0.25206   0.27386
 1.21188   0.25249   0.27409
 1.21474   0.25298   0.27436
 1.21822   0.25356   0.27467
 1.22170   0.25414   0.27497
 1.22526   0.25473   0.27526
 1.22952   0.25543   0.27560
 1.23377   0.25612   0.27593
 1.23837   0.25685   0.27626
 1.24275   0.25754   0.27656
 1.24713   0.25821   0.27684
 1.25413   0.25928   0.27725
 1.25898   0.26000   0.27751
 1.26384   0.26071   0.27775
 1.26824   0.26135   0.27795
 1.27281   0.26200   0.27814
 1.27739   0.26263   0.27831
 1.28332   0.26345   0.27850
 1.28925   0.26424   0.27866
 1.29541   0.26504   0.27879
 1.29931   0.26554   0.27885
 1.30320   0.26603   0.27890
 1.30718   0.26652   0.27893
 1.31441   0.26740   0.27896
 1.31932   0.26797   0.27895
 1.32423   0.26854   0.27892
 1.32904   0.26908   0.27886
 1.33393   0.26961   0.27878
 1.33840   0.27009   0.27869
 1.34285   0.27056   0.27858
 1.34728   0.27101   0.27845
 1.35425   0.27170   0.27821
 1.35819   0.27208   0.27805
 1.36213   0.27245   0.27788
 1.36672   0.27287   0.27766
 1.37407   0.27352   0.27726
 1.37893   0.27393   0.27697
 1.38328   0.27428   0.27669
 1.38726   0.27460   0.27642
 1.39346   0.27508   0.27596
 1.39967   0.27554   0.27547
 1.40685   0.27604   0.27485
 1.41403   0.27651   0.27418
 1.41840   0.27678   0.27374
 1.42277   0.27704   0.27329
 1.42724   0.27730   0.27281
 1.43323   0.27762   0.27213
 1.43906   0.27792   0.27143
 1.44426   0.27817   0.27079
 1.44895   0.27838   0.27018
 1.45340   0.27856   0.26958
 1.45745   0.27873   0.26902
 1.46330   0.27894   0.26818
 1.46915   0.27914   0.26731
 1.47452   0.27930   0.26647
 1.47942   0.27944   0.26569
 1.48635   0.27960   0.26454
 1.48959   0.27967   0.26398
 1.49283   0.27973   0.26342
 1.49663   0.27980   0.26274
 1.49985   0.27984   0.26216
 1.50308   0.27989   0.26156
 1.50771   0.27994   0.26069
 1.51317   0.27998   0.25963
 1.51864   0.28001   0.25854
 1.52253   0.28001   0.25774
 1.52643   0.28001   0.25693
 1.52911   0.28001   0.25637
 1.53180   0.28000   0.25579
 1.53481   0.27998   0.25514
 1.53883   0.27995   0.25425
 1.54286   0.27991   0.25335
 1.54650   0.27987   0.25252
 1.54949   0.27983   0.25183
 1.55247   0.27978   0.25113
 1.55586   0.27972   0.25033
 1.55989   0.27965   0.24935
 1.56391   0.27956   0.24837
 1.56971   0.27942   0.24692
 1.57665   0.27922   0.24514
 1.57969   0.27912   0.24434
 1.58273   0.27902   0.24354
 1.58653   0.27889   0.24253
 1.58949   0.27878   0.24172
 1.59245   0.27867   0.24091
 1.59581   0.27853   0.23999
 1.59980   0.27836   0.23887
 1.60379   0.27818   0.23773
 1.60893   0.27794   0.23625
 1.61320   0.27773   0.23500
 1.61708   0.27752   0.23384
 1.62372   0.27716   0.23184
 1.62779   0.27692   0.23059
 1.63040   0.27676   0.22978
 1.63300   0.27660   0.22896
 1.63841   0.27626   0.22725
 1.64271   0.27597   0.22587
 1.64702   0.27567   0.22447
 1.65360   0.27520   0.22229
 1.66000   0.27471   0.22014
 1.66703   0.27415   0.21773
 1.67405   0.27357   0.21528
 1.67839   0.27319   0.21374
 1.68273   0.27281   0.21218
 1.68719   0.27240   0.21057
 1.69336   0.27182   0.20830
 1.69938   0.27123   0.20606
 1.70628   0.27054   0.20345
 1.70966   0.27018   0.20215
 1.71304   0.26983   0.20085
 1.71705   0.26940   0.19929
 1.72406   0.26862   0.19653
 1.72874   0.26809   0.19466
 1.73273   0.26763   0.19305
 1.73639   0.26720   0.19157
 1.73923   0.26686   0.19040
 1.74208   0.26651   0.18923
 1.74503   0.26615   0.18801
 1.74920   0.26563   0.18627
 1.75336   0.26510   0.18452
 1.75733   0.26459   0.18284
 1.76339   0.26380   0.18025
 1.76945   0.26298   0.17763
 1.77636   0.26203   0.17460
 1.77953   0.26159   0.17320
 1.78271   0.26114   0.17179
 1.78626   0.26063   0.17020
 1.79001   0.26008   0.16851
 1.79376   0.25953   0.16681
 1.79782   0.25892   0.16496
 1.80036   0.25854   0.16379
 1.80266   0.25819   0.16274
 1.80742   0.25746   0.16053
 1.81048   0.25698   0.15910
 1.81354   0.25650   0.15767
 1.82895   0.25401   0.15034
 1.83284   0.25337   0.14847
 1.83637   0.25277   0.14676
 1.83931   0.25227   0.14532
 1.84226   0.25177   0.14388
 1.84532   0.25124   0.14237
 1.84908   0.25059   0.14051
 1.85284   0.24993   0.13865
 1.85635   0.24931   0.13690
 1.85957   0.24873   0.13528
 1.86280   0.24815   0.13365
 1.86641   0.24749   0.13182
 1.86914   0.24699   0.13044
 1.87186   0.24649   0.12905
 1.87472   0.24596   0.12759
 1.87916   0.24513   0.12531
 1.88359   0.24429   0.12301
 1.88766   0.24351   0.12090
 1.89299   0.24248   0.11811
 1.89832   0.24144   0.11530
 1.90261   0.24059   0.11304
 1.90690   0.23974   0.11076
 1.90993   0.23913   0.10914
 1.91295   0.23851   0.10752
 1.91779   0.23753   0.10492
 1.92281   0.23649   0.10220
 1.92784   0.23545   0.09946
 1.93276   0.23441   0.09677
 1.93768   0.23337   0.09407
 1.94293   0.23225   0.09118
 1.94817   0.23111   0.08827
 1.95282   0.23010   0.08568
 1.95747   0.22908   0.08307
 1.96284   0.22789   0.08005
 1.96776   0.22678   0.07727
 1.97282   0.22564   0.07440
 1.97787   0.22449   0.07152
 1.98270   0.22338   0.06876
 1.98754   0.22226   0.06598
 1.99279   0.22104   0.06295
 1.99767   0.21989   0.06013
 1.99967   0.21942   0.05896
 2.00168   0.21895   0.05780
 2.00422   0.21834   0.05632
 2.00691   0.21770   0.05475
 2.00960   0.21706   0.05318
 2.01114   0.21668   0.05228
 2.01255   0.21635   0.05145
 2.02665   0.21291   0.04315
 2.04190   0.20913   0.03409
 2.05711   0.20528   0.02497
 2.07225   0.20137   0.01583
 2.08733   0.19742   0.00666
 2.10234   0.19342  -0.00252
 2.10723   0.19211  -0.00552
 2.10950   0.19149  -0.00692
 2.11073   0.19116  -0.00768
 2.11196   0.19083  -0.00843
 2.12422   0.18748  -0.01599
 2.13904   0.18339  -0.02516
 2.15379   0.17927  -0.03431
 2.16845   0.17512  -0.04342
 2.18300   0.17096  -0.05248
 2.19745   0.16679  -0.06148
 2.20076   0.16583  -0.06354
 2.20407   0.16487  -0.06560
 2.20680   0.16407  -0.06730
 2.20953   0.16327  -0.06901
 2.21067   0.16294  -0.06971
 2.21181   0.16261  -0.07042
 2.22319   0.15927  -0.07750
 2.23730   0.15509  -0.08627
 2.25130   0.15092  -0.09496
 2.26517   0.14676  -0.10354
 2.27890   0.14262  -0.11199
 2.29248   0.13851  -0.12032
 2.30590   0.13442  -0.12851
 2.30983   0.13322  -0.13091
 2.31089   0.13289  -0.13155
 2.31186   0.13260  -0.13214
 2.32151   0.12964  -0.13798
 2.33452   0.12565  -0.14583
 2.34741   0.12168  -0.15354
 2.36011   0.11776  -0.16108
 2.37260   0.11390  -0.16844
 2.38489   0.11010  -0.17561
 2.39694   0.10636  -0.18259
 2.40877   0.10270  -0.18937
 2.40959   0.10244  -0.18984
 2.40997   0.10232  -0.19006
 2.41036   0.10220  -0.19028
 2.41090   0.10203  -0.19059
 2.41634   0.10035  -0.19368
 2.42760   0.09686  -0.20003
 2.43872   0.09341  -0.20623
 2.44953   0.09006  -0.21220
 2.46001   0.08682  -0.21792
 2.47010   0.08370  -0.22337
 2.47977   0.08071  -0.22853
 2.48894   0.07788  -0.23337
 2.49750   0.07525  -0.23784
 2.50400   0.07325  -0.24120
 2.50530   0.07285  -0.24187
 2.50660   0.07245  -0.24254
 2.50787   0.07206  -0.24319
 2.50914   0.07167  -0.24384
 2.50989   0.07144  -0.24422
 2.51017   0.07136  -0.24436
 2.51043   0.07128  -0.24450
 2.51307   0.07047  -0.24584
 2.52028   0.06826  -0.24949
 2.52831   0.06581  -0.25351
 2.53699   0.06317  -0.25780
 2.54619   0.06037  -0.26229
 2.55584   0.05744  -0.26693
 2.56589   0.05441  -0.27168
 2.57630   0.05127  -0.27652
 2.58704   0.04806  -0.28141
 2.59807   0.04477  -0.28634
 2.60938   0.04141  -0.29129
 2.60984   0.04128  -0.29148
 2.61030   0.04114  -0.29168
 2.61083   0.04098  -0.29191
 2.61613   0.03942  -0.29419
 2.62785   0.03597  -0.29912
 2.63981   0.03248  -0.30403
 2.65198   0.02894  -0.30889
 2.66437   0.02537  -0.31369
 2.67697   0.02176  -0.31842
 2.68975   0.01813  -0.32307
 2.70273   0.01448  -0.32761
 2.70636   0.01346  -0.32886
 2.71000   0.01245  -0.33008
 2.72327   0.00877  -0.33446
 2.73623   0.00521  -0.33855
 2.74981   0.00152  -0.34265
 2.76355  -0.00218  -0.34659
 2.77741  -0.00586  -0.35035
 2.79135  -0.00952  -0.35393
 2.80518  -0.01311  -0.35726
 2.80837  -0.01393  -0.35800
 2.80948  -0.01421  -0.35825
 2.80984  -0.01430  -0.35833
 2.81019  -0.01439  -0.35841
 2.81054  -0.01448  -0.35849
 2.81396  -0.01536  -0.35926
 2.82679  -0.01861  -0.36203
 2.84070  -0.02210  -0.36481
 2.85503  -0.02563  -0.36744
 2.86961  -0.02917  -0.36987
 2.88438  -0.03271  -0.37207
 2.89931  -0.03621  -0.37403
 2.90296  -0.03706  -0.37447
 2.90661  -0.03791  -0.37489
 2.90838  -0.03831  -0.37509
 2.90929  -0.03852  -0.37519
 2.90992  -0.03867  -0.37526
 2.91056  -0.03882  -0.37533
 2.91134  -0.03899  -0.37542
 2.91911  -0.04077  -0.37622
 2.93437  -0.04420  -0.37758
 2.94972  -0.04759  -0.37866
 2.96518  -0.05094  -0.37945
 2.98073  -0.05423  -0.37995
 2.99637  -0.05747  -0.38016
 3.00040  -0.05829  -0.38016
 3.00443  -0.05911  -0.38014
 3.00706  -0.05964  -0.38012
 3.00970  -0.06017  -0.38009
 3.01109  -0.06045  -0.38007
 3.01235  -0.06070  -0.38005
 3.02498  -0.06320  -0.37974
 3.04078  -0.06626  -0.37908
 3.05661  -0.06925  -0.37810
 3.07247  -0.07216  -0.37682
 3.08833  -0.07500  -0.37522
 3.10419  -0.07776  -0.37331
 3.10659  -0.07817  -0.37300
 3.10899  -0.07858  -0.37267
 3.11135  -0.07898  -0.37235
 3.11370  -0.07937  -0.37202
 3.12945  -0.08199  -0.36964
 3.14521  -0.08452  -0.36695
 3.16091  -0.08697  -0.36398
 3.17654  -0.08933  -0.36072
 3.19209  -0.09161  -0.35720
 3.20756  -0.09379  -0.35341
 3.20932  -0.09403  -0.35296
 3.21107  -0.09428  -0.35251
 3.21317  -0.09457  -0.35197
 3.22839  -0.09661  -0.34787
 3.24360  -0.09859  -0.34351
 3.25870  -0.10048  -0.33892
 3.27368  -0.10228  -0.33412
 3.28853  -0.10400  -0.32911
 3.30326  -0.10564  -0.32391
 3.30662  -0.10600  -0.32269
 3.30998  -0.10636  -0.32145
 3.32440  -0.10787  -0.31603
 3.33856  -0.10929  -0.31050
 3.35280  -0.11066  -0.30472
 3.36690  -0.11196  -0.29881
 3.38084  -0.11318  -0.29276
 3.39463  -0.11433  -0.28659
 3.40827  -0.11541  -0.28032
 3.41226  -0.11572  -0.27845
 3.41625  -0.11602  -0.27657
 3.42949  -0.11700  -0.27021
 3.44269  -0.11791  -0.26372
 3.45571  -0.11877  -0.25717
 3.46855  -0.11957  -0.25057
 3.48119  -0.12031  -0.24393
 3.49364  -0.12100  -0.23727
 3.50588  -0.12164  -0.23060
 3.50949  -0.12182  -0.22862
 3.51310  -0.12200  -0.22662
 3.51667  -0.12217  -0.22463
 3.52831  -0.12270  -0.21809
 3.53987  -0.12320  -0.21149
 3.55118  -0.12365  -0.20495
 3.56220  -0.12406  -0.19849
 3.57291  -0.12443  -0.19214
 3.58327  -0.12476  -0.18592
 3.59325  -0.12505  -0.17987
 3.60278  -0.12531  -0.17403
 3.60739  -0.12543  -0.17119
 3.60962  -0.12548  -0.16981
 3.61184  -0.12553  -0.16843
 3.61460  -0.12560  -0.16672
 3.62200  -0.12576  -0.16210
 3.62899  -0.12590  -0.15771
 3.63567  -0.12603  -0.15349
 3.64336  -0.12616  -0.14860
 3.65179  -0.12629  -0.14321
 3.66082  -0.12641  -0.13740
 3.67035  -0.12652  -0.13122
 3.68032  -0.12661  -0.12471
 3.69069  -0.12669  -0.11790
 3.70141  -0.12674  -0.11081
 3.70687  -0.12676  -0.10718
 3.71003  -0.12676  -0.10508
 3.71319  -0.12677  -0.10297
 3.72459  -0.12677  -0.09534
 3.73626  -0.12674  -0.08748
 3.74820  -0.12669  -0.07939
 3.76040  -0.12661  -0.07109
 3.77284  -0.12649  -0.06258
 3.78551  -0.12635  -0.05388
 3.79841  -0.12617  -0.04498
 3.80385  -0.12608  -0.04123
 3.80928  -0.12599  -0.03747
 3.81575  -0.12588  -0.03298
 3.82163  -0.12577  -0.02890
 3.83514  -0.12550  -0.01951
 3.84881  -0.12520  -0.00999
 3.86266  -0.12486  -0.00033
 3.87668  -0.12448   0.00946
 3.89087  -0.12407   0.01936
 3.90520  -0.12363   0.02937
 3.90991  -0.12348   0.03265
 3.91462  -0.12333   0.03594
 3.92118  -0.12311   0.04051
 3.93582  -0.12259   0.05070
 3.95056  -0.12205   0.06093
 3.96539  -0.12147   0.07119
 3.98029  -0.12087   0.08147
 3.99525  -0.12023   0.09174
 4.00282  -0.11990   0.09692
 4.00681  -0.11973   0.09964
 4.00938  -0.11961   0.10139
 4.01195  -0.11950   0.10314
 4.01452  -0.11938   0.10490
 4.02947  -0.11869   0.11503
 4.04445  -0.11798   0.12511
 4.05937  -0.11725   0.13509
 4.07419  -0.11651   0.14491
 4.08887  -0.11575   0.15456
 4.10333  -0.11499   0.16397
 4.10720  -0.11478   0.16647
 4.10969  -0.11465   0.16808
 4.11217  -0.11452   0.16968
 4.11488  -0.11437   0.17142
 4.12800  -0.11365   0.17981
 4.13964  -0.11301   0.18719
 4.15128  -0.11235   0.19449
 4.16187  -0.11175   0.20107
 4.17415  -0.11104   0.20863
 4.18742  -0.11027   0.21669
 4.20124  -0.10945   0.22499
 4.20678  -0.10913   0.22827
 4.20936  -0.10897   0.22980
 4.21164  -0.10883   0.23115
 4.21370  -0.10871   0.23236
 4.22784  -0.10786   0.24061
 4.24209  -0.10699   0.24878
 4.25631  -0.10612   0.25681
 4.27047  -0.10524   0.26465
 4.28454  -0.10437   0.27230
 4.29850  -0.10349   0.27975
 4.30584  -0.10303   0.28360
 4.30952  -0.10280   0.28552
 4.31147  -0.10267   0.28654
 4.31326  -0.10256   0.28746
 4.32684  -0.10170   0.29440
 4.34041  -0.10084   0.30119
 4.35384  -0.09998   0.30776
 4.36712  -0.09913   0.31411
 4.38025  -0.09829   0.32024
 4.39321  -0.09746   0.32614
 4.40599  -0.09664   0.33182
 4.40845  -0.09648   0.33289
 4.40974  -0.09640   0.33345
 4.41103  -0.09632   0.33401
 4.41235  -0.09623   0.33458
 4.42468  -0.09544   0.33985
 4.43700  -0.09465   0.34497
 4.44912  -0.09388   0.34987
 4.46103  -0.09312   0.35454
 4.47270  -0.09237   0.35900
 4.48413  -0.09165   0.36323
 4.49529  -0.09094   0.36724
 4.50617  -0.09025   0.37103
 4.50783  -0.09014   0.37160
 4.50949  -0.09004   0.37216
 4.51064  -0.08997   0.37256
 4.51180  -0.08989   0.37295
 4.52183  -0.08926   0.37628
 4.53183  -0.08863   0.37950
 4.54140  -0.08803   0.38250
 4.55047  -0.08747   0.38524
 4.55804  -0.08700   0.38747
 4.56434  -0.08660   0.38928
 4.57063  -0.08622   0.39105
 4.57756  -0.08579   0.39295
 4.58540  -0.08531   0.39504
 4.59395  -0.08478   0.39724
 4.60307  -0.08423   0.39950
 4.60577  -0.08406   0.40016
 4.60847  -0.08390   0.40080
 4.60985  -0.08382   0.40113
 4.61107  -0.08374   0.40142
 4.61218  -0.08367   0.40168
 4.62219  -0.08307   0.40397
 4.63258  -0.08245   0.40623
 4.64333  -0.08181   0.40845
 4.65440  -0.08115   0.41061
 4.66577  -0.08048   0.41269
 4.67743  -0.07980   0.41467
 4.68935  -0.07911   0.41655
 4.70153  -0.07841   0.41831
 4.70561  -0.07818   0.41887
 4.70969  -0.07794   0.41940
 4.71162  -0.07783   0.41965
 4.71337  -0.07774   0.41987
 4.72604  -0.07702   0.42137
 4.73891  -0.07630   0.42271
 4.75198  -0.07558   0.42389
 4.76527  -0.07485   0.42490
 4.77876  -0.07413   0.42573
 4.79244  -0.07340   0.42637
 4.80632  -0.07266   0.42680
 4.80934  -0.07251   0.42687
 4.81135  -0.07240   0.42691
 4.81321  -0.07230   0.42694
 4.82739  -0.07157   0.42707
 4.84170  -0.07084   0.42697
 4.85618  -0.07012   0.42665
 4.87082  -0.06939   0.42610
 4.88562  -0.06867   0.42531
 4.90057  -0.06796   0.42428
 4.90637  -0.06768   0.42381
 4.90963  -0.06753   0.42353
 4.91289  -0.06737   0.42324
 4.91599  -0.06723   0.42296
 4.93125  -0.06652   0.42141
 4.94660  -0.06583   0.41961
 4.96206  -0.06514   0.41755
 4.97764  -0.06445   0.41522
 4.99332  -0.06378   0.41263
 5.00909  -0.06312   0.40977
 5.01171  -0.06301   0.40928
 5.01433  -0.06290   0.40877
 5.03022  -0.06225   0.40556
 5.04616  -0.06161   0.40209
 5.06216  -0.06098   0.39836
 5.07820  -0.06037   0.39437
 5.09429  -0.05977   0.39013
 5.10150  -0.05950   0.38815
 5.10870  -0.05924   0.38613
 5.11222  -0.05911   0.38512
 5.11572  -0.05899   0.38411
 5.13183  -0.05842   0.37930
 5.14795  -0.05786   0.37426
 5.16408  -0.05731   0.36899
 5.18018  -0.05678   0.36351
 5.19626  -0.05627   0.35781
 5.20290  -0.05606   0.35539
 5.20954  -0.05585   0.35294
 5.21591  -0.05566   0.35055
 5.22176  -0.05548   0.34833
 5.23769  -0.05500   0.34214
 5.25361  -0.05453   0.33576
 5.26947  -0.05408   0.32921
 5.28527  -0.05365   0.32250
 5.30100  -0.05322   0.31563
 5.30844  -0.05303   0.31232
 5.31255  -0.05292   0.31048
 5.31665  -0.05281   0.30863
 5.33213  -0.05242   0.30153
 5.34761  -0.05203   0.29427
 5.36298  -0.05166   0.28691
 5.37826  -0.05130   0.27944
 5.39343  -0.05096   0.27188
 5.40849  -0.05062   0.26424
 5.41251  -0.05053   0.26219
 5.41652  -0.05045   0.26012
 5.43129  -0.05013   0.25244
 5.44603  -0.04983   0.24464
 5.46064  -0.04953   0.23681
 5.47511  -0.04925   0.22895
 5.48942  -0.04898   0.22107
 5.50357  -0.04872   0.21318
 5.50868  -0.04862   0.21031
 5.51241  -0.04855   0.20821
 5.51615  -0.04849   0.20610
 5.52980  -0.04825   0.19832
 5.54341  -0.04801   0.19050
 5.55681  -0.04779   0.18273
 5.56998  -0.04757   0.17502
 5.58290  -0.04737   0.16740
 5.59554  -0.04717   0.15988
 5.60787  -0.04698   0.15250
 5.61319  -0.04690   0.14931
 5.61851  -0.04682   0.14610
 5.62991  -0.04666   0.13920
 5.64110  -0.04650   0.13239
 5.65176  -0.04635   0.12587
 5.66176  -0.04621   0.11973
 5.66944  -0.04611   0.11500
 5.67712  -0.04601   0.11025
 5.68514  -0.04590   0.10528
 5.69428  -0.04578   0.09960
 5.70428  -0.04566   0.09337
 5.70797  -0.04561   0.09107
 5.71166  -0.04557   0.08876
 5.71504  -0.04552   0.08665
 5.72637  -0.04539   0.07954
 5.73822  -0.04524   0.07209
 5.75057  -0.04510   0.06430
 5.76337  -0.04495   0.05621
 5.77661  -0.04480   0.04783
 5.79026  -0.04465   0.03917
 5.80430  -0.04450   0.03024
 5.80779  -0.04446   0.02803
 5.80978  -0.04444   0.02676
 5.81177  -0.04442   0.02549
 5.81464  -0.04439   0.02366
 5.82942  -0.04424   0.01426
 5.84448  -0.04409   0.00466
 5.85991  -0.04393  -0.00517
 5.87569  -0.04378  -0.01521
 5.89182  -0.04362  -0.02548
 5.90829  -0.04347  -0.03594
 5.91267  -0.04343  -0.03872
 5.91704  -0.04339  -0.04149
 5.93414  -0.04323  -0.05232
 5.95146  -0.04308  -0.06326
 5.96910  -0.04293  -0.07436
 5.98705  -0.04277  -0.08561
 6.00529  -0.04261  -0.09699
 6.00887  -0.04258  -0.09921
 6.01244  -0.04255  -0.10143
 6.01581  -0.04253  -0.10352
 6.03455  -0.04237  -0.11511
 6.05343  -0.04221  -0.12671
 6.07250  -0.04206  -0.13834
 6.09170  -0.04190  -0.14996
 6.09910  -0.04184  -0.15441
 6.10650  -0.04178  -0.15885
 6.10969  -0.04175  -0.16075
 6.11287  -0.04173  -0.16266
 6.11660  -0.04170  -0.16488
 6.13589  -0.04154  -0.17631
 6.15524  -0.04138  -0.18766
 6.17453  -0.04123  -0.19886
 6.19375  -0.04107  -0.20989
 6.20145  -0.04101  -0.21427
 6.20914  -0.04095  -0.21863
 6.21246  -0.04092  -0.22050
 6.21548  -0.04089  -0.22220
 6.23427  -0.04074  -0.23269
 6.25307  -0.04058  -0.24306
 6.27171  -0.04043  -0.25320
 6.29018  -0.04027  -0.26310
 6.30846  -0.04012  -0.27276
 6.31261  -0.04008  -0.27493
 6.31641  -0.04005  -0.27691
 6.33421  -0.03990  -0.28610
 6.35201  -0.03974  -0.29515
 6.36960  -0.03959  -0.30395
 6.38697  -0.03943  -0.31249
 6.40412  -0.03928  -0.32077
 6.40756  -0.03925  -0.32242
 6.40978  -0.03923  -0.32348
 6.41200  -0.03921  -0.32454
 6.41453  -0.03918  -0.32574
 6.43104  -0.03903  -0.33349
 6.44753  -0.03888  -0.34109
 6.46375  -0.03872  -0.34843
 6.47968  -0.03857  -0.35551
 6.49531  -0.03842  -0.36232
 6.50045  -0.03837  -0.36454
 6.50560  -0.03832  -0.36674
 6.50808  -0.03829  -0.36779
 6.50960  -0.03828  -0.36844
 6.51113  -0.03826  -0.36909
 6.51259  -0.03825  -0.36970
 6.52706  -0.03810  -0.37576
 6.54152  -0.03796  -0.38169
 6.55553  -0.03781  -0.38733
 6.56903  -0.03767  -0.39266
 6.58193  -0.03754  -0.39766
 6.59412  -0.03741  -0.40230
 6.60417  -0.03730  -0.40606
 6.60651  -0.03728  -0.40692
 6.60885  -0.03725  -0.40779
 6.60990  -0.03724  -0.40817
 6.61015  -0.03724  -0.40827
 6.61040  -0.03724  -0.40836
 6.61287  -0.03721  -0.40927
 6.62067  -0.03712  -0.41211
 6.63028  -0.03702  -0.41556
 6.64110  -0.03690  -0.41938
 6.65283  -0.03677  -0.42344
 6.66532  -0.03663  -0.42769
 6.67846  -0.03648  -0.43205
 6.69215  -0.03632  -0.43650
 6.70636  -0.03616  -0.44099
 6.70929  -0.03613  -0.44190
 6.71115  -0.03610  -0.44248
 6.71302  -0.03608  -0.44306
 6.72786  -0.03591  -0.44757
 6.74310  -0.03573  -0.45207
 6.75870  -0.03554  -0.45653
 6.77463  -0.03534  -0.46094
 6.79086  -0.03514  -0.46528
 6.80736  -0.03494  -0.46954
 6.80973  -0.03491  -0.47014
 6.81211  -0.03488  -0.47073
 6.81474  -0.03485  -0.47139
 6.83157  -0.03463  -0.47549
 6.84863  -0.03441  -0.47948
 6.86587  -0.03419  -0.48334
 6.88327  -0.03396  -0.48706
 6.90082  -0.03373  -0.49064
 6.90917  -0.03362  -0.49227
 6.91241  -0.03357  -0.49290
 6.91537  -0.03353  -0.49346
 6.93305  -0.03329  -0.49674
 6.95087  -0.03305  -0.49986
 6.96874  -0.03280  -0.50280
 6.98666  -0.03255  -0.50558
 7.00459  -0.03230  -0.50817
 7.00961  -0.03223  -0.50887
 7.01463  -0.03216  -0.50955
 7.01991  -0.03208  -0.51025
 7.03777  -0.03183  -0.51250
 7.05569  -0.03157  -0.51459
 7.07357  -0.03131  -0.51650
 7.09141  -0.03105  -0.51823
 7.10920  -0.03078  -0.51979
 7.11600  -0.03068  -0.52034
 7.12222  -0.03059  -0.52082
 7.13979  -0.03033  -0.52208
 7.15738  -0.03006  -0.52317
 7.17487  -0.02980  -0.52411
 7.19227  -0.02953  -0.52488
 7.20956  -0.02927  -0.52551
 7.22438  -0.02904  -0.52592
 7.23794  -0.02883  -0.52621
 7.25486  -0.02857  -0.52644
 7.27168  -0.02831  -0.52654
 7.28835  -0.02805  -0.52650
 7.30486  -0.02779  -0.52634
 7.30872  -0.02773  -0.52629
 7.31258  -0.02767  -0.52623
 7.31700  -0.02760  -0.52615
 7.33304  -0.02735  -0.52579
 7.34906  -0.02709  -0.52531
 7.36487  -0.02684  -0.52473
 7.38047  -0.02660  -0.52406
 7.39583  -0.02635  -0.52330
 7.40399  -0.02622  -0.52285
 7.40975  -0.02613  -0.52252
 7.41550  -0.02604  -0.52218
 7.42379  -0.02591  -0.52166
 7.43822  -0.02568  -0.52069
 7.45247  -0.02545  -0.51965
 7.46639  -0.02523  -0.51856
 7.47992  -0.02501  -0.51743
 7.49302  -0.02480  -0.51627
 7.50565  -0.02460  -0.51509
 7.51568  -0.02444  -0.51412
 7.52571  -0.02428  -0.51310
 7.53650  -0.02411  -0.51197
 7.54509  -0.02397  -0.51105
 7.55367  -0.02383  -0.51009
 7.56191  -0.02370  -0.50916
 7.57139  -0.02355  -0.50805
 7.58177  -0.02338  -0.50680
 7.59286  -0.02321  -0.50543
 7.60454  -0.02302  -0.50395
 7.61672  -0.02283  -0.50235
 7.62848  -0.02264  -0.50077
 7.64144  -0.02243  -0.49898
 7.65474  -0.02222  -0.49708
 7.66834  -0.02201  -0.49510
 7.68221  -0.02179  -0.49301
 7.69631  -0.02156  -0.49084
 7.70511  -0.02143  -0.48946
 7.71102  -0.02133  -0.48852
 7.71692  -0.02124  -0.48757
 7.73144  -0.02101  -0.48520
 7.74615  -0.02078  -0.48275
 7.76100  -0.02055  -0.48021
 7.77597  -0.02032  -0.47761
 7.79104  -0.02009  -0.47493
 7.80620  -0.01985  -0.47219
 7.81555  -0.01971  -0.47047
 7.82489  -0.01956  -0.46874
 7.84016  -0.01933  -0.46586
 7.85552  -0.01910  -0.46292
 7.87092  -0.01886  -0.45993
 7.88635  -0.01863  -0.45688
 7.90181  -0.01840  -0.45379
 7.90849  -0.01830  -0.45244
 7.91516  -0.01820  -0.45108
 7.92152  -0.01810  -0.44978
 7.93695  -0.01787  -0.44660
 7.95245  -0.01764  -0.44337
 7.96795  -0.01742  -0.44010
 7.98345  -0.01719  -0.43680
 7.99894  -0.01696  -0.43346
 8.00708  -0.01685  -0.43170
 8.01522  -0.01673  -0.42992
 8.02279  -0.01662  -0.42826
 8.03820  -0.01640  -0.42487
 8.05364  -0.01618  -0.42144
 8.06906  -0.01596  -0.41799
 8.08447  -0.01575  -0.41452
 8.09985  -0.01553  -0.41103
 8.10812  -0.01542  -0.40914
 8.11415  -0.01533  -0.40776
 8.11968  -0.01526  -0.40649
 8.13493  -0.01505  -0.40299
 8.15023  -0.01484  -0.39945
 8.16550  -0.01463  -0.39590
 8.18074  -0.01443  -0.39235
 8.19595  -0.01423  -0.38878
 8.20324  -0.01413  -0.38707
 8.20795  -0.01407  -0.38596
 8.21266  -0.01401  -0.38485
 8.21975  -0.01391  -0.38318
 8.23481  -0.01372  -0.37962
 8.24991  -0.01352  -0.37604
 8.26498  -0.01333  -0.37247
 8.28001  -0.01314  -0.36889
 8.29501  -0.01295  -0.36531
 8.30998  -0.01276  -0.36174
 8.32491  -0.01258  -0.35817
 8.33989  -0.01239  -0.35459
 8.35476  -0.01221  -0.35103
 8.36959  -0.01203  -0.34748
 8.38439  -0.01185  -0.34394
 8.39916  -0.01168  -0.34040
 8.40657  -0.01159  -0.33863
 8.41399  -0.01151  -0.33685
 8.42140  -0.01142  -0.33508
 8.43603  -0.01125  -0.33159
 8.45067  -0.01108  -0.32809
 8.46529  -0.01092  -0.32461
 8.47986  -0.01075  -0.32114
 8.49441  -0.01059  -0.31769
 8.50892  -0.01043  -0.31424
 8.51696  -0.01034  -0.31234
 8.52430  -0.01026  -0.31061
 8.53869  -0.01011  -0.30721
 8.55310  -0.00995  -0.30382
 8.56748  -0.00980  -0.30045
 8.58182  -0.00965  -0.29709
 8.59614  -0.00951  -0.29376
 8.60445  -0.00942  -0.29182
 8.60996  -0.00936  -0.29055
 8.61546  -0.00931  -0.28927
 8.62583  -0.00920  -0.28687
 8.64001  -0.00906  -0.28360
 8.65420  -0.00892  -0.28034
 8.66835  -0.00878  -0.27711
 8.68247  -0.00865  -0.27389
 8.69656  -0.00851  -0.27069
 8.70414  -0.00844  -0.26898
 8.70900  -0.00839  -0.26788
 8.71386  -0.00835  -0.26679
 8.71882  -0.00830  -0.26568
 8.73276  -0.00817  -0.26255
 8.74674  -0.00804  -0.25944
 8.76069  -0.00792  -0.25634
 8.77461  -0.00779  -0.25327
 8.78850  -0.00767  -0.25023
 8.80236  -0.00755  -0.24720
 8.80714  -0.00750  -0.24616
 8.80981  -0.00748  -0.24558
 8.81249  -0.00746  -0.24500
 8.81679  -0.00742  -0.24407
 8.83052  -0.00730  -0.24111
 8.84429  -0.00719  -0.23816
 8.85803  -0.00707  -0.23523
 8.87174  -0.00696  -0.23233
 8.88543  -0.00685  -0.22945
 8.89908  -0.00674  -0.22660
 8.90595  -0.00668  -0.22517
 8.90993  -0.00665  -0.22434
 8.91391  -0.00662  -0.22352
 8.92119  -0.00656  -0.22202
 8.93472  -0.00646  -0.21924
 8.94828  -0.00635  -0.21647
 8.96181  -0.00625  -0.21373
 8.97531  -0.00615  -0.21102
 8.98879  -0.00605  -0.20833
 9.00224  -0.00595  -0.20566
 9.00789  -0.00591  -0.20455
 9.01355  -0.00587  -0.20344
 9.01966  -0.00582  -0.20224
 9.03299  -0.00573  -0.19964
 9.04635  -0.00563  -0.19706
 9.05969  -0.00554  -0.19450
 9.07300  -0.00545  -0.19197
 9.08629  -0.00536  -0.18946
 9.09955  -0.00527  -0.18697
 9.10636  -0.00523  -0.18571
 9.11005  -0.00520  -0.18502
 9.11374  -0.00518  -0.18434
 9.12687  -0.00509  -0.18192
 9.14006  -0.00501  -0.17951
 9.15322  -0.00493  -0.17713
 9.16635  -0.00484  -0.17477
 9.17946  -0.00476  -0.17244
 9.19254  -0.00468  -0.17013
 9.20561  -0.00460  -0.16785
 9.20910  -0.00458  -0.16724
 9.21259  -0.00456  -0.16663
 9.21656  -0.00454  -0.16595
 9.22951  -0.00446  -0.16372
 9.24250  -0.00439  -0.16150
 9.25547  -0.00432  -0.15931
 9.26842  -0.00424  -0.15714
 9.28135  -0.00417  -0.15500
 9.29425  -0.00410  -0.15288
 9.30713  -0.00403  -0.15078
 9.31427  -0.00399  -0.14963
 9.32141  -0.00396  -0.14848
 9.33420  -0.00389  -0.14644
 9.34700  -0.00382  -0.14442
 9.35979  -0.00376  -0.14242
 9.37256  -0.00369  -0.14044
 9.38530  -0.00363  -0.13848
 9.39802  -0.00357  -0.13655
 9.40506  -0.00353  -0.13549
 9.41009  -0.00351  -0.13473
 9.41513  -0.00349  -0.13398
 9.42774  -0.00343  -0.13211
 9.44039  -0.00337  -0.13025
 9.45302  -0.00331  -0.12842
 9.46563  -0.00325  -0.12660
 9.47822  -0.00320  -0.12481
 9.49079  -0.00314  -0.12304
 9.50333  -0.00309  -0.12129
 9.50874  -0.00307  -0.12054
 9.51416  -0.00304  -0.11979
 9.51956  -0.00302  -0.11905
 9.53201  -0.00297  -0.11736
 9.54449  -0.00292  -0.11568
 9.55695  -0.00287  -0.11402
 9.56939  -0.00282  -0.11238
 9.58181  -0.00277  -0.11076
 9.59421  -0.00272  -0.10916
 9.60659  -0.00267  -0.10758
 9.61539  -0.00264  -0.10647
 9.62419  -0.00261  -0.10536
 9.63650  -0.00256  -0.10383
 9.64881  -0.00252  -0.10232
 9.66111  -0.00247  -0.10083
 9.67338  -0.00243  -0.09935
 9.68564  -0.00239  -0.09790
 9.69788  -0.00234  -0.09646
 9.70844  -0.00231  -0.09524
 9.71655  -0.00228  -0.09430
 9.72388  -0.00226  -0.09347
 9.73603  -0.00222  -0.09209
 9.74819  -0.00218  -0.09073
 9.76034  -0.00214  -0.08938
 9.77246  -0.00210  -0.08806
 9.78457  -0.00206  -0.08675
 9.79667  -0.00203  -0.08546
 9.80874  -0.00199  -0.08418
 9.82080  -0.00196  -0.08293
 9.83169  -0.00192  -0.08180
 9.84370  -0.00189  -0.08058
 9.85571  -0.00186  -0.07937
 9.86770  -0.00182  -0.07818
 9.87967  -0.00179  -0.07700
 9.89162  -0.00176  -0.07584
 9.90356  -0.00173  -0.07469
 9.90914  -0.00171  -0.07416
 9.91472  -0.00170  -0.07363
 9.92090  -0.00168  -0.07305
 9.93276  -0.00165  -0.07195
 9.94464  -0.00162  -0.07086
 9.95650  -0.00159  -0.06978
 9.96835  -0.00157  -0.06872
 9.98018  -0.00154  -0.06767
 9.99199  -0.00151  -0.06663
 10.00379  -0.00148  -0.06561
 10.00962  -0.00147  -0.06511
 10.01546  -0.00146  -0.06462
 10.02314  -0.00144  -0.06397
 10.03486  -0.00141  -0.06299
 10.04660  -0.00139  -0.06202
 10.05832  -0.00136  -0.06107
 10.07003  -0.00134  -0.06012
 10.08173  -0.00131  -0.05919
 10.09340  -0.00129  -0.05828
 10.10506  -0.00127  -0.05738
 10.11671  -0.00124  -0.05649
 10.12832  -0.00122  -0.05561
 10.13994  -0.00120  -0.05475
 10.15154  -0.00117  -0.05389
 10.16312  -0.00115  -0.05305
 10.17469  -0.00113  -0.05223
 10.18625  -0.00111  -0.05141
 10.19779  -0.00109  -0.05061
 10.20932  -0.00107  -0.04981
 10.22083  -0.00105  -0.04903
 10.23257  -0.00103  -0.04824
 10.24405  -0.00101  -0.04749
 10.25552  -0.00099  -0.04674
 10.26697  -0.00097  -0.04600
 10.27841  -0.00095  -0.04527
 10.28983  -0.00093  -0.04456
 10.30124  -0.00092  -0.04385
 10.30812  -0.00090  -0.04343
 10.31499  -0.00089  -0.04302
 10.32146  -0.00088  -0.04263
 10.33280  -0.00087  -0.04195
 10.34415  -0.00085  -0.04129
 10.35549  -0.00084  -0.04063
 10.36682  -0.00082  -0.03998
 10.37814  -0.00080  -0.03934
 10.38944  -0.00079  -0.03872
 10.40073  -0.00077  -0.03810
 10.40903  -0.00076  -0.03765
 10.41734  -0.00075  -0.03720
 10.42618  -0.00074  -0.03673
 10.43740  -0.00073  -0.03614
 10.44863  -0.00071  -0.03556
 10.45985  -0.00070  -0.03499
 10.47105  -0.00069  -0.03443
 10.48224  -0.00068  -0.03388
 10.49342  -0.00066  -0.03333
 10.50458  -0.00065  -0.03279
 10.50987  -0.00064  -0.03254
 10.51515  -0.00064  -0.03229
 10.52442  -0.00063  -0.03185
 10.53554  -0.00062  -0.03134
 10.54665  -0.00061  -0.03083
 10.55776  -0.00059  -0.03033
 10.56884  -0.00058  -0.02984
 10.57992  -0.00057  -0.02935
 10.59099  -0.00056  -0.02887
 10.60204  -0.00055  -0.02840
 10.60911  -0.00055  -0.02811
 10.61619  -0.00054  -0.02781
 10.62416  -0.00053  -0.02748
 10.63515  -0.00052  -0.02704
 10.64615  -0.00051  -0.02659
 10.65714  -0.00050  -0.02616
 10.66812  -0.00050  -0.02573
 10.67908  -0.00049  -0.02531
 10.69003  -0.00048  -0.02489
 10.70097  -0.00047  -0.02448
 10.70976  -0.00046  -0.02416
 10.71855  -0.00046  -0.02384
 10.72983  -0.00045  -0.02343
 10.74073  -0.00044  -0.02305
 10.75162  -0.00043  -0.02267
 10.76249  -0.00042  -0.02229
 10.77335  -0.00041  -0.02192
 10.78420  -0.00041  -0.02156
 10.79504  -0.00040  -0.02120
 10.80586  -0.00039  -0.02085
 10.81668  -0.00039  -0.02051
 10.82764  -0.00038  -0.02016
 10.83843  -0.00037  -0.01983
 10.84921  -0.00037  -0.01950
 10.85998  -0.00036  -0.01917
 10.87074  -0.00035  -0.01885
 10.88148  -0.00035  -0.01854
 10.89222  -0.00034  -0.01823
 10.90294  -0.00033  -0.01793
 10.90891  -0.00033  -0.01776
 10.91489  -0.00033  -0.01759
 10.92165  -0.00032  -0.01741
 10.93232  -0.00032  -0.01712
 10.94300  -0.00031  -0.01683
 10.95367  -0.00031  -0.01655
 10.96433  -0.00030  -0.01627
 10.97498  -0.00030  -0.01600
 10.98562  -0.00029  -0.01573
 10.99624  -0.00029  -0.01546
 11.00686  -0.00028  -0.01520
 11.01578  -0.00028  -0.01499
 11.02470  -0.00027  -0.01478
 11.03528  -0.00027  -0.01453
 11.04585  -0.00026  -0.01428
 11.05642  -0.00026  -0.01404
 11.06698  -0.00026  -0.01380
 11.07752  -0.00025  -0.01357
 11.08806  -0.00025  -0.01334
 11.09858  -0.00024  -0.01312
 11.10910  -0.00024  -0.01289
 11.11960  -0.00023  -0.01267
 11.13041  -0.00023  -0.01245
 11.14090  -0.00022  -0.01224
 11.15137  -0.00022  -0.01203
 11.16183  -0.00021  -0.01183
 11.17229  -0.00021  -0.01163
 11.18273  -0.00020  -0.01143
 11.19316  -0.00020  -0.01124
 11.20358  -0.00019  -0.01105
 11.21123  -0.00019  -0.01091
 11.21888  -0.00019  -0.01077
 11.22926  -0.00018  -0.01059
 11.23965  -0.00018  -0.01041
 11.25002  -0.00018  -0.01023
 11.26039  -0.00017  -0.01005
 11.27075  -0.00017  -0.00988
 11.28110  -0.00017  -0.00971
 11.29144  -0.00016  -0.00955
 11.30177  -0.00016  -0.00938
 11.30857  -0.00016  -0.00928
 11.31537  -0.00016  -0.00917
 11.32272  -0.00016  -0.00906
 11.33300  -0.00016  -0.00890
 11.34329  -0.00015  -0.00875
 11.35357  -0.00015  -0.00860
 11.36384  -0.00015  -0.00845
 11.37410  -0.00015  -0.00831
 11.38435  -0.00015  -0.00816
 11.39460  -0.00014  -0.00802
 11.40483  -0.00014  -0.00788
 11.40931  -0.00014  -0.00782
 11.41378  -0.00014  -0.00776
 11.41983  -0.00014  -0.00768
 11.43001  -0.00014  -0.00755
 11.44022  -0.00014  -0.00742
 11.45041  -0.00014  -0.00729
 11.46059  -0.00014  -0.00717
 11.47077  -0.00014  -0.00704
 11.48093  -0.00013  -0.00692
 11.49109  -0.00013  -0.00680
 11.50123  -0.00013  -0.00668
 11.50833  -0.00013  -0.00660
 11.51543  -0.00013  -0.00652
 11.52293  -0.00014  -0.00644
 11.53303  -0.00014  -0.00632
 11.54314  -0.00014  -0.00621
 11.55324  -0.00015  -0.00611
 11.56333  -0.00015  -0.00600
 11.57342  -0.00015  -0.00590
 11.58349  -0.00016  -0.00579
 11.59356  -0.00016  -0.00569
 11.60361  -0.00016  -0.00559
 11.60932  -0.00016  -0.00554
 11.61503  -0.00017  -0.00548
 11.62262  -0.00017  -0.00541
 11.63264  -0.00017  -0.00531
 11.64266  -0.00018  -0.00522
 11.65267  -0.00018  -0.00513
 11.66268  -0.00019  -0.00504
 11.67268  -0.00019  -0.00495
 11.68266  -0.00020  -0.00486
 11.69264  -0.00020  -0.00478
 11.70262  -0.00021  -0.00469
 11.70963  -0.00020  -0.00464
 11.71664  -0.00021  -0.00458
 11.72666  -0.00021  -0.00450
 11.73660  -0.00022  -0.00442
 11.74654  -0.00022  -0.00434
 11.75646  -0.00023  -0.00426
 11.76638  -0.00023  -0.00419
 11.77629  -0.00024  -0.00411
 11.78619  -0.00024  -0.00404
 11.79609  -0.00025  -0.00397
 11.80597  -0.00025  -0.00390
 11.81585  -0.00026  -0.00383
 11.82597  -0.00027  -0.00376
 11.83583  -0.00027  -0.00369
 11.84568  -0.00028  -0.00363
 11.85553  -0.00029  -0.00356
 11.86536  -0.00030  -0.00350
 11.87519  -0.00030  -0.00344
 11.88501  -0.00031  -0.00338
 11.89483  -0.00032  -0.00332
 11.90463  -0.00033  -0.00326
 11.91027  -0.00034  -0.00322
 11.91563  -0.00033  -0.00319
 11.92538  -0.00033  -0.00314
 11.93516  -0.00034  -0.00308
 11.94494  -0.00034  -0.00303
 11.95470  -0.00034  -0.00297
 11.96446  -0.00035  -0.00292
 11.97420  -0.00035  -0.00287
 11.98395  -0.00035  -0.00282
 11.99368  -0.00036  -0.00277
 12.00340  -0.00036  -0.00272
 12.00890  -0.00038  -0.00269
 12.01440  -0.00037  -0.00266
 12.02122  -0.00039  -0.00263
 12.03090  -0.00041  -0.00258
 12.04060  -0.00043  -0.00254
 12.05028  -0.00045  -0.00249
 12.05997  -0.00047  -0.00244
 12.06964  -0.00049  -0.00240
 12.07931  -0.00051  -0.00236
 12.08896  -0.00053  -0.00231
 12.09862  -0.00055  -0.00227
 12.10826  -0.00056  -0.00223
 12.11790  -0.00058  -0.00219
 12.12765  -0.00060  -0.00215
 12.13727  -0.00061  -0.00211
 12.14689  -0.00063  -0.00207
 12.15650  -0.00064  -0.00203
 12.16610  -0.00066  -0.00200
 12.17569  -0.00067  -0.00196
 12.18527  -0.00069  -0.00193
 12.19485  -0.00070  -0.00189
 12.20442  -0.00072  -0.00186
 12.20970  -0.00072  -0.00184
 12.21497  -0.00073  -0.00182
 12.22376  -0.00075  -0.00179
 12.23330  -0.00076  -0.00176
 12.24285  -0.00078  -0.00172
 12.25238  -0.00079  -0.00169
 12.26191  -0.00081  -0.00166
 12.27143  -0.00083  -0.00163
 12.28094  -0.00084  -0.00160
 12.29045  -0.00086  -0.00157
 12.29995  -0.00088  -0.00154
 12.30944  -0.00088  -0.00152
 12.31892  -0.00092  -0.00149
 12.32866  -0.00093  -0.00146
 12.33814  -0.00094  -0.00144
 12.34760  -0.00095  -0.00141
 12.35706  -0.00097  -0.00139
 12.36651  -0.00098  -0.00136
 12.37595  -0.00100  -0.00134
 12.38539  -0.00101  -0.00131
 12.39482  -0.00103  -0.00129
 12.40424  -0.00102  -0.00127
 12.40965  -0.00102  -0.00125
 12.41505  -0.00101  -0.00124
 12.42386  -0.00102  -0.00122
 12.43326  -0.00102  -0.00120
 12.44266  -0.00101  -0.00118
 12.45205  -0.00100  -0.00116
 12.46143  -0.00099  -0.00115
 12.47080  -0.00099  -0.00113
 12.48017  -0.00098  -0.00111
 12.48953  -0.00098  -0.00109
 12.49889  -0.00097  -0.00107
 12.50824  -0.00097  -0.00106
 12.51758  -0.00094  -0.00104
 12.52715  -0.00091  -0.00103
 12.53648  -0.00089  -0.00101
 12.54580  -0.00087  -0.00100
 12.55512  -0.00085  -0.00099
 12.56443  -0.00083  -0.00097
 12.57373  -0.00081  -0.00096
 12.58303  -0.00079  -0.00095
 12.59232  -0.00077  -0.00093
 12.60160  -0.00075  -0.00092
 12.60824  -0.00071  -0.00091
 12.61488  -0.00077  -0.00090
 12.62244  -0.00082  -0.00089
 12.63170  -0.00084  -0.00088
 12.64095  -0.00087  -0.00086
 12.65020  -0.00090  -0.00085
 12.65945  -0.00094  -0.00083
 12.66868  -0.00097  -0.00082
 12.67792  -0.00100  -0.00081
 12.68714  -0.00103  -0.00080
 12.69636  -0.00107  -0.00078
 12.70557  -0.00105  -0.00077
 12.71478  -0.00105  -0.00076
 12.72335  -0.00107  -0.00075
 12.73254  -0.00106  -0.00074
 12.74173  -0.00104  -0.00074
 12.75091  -0.00103  -0.00073
 12.76009  -0.00103  -0.00072
 12.76926  -0.00102  -0.00071
 12.77842  -0.00101  -0.00071
 12.78758  -0.00100  -0.00070
 12.79673  -0.00099  -0.00069
 12.80588  -0.00099  -0.00069
 12.81502  -0.00099  -0.00068
 12.82386  -0.00098  -0.00068
 12.83299  -0.00095  -0.00067
 12.84211  -0.00092  -0.00067
 12.85122  -0.00089  -0.00066
 12.86033  -0.00087  -0.00066
 12.86944  -0.00084  -0.00066
 12.87853  -0.00081  -0.00065
 12.88763  -0.00079  -0.00065
 12.89671  -0.00076  -0.00065
 12.90579  -0.00074  -0.00065
 12.91486  -0.00070  -0.00065
 12.92353  -0.00065  -0.00065
 12.93259  -0.00057  -0.00065
 12.94165  -0.00049  -0.00065
 12.95070  -0.00041  -0.00065
 12.95974  -0.00033  -0.00066
 12.96878  -0.00025  -0.00066
 12.97782  -0.00011  -0.00066
 12.98145   0.00000  -0.00066
