 0.00032   0.00000
 0.00047   0.00000
 0.00069   0.00000
 0.00096   0.00000
 0.00130   0.00000
 0.00169   0.00000
 0.00215   0.00000
 0.00269   0.00000
 0.00330   0.00000
 0.00399   0.00000
 0.00476   0.00000
 0.00562   0.00000
 0.00656   0.00000
 0.00760   0.00000
 0.00874   0.00000
 0.00997   0.00000
 0.01130   0.00000
 0.01274   0.00000
 0.01428   0.00000
 0.01593   0.00000
 0.01769   0.00000
 0.01957   0.00000
 0.02157   0.00000
 0.02368   0.00000
 0.02591   0.00000
 0.02827   0.00000
 0.03076   0.00000
 0.03337   0.00000
 0.03611   0.00000
 0.03899   0.00000
 0.04200   0.00000
 0.04515   0.00000
 0.04844   0.00000
 0.05188   0.00001
 0.05545   0.00001
 0.05917   0.00001
 0.06305   0.00001
 0.06707   0.00001
 0.07125   0.00002
 0.07557   0.00002
 0.08006   0.00002
 0.08471   0.00003
 0.08953   0.00003
 0.09450   0.00004
 0.09965   0.00004
 0.10496   0.00005
 0.11045   0.00006
 0.11613   0.00007
 0.12197   0.00008
 0.12797   0.00009
 0.13417   0.00010
 0.14056   0.00012
 0.14717   0.00014
 0.15394   0.00016
 0.16090   0.00018
 0.16810   0.00020
 0.17546   0.00023
 0.18304   0.00026
 0.19080   0.00030
 0.19886   0.00033
 0.20706   0.00038
 0.21550   0.00043
 0.22416   0.00048
 0.23302   0.00054
 0.24209   0.00060
 0.25137   0.00067
 0.26101   0.00075
 0.27101   0.00084
 0.28127   0.00094
 0.29179   0.00105
 0.30242   0.00117
 0.31321   0.00130
 0.32429   0.00144
 0.33568   0.00160
 0.34741   0.00177
 0.35950   0.00196
 0.37193   0.00217
 0.38473   0.00240
 0.39763   0.00265
 0.41102   0.00292
 0.42517   0.00323
 0.43911   0.00355
 0.45365   0.00391
 0.46821   0.00430
 0.48344   0.00473
 0.49874   0.00518
 0.51481   0.00569
 0.53097   0.00623
 0.54887   0.00687
 0.56622   0.00753
 0.58381   0.00824
 0.60168   0.00900
 0.62306   0.00997
 0.64337   0.01095
 0.66390   0.01200
 0.68428   0.01310
 0.70490   0.01428
 0.72610   0.01556
 0.74803   0.01696
 0.77085   0.01850
 0.79635   0.02032
 0.82028   0.02212
 0.84624   0.02418
 0.87131   0.02628
 0.90381   0.02916
 0.93392   0.03199
 0.96403   0.03498
 0.99486   0.03821
 1.02568   0.04160
 1.05692   0.04522
 1.08721   0.04889
 1.11794   0.05278
 1.14976   0.05698
 1.18401   0.06171
 1.21699   0.06645
 1.24968   0.07134
 1.28534   0.07688
 1.32701   0.08363
 1.37820   0.09230
 1.43973   0.10327
 1.50368   0.11527
 1.56094   0.12650
 1.59964   0.13433
 1.63784   0.14223
 1.66906   0.14880
 1.70027   0.15548
 1.74114   0.16437
 1.79257   0.17576
 1.83831   0.18604
 1.88301   0.19622
 1.92627   0.20616
 1.96104   0.21420
 1.99581   0.22227
 2.02990   0.23020
 2.06400   0.23813
 2.09251   0.24475
 2.10772   0.24828
 2.12294   0.25181
 2.14073   0.25593
 2.20088   0.26975
 2.22409   0.27504
 2.24729   0.28029
 2.30860   0.29399
 2.36179   0.30561
 2.39312   0.31231
 2.40954   0.31578
 2.42595   0.31922
 2.45121   0.32444
 2.47943   0.33017
 2.50766   0.33579
 2.54581   0.34319
 2.58090   0.34979
 2.60556   0.35430
 2.62723   0.35817
 2.64680   0.36158
 2.70984   0.37208
 2.77305   0.38176
 2.80339   0.38608
 2.82150   0.38856
 2.83961   0.39096
 2.90134   0.39852
 2.92198   0.40083
 2.94262   0.40303
 3.00279   0.40877
 3.02033   0.41026
 3.03787   0.41166
 3.09578   0.41564
 3.10972   0.41645
 3.12366   0.41721
 3.14433   0.41822
 3.19897   0.42025
 3.22632   0.42093
 3.25097   0.42133
 3.30112   0.42156
 3.30987   0.42152
 3.31862   0.42145
 3.33340   0.42128
 3.38228   0.42022
 3.40914   0.41930
 3.43601   0.41815
 3.46399   0.41670
 3.49276   0.41494
 3.50476   0.41413
 3.51676   0.41326
 3.53493   0.41187
 3.59163   0.40682
 3.60676   0.40529
 3.62189   0.40369
 3.63743   0.40197
 3.69689   0.39467
 3.72621   0.39065
 3.75552   0.38636
 3.78370   0.38198
 3.80234   0.37894
 3.82098   0.37580
 3.84988   0.37071
 3.88258   0.36466
 3.91528   0.35828
 3.94658   0.35188
 3.98671   0.34325
 4.00822   0.33844
 4.02973   0.33351
 4.05775   0.32688
 4.09352   0.31812
 4.12928   0.30902
 4.16868   0.29862
 4.20135   0.28971
 4.23402   0.28054
 4.26499   0.27162
 4.30691   0.25921
 4.34882   0.24642
 4.39605   0.23159
 4.43894   0.21776
 4.47909   0.20451
 4.54269   0.18299
 4.60133   0.16261
 4.65646   0.14304
 4.70899   0.12407
 4.76863   0.10220
 4.81848   0.08370
 4.86833   0.06504
 4.92385   0.04410
 4.97499   0.02472
 5.02683   0.00503
 5.07622  -0.01375
 5.12421  -0.03196
 5.17319  -0.05050
 5.22683  -0.07069
 5.27718  -0.08951
 5.33556  -0.11112
 5.39056  -0.13123
 5.45340  -0.15385
 5.49947  -0.17016
 5.54555  -0.18623
 5.59534  -0.20328
 5.65702  -0.22391
 5.69782  -0.23724
 5.73861  -0.25030
 5.77976  -0.26320
 5.85680  -0.28655
 5.90385  -0.30027
 5.95090  -0.31356
 6.00047  -0.32709
 6.05774  -0.34210
 6.10941  -0.35506
 6.19291  -0.37477
 6.23747  -0.38466
 6.28203  -0.39411
 6.30566  -0.39894
 6.32928  -0.40364
 6.35758  -0.40910
 6.40527  -0.41789
 6.45295  -0.42616
 6.49994  -0.43379
 6.53381  -0.43898
 6.56433  -0.44342
 6.59723  -0.44797
 6.63012  -0.45228
 6.66778  -0.45690
 6.69460  -0.45999
 6.72142  -0.46292
 6.74558  -0.46542
 6.78385  -0.46911
 6.81000  -0.47145
 6.83616  -0.47363
 6.90950  -0.47894
 6.98263  -0.48309
 7.00638  -0.48419
 7.03013  -0.48518
 7.05417  -0.48605
 7.08953  -0.48713
 7.11402  -0.48773
 7.13850  -0.48821
 7.20449  -0.48891
 7.22214  -0.48896
 7.23821  -0.48895
 7.30030  -0.48847
 7.32423  -0.48810
 7.34817  -0.48763
 7.37799  -0.48690
 7.40781  -0.48602
 7.46687  -0.48383
 7.49712  -0.48250
 7.52737  -0.48101
 7.58127  -0.47803
 7.60704  -0.47645
 7.63280  -0.47478
 7.66186  -0.47278
 7.70647  -0.46949
 7.75109  -0.46593
 7.79577  -0.46212
 7.83266  -0.45880
 7.86955  -0.45532
 7.90938  -0.45139
 7.94921  -0.44730
 8.00857  -0.44091
 8.09446  -0.43109
 8.13945  -0.42570
 8.18113  -0.42057
 8.24086  -0.41300
 8.29486  -0.40596
 8.33804  -0.40021
 8.38086  -0.39441
 8.44294  -0.38585
 8.50381  -0.37729
 8.58257  -0.36604
 8.65379  -0.35571
 8.70918  -0.34760
 8.76456  -0.33945
 8.80609  -0.33332
 8.84762  -0.32718
 8.89884  -0.31959
 8.96790  -0.30937
 9.00127  -0.30444
 9.03463  -0.29952
 9.07249  -0.29396
 9.15205  -0.28232
 9.20561  -0.27456
 9.25917  -0.26685
 9.30490  -0.26033
 9.35063  -0.25386
 9.40675  -0.24600
 9.47692  -0.23633
 9.54709  -0.22682
 9.60952  -0.21852
 9.67195  -0.21037
 9.76086  -0.19904
 9.81877  -0.19184
 9.87239  -0.18532
 9.96101  -0.17482
 10.00543  -0.16970
 10.04985  -0.16467
 10.11137  -0.15786
 10.17252  -0.15128
 10.26877  -0.14129
 10.36502  -0.13176
 10.49223  -0.11987
 10.56961  -0.11302
 10.64699  -0.10647
 10.72259  -0.10034
 10.78923  -0.09516
 10.85586  -0.09019
 10.90579  -0.08659
 10.95571  -0.08311
 11.01326  -0.07924
 11.06843  -0.07565
 11.16230  -0.06986
 11.23282  -0.06574
 11.29647  -0.06219
 11.38547  -0.05750
 11.48066  -0.05280
 11.57527  -0.04845
 11.66766  -0.04449
 11.75384  -0.04105
 11.82176  -0.03849
 11.88968  -0.03608
 11.97071  -0.03336
 12.05666  -0.03068
 12.12648  -0.02864
 12.19152  -0.02684
 12.27036  -0.02479
 12.35242  -0.02281
 12.42854  -0.02109
 12.49723  -0.01964
 12.57478  -0.01811
 12.65388  -0.01666
 12.73043  -0.01535
 12.80105  -0.01422
 12.87815  -0.01307
 12.95610  -0.01200
 13.03339  -0.01101
 13.10620  -0.01015
 13.18356  -0.00929
 13.26133  -0.00850
 13.34018  -0.00775
 13.41583  -0.00709
 13.50062  -0.00641
 13.57919  -0.00583
 13.65871  -0.00529
 13.73852  -0.00479
 13.81669  -0.00433
 13.90173  -0.00388
 13.98278  -0.00348
 14.06478  -0.00311
 14.14774  -0.00277
 14.23024  -0.00245
 14.31257  -0.00216
 14.39817  -0.00188
 14.48379  -0.00162
 14.57053  -0.00138
 14.65841  -0.00115
 14.74693  -0.00093
 14.83627  -0.00072
 14.92657  -0.00051
 15.01807  -0.00031
 15.11082  -0.00012
 15.20393   0.00008
 15.29718   0.00028
 15.38796   0.00047
