 0.00032   0.00000
 0.00047   0.00000
 0.00069   0.00000
 0.00096   0.00000
 0.00130   0.00000
 0.00169   0.00000
 0.00215   0.00000
 0.00269   0.00000
 0.00330   0.00000
 0.00399   0.00000
 0.00476   0.00000
 0.00562   0.00000
 0.00656   0.00000
 0.00760   0.00000
 0.00874   0.00000
 0.00997   0.00000
 0.01130   0.00000
 0.01274   0.00000
 0.01428   0.00000
 0.01593   0.00000
 0.01769   0.00000
 0.01957   0.00000
 0.02157   0.00000
 0.02368   0.00000
 0.02591   0.00000
 0.02827   0.00000
 0.03076   0.00000
 0.03337   0.00000
 0.03611   0.00000
 0.03899   0.00001
 0.04201   0.00001
 0.04516   0.00001
 0.04845   0.00001
 0.05188   0.00001
 0.05546   0.00002
 0.05919   0.00002
 0.06306   0.00002
 0.06709   0.00003
 0.07127   0.00003
 0.07560   0.00004
 0.08009   0.00005
 0.08475   0.00006
 0.08957   0.00007
 0.09456   0.00008
 0.09971   0.00009
 0.10504   0.00011
 0.11053   0.00012
 0.11623   0.00014
 0.12209   0.00017
 0.12811   0.00019
 0.13433   0.00022
 0.14075   0.00025
 0.14739   0.00029
 0.15419   0.00033
 0.16119   0.00038
 0.16839   0.00043
 0.17579   0.00049
 0.18342   0.00056
 0.19123   0.00063
 0.19929   0.00072
 0.20757   0.00081
 0.21607   0.00091
 0.22482   0.00103
 0.23379   0.00115
 0.24298   0.00129
 0.25239   0.00145
 0.26204   0.00162
 0.27193   0.00181
 0.28209   0.00202
 0.29251   0.00225
 0.30321   0.00250
 0.31421   0.00278
 0.32553   0.00308
 0.33721   0.00342
 0.34927   0.00380
 0.36169   0.00421
 0.37465   0.00467
 0.38761   0.00516
 0.40107   0.00571
 0.41539   0.00633
 0.42950   0.00698
 0.44428   0.00770
 0.45913   0.00848
 0.47476   0.00935
 0.49051   0.01028
 0.50755   0.01135
 0.52446   0.01248
 0.54167   0.01370
 0.56200   0.01523
 0.58221   0.01686
 0.60391   0.01872
 0.62421   0.02057
 0.64468   0.02254
 0.66586   0.02470
 0.68793   0.02707
 0.71114   0.02971
 0.73830   0.03298
 0.76380   0.03624
 0.79472   0.04042
 0.82612   0.04493
 0.85508   0.04933
 0.88762   0.05453
 0.91941   0.05989
 0.95397   0.06600
 0.98645   0.07202
 1.02088   0.07867
 1.06776   0.08817
 1.10685   0.09645
 1.14595   0.10504
 1.17851   0.11240
 1.21106   0.11993
 1.24970   0.12908
 1.28611   0.13788
 1.32253   0.14682
 1.35658   0.15528
 1.38797   0.16315
 1.41936   0.17105
 1.45750   0.18069
 1.49671   0.19058
 1.52764   0.19835
 1.55858   0.20607
 1.58877   0.21353
 1.61896   0.22089
 1.64805   0.22788
 1.67713   0.23474
 1.70813   0.24189
 1.74098   0.24927
 1.77444   0.25654
 1.80482   0.26290
 1.84143   0.27025
 1.87508   0.27665
 1.90873   0.28269
 1.94185   0.28827
 1.97012   0.29271
 1.99838   0.29684
 2.02902   0.30097
 2.05800   0.30451
 2.10024   0.30901
 2.12312   0.31110
 2.14600   0.31296
 2.18633   0.31561
 2.20847   0.31672
 2.23061   0.31758
 2.25212   0.31817
 2.28932   0.31862
 2.31000   0.31856
 2.33068   0.31825
 2.36674   0.31717
 2.40387   0.31529
 2.42028   0.31422
 2.43668   0.31299
 2.47553   0.30948
 2.49618   0.30726
 2.50703   0.30600
 2.51788   0.30467
 2.53022   0.30308
 2.57099   0.29720
 2.59450   0.29339
 2.60983   0.29074
 2.62516   0.28795
 2.65493   0.28217
 2.69773   0.27301
 2.72874   0.26575
 2.75975   0.25799
 2.80388   0.24609
 2.83657   0.23666
 2.86688   0.22745
 2.89856   0.21736
 2.93025   0.20683
 2.96276   0.19558
 3.00727   0.17948
 3.05149   0.16275
 3.09298   0.14644
 3.13590   0.12901
 3.17613   0.11221
 3.21740   0.09457
 3.25715   0.07726
 3.29659   0.05982
 3.33507   0.04261
 3.37174   0.02608
 3.40818   0.00958
 3.44357  -0.00647
 3.47779  -0.02198
 3.51279  -0.03778
 3.54700  -0.05312
 3.58369  -0.06943
 3.62118  -0.08587
 3.65672  -0.10122
 3.69565  -0.11770
 3.73525  -0.13406
 3.77512  -0.15006
 3.80893  -0.16322
 3.84273  -0.17596
 3.88364  -0.19077
 3.91478  -0.20158
 3.94541  -0.21178
 3.98764  -0.22512
 4.02991  -0.23757
 4.07231  -0.24911
 4.09858  -0.25576
 4.12484  -0.26202
 4.16538  -0.27089
 4.20590  -0.27875
 4.24066  -0.28469
 4.27358  -0.28961
 4.29937  -0.29298
 4.32516  -0.29591
 4.35862  -0.29906
 4.39486  -0.30164
 4.43018  -0.30330
 4.46573  -0.30412
 4.49878  -0.30412
 4.52476  -0.30361
 4.55074  -0.30264
 4.58435  -0.30072
 4.60871  -0.29885
 4.63308  -0.29660
 4.66303  -0.29329
 4.69985  -0.28843
 4.73074  -0.28369
 4.75971  -0.27871
 4.79870  -0.27119
 4.83189  -0.26407
 4.86421  -0.25653
 4.90506  -0.24617
 4.94647  -0.23475
 4.98490  -0.22336
 5.02715  -0.21002
 5.07024  -0.19557
 5.10417  -0.18364
 5.13811  -0.17125
 5.17614  -0.15686
 5.21829  -0.14035
 5.25776  -0.12439
 5.29903  -0.10727
 5.33973  -0.09000
 5.37858  -0.07322
 5.41787  -0.05601
 5.45629  -0.03901
 5.49396  -0.02222
 5.53072  -0.00576
 5.56643   0.01023
 5.60146   0.02590
 5.63758   0.04198
 5.67482   0.05845
 5.71294   0.07512
 5.75012   0.09117
 5.79005   0.10811
 5.83085   0.12505
 5.87270   0.14199
 5.90818   0.15595
 5.94366   0.16951
 5.98688   0.18544
 6.03113   0.20101
 6.07737   0.21644
 6.12241   0.23057
 6.16347   0.24264
 6.20850   0.25493
 6.25330   0.26613
 6.29679   0.27600
 6.33396   0.28362
 6.37113   0.29046
 6.40032   0.29529
 6.42951   0.29962
 6.46085   0.30372
 6.50136   0.30816
 6.53472   0.31108
 6.56534   0.31317
 6.60328   0.31498
 6.63402   0.31580
 6.66204   0.31606
 6.69684   0.31572
 6.73183   0.31465
 6.76395   0.31303
 6.80129   0.31037
 6.83482   0.30730
 6.86608   0.30385
 6.90628   0.29860
 6.94742   0.29230
 6.98669   0.28544
 7.02956   0.27702
 7.07409   0.26729
 7.11850   0.25663
 7.16150   0.24543
 7.20711   0.23265
 7.25317   0.21888
 7.29841   0.20454
 7.34492   0.18902
 7.38858   0.17380
 7.43493   0.15701
 7.48127   0.13963
 7.52695   0.12199
 7.57277   0.10386
 7.61734   0.08586
 7.66151   0.06774
 7.70462   0.04983
 7.74689   0.03213
 7.78814   0.01475
 7.82851  -0.00229
 7.86775  -0.01885
 7.90747  -0.03557
 7.94848  -0.05273
 7.99077  -0.07027
 8.03423  -0.08809
 8.07898  -0.10616
 8.12479  -0.12430
 8.17087  -0.14213
 8.21891  -0.16022
 8.26711  -0.17777
 8.31722  -0.19535
 8.36295  -0.21074
 8.40438  -0.22409
 8.44580  -0.23686
 8.49490  -0.25119
 8.54773  -0.26560
 8.59596  -0.27780
 8.64291  -0.28875
 8.68790  -0.29838
 8.73946  -0.30833
 8.79118  -0.31712
 8.84131  -0.32449
 8.88745  -0.33026
 8.93572  -0.33523
 8.98201  -0.33898
 9.02828  -0.34172
 9.07314  -0.34342
 9.10373  -0.34405
 9.13433  -0.34424
 9.16545  -0.34398
 9.20734  -0.34294
 9.25077  -0.34102
 9.29300  -0.33834
 9.33915  -0.33451
 9.38220  -0.33011
 9.43076  -0.32421
 9.48715  -0.31613
 9.53809  -0.30776
 9.59226  -0.29776
 9.64526  -0.28695
 9.69428  -0.27607
 9.74886  -0.26302
 9.79879  -0.25027
 9.85449  -0.23518
 9.90723  -0.22011
 9.96351  -0.20325
 10.01925  -0.18584
 10.07626  -0.16736
 10.13240  -0.14858
 10.18927  -0.12903
 10.24467  -0.10955
 10.29887  -0.09016
 10.35310  -0.07047
 10.40613  -0.05101
 10.45882  -0.03154
 10.51049  -0.01235
 10.56115   0.00649
 10.61053   0.02485
 10.66151   0.04373
 10.71455   0.06326
 10.76877   0.08306
 10.82589   0.10367
 10.88351   0.12415
 10.94481   0.14553
 11.00864   0.16728
 11.07445   0.18910
 11.14266   0.21098
 11.20537   0.23039
 11.26807   0.24907
 11.34129   0.26990
 11.39665   0.28491
 11.45201   0.29926
 11.50345   0.31199
 11.55488   0.32412
 11.60670   0.33572
 11.65853   0.34669
 11.70354   0.35571
 11.74855   0.36424
 11.80610   0.37443
 11.88335   0.38686
 11.95661   0.39732
 12.00808   0.40390
 12.05954   0.40985
 12.11099   0.41517
 12.16243   0.41988
 12.21140   0.42380
 12.25717   0.42697
 12.30930   0.43001
 12.36143   0.43246
 12.41021   0.43423
 12.45899   0.43550
 12.50676   0.43628
 12.55453   0.43661
 12.60901   0.43646
 12.67724   0.43549
 12.74555   0.43370
 12.79569   0.43188
 12.84582   0.42966
 12.89384   0.42717
 12.95068   0.42379
 13.00347   0.42024
 13.08260   0.41424
 13.15549   0.40804
 13.20903   0.40311
 13.26257   0.39788
 13.31960   0.39200
 13.37663   0.38584
 13.46350   0.37595
 13.54335   0.36639
 13.59515   0.35998
 13.64696   0.35342
 13.70428   0.34602
 13.79723   0.33374
 13.88559   0.32182
 13.96856   0.31047
 14.04379   0.30010
 14.12493   0.28887
 14.20224   0.27816
 14.30301   0.26427
 14.39847   0.25123
 14.49477   0.23826
 14.58934   0.22575
 14.68238   0.21369
 14.77307   0.20222
 14.86108   0.19139
 14.97219   0.17815
 15.07734   0.16611
 15.18249   0.15456
 15.28565   0.14373
 15.39244   0.13306
 15.50971   0.12196
 15.61072   0.11294
 15.71174   0.10440
 15.81458   0.09620
 15.91742   0.08850
 16.02354   0.08105
 16.11405   0.07508
 16.20456   0.06947
 16.30366   0.06371
 16.40152   0.05841
 16.49735   0.05357
 16.59165   0.04913
 16.68489   0.04505
 16.77733   0.04128
 16.86927   0.03780
 16.95905   0.03465
 17.04615   0.03181
 17.13049   0.02925
 17.21194   0.02695
 17.30066   0.02462
 17.38646   0.02254
 17.47252   0.02061
 17.55909   0.01882
 17.64425   0.01719
 17.72795   0.01571
 17.81026   0.01437
 17.89584   0.01308
 17.98137   0.01190
 18.06752   0.01081
 18.15407   0.00980
 18.24006   0.00889
 18.32570   0.00805
 18.41203   0.00729
 18.50032   0.00657
 18.58857   0.00592
 18.67758   0.00533
 18.76742   0.00478
 18.85788   0.00428
 18.94881   0.00383
 19.04036   0.00343
 19.13264   0.00305
 19.22576   0.00272
 19.32057   0.00241
 19.41765   0.00213
 19.51548   0.00188
 19.61435   0.00166
 19.71444   0.00146
 19.81594   0.00128
 19.91901   0.00112
 20.02381   0.00097
 20.13017   0.00085
 20.23776   0.00074
 20.34722   0.00064
 20.45876   0.00056
 20.57248   0.00048
 20.68847   0.00042
 20.80683   0.00037
 20.92756   0.00033
 21.05080   0.00029
 21.17624   0.00027
 21.30405   0.00025
 21.43390   0.00024
 21.56499   0.00024
 21.61898   0.00024
