 0.00018   0.00000
 0.00023   0.00000
 0.00028   0.00000
 0.00034   0.00000
 0.00041   0.00000
 0.00049   0.00000
 0.00059   0.00000
 0.00069   0.00000
 0.00082   0.00000
 0.00096   0.00000
 0.00112   0.00000
 0.00131   0.00000
 0.00151   0.00000
 0.00174   0.00000
 0.00201   0.00000
 0.00230   0.00000
 0.00262   0.00000
 0.00299   0.00000
 0.00339   0.00000
 0.00383   0.00000
 0.00433   0.00000
 0.00487   0.00000
 0.00547   0.00000
 0.00612   0.00000
 0.00684   0.00000
 0.00762   0.00001
 0.00848   0.00001
 0.00941   0.00001
 0.01043   0.00001
 0.01153   0.00001
 0.01272   0.00002
 0.01402   0.00002
 0.01542   0.00002
 0.01693   0.00003
 0.01856   0.00004
 0.02032   0.00004
 0.02219   0.00005
 0.02422   0.00006
 0.02640   0.00007
 0.02874   0.00009
 0.03125   0.00010
 0.03392   0.00012
 0.03679   0.00014
 0.03985   0.00016
 0.04312   0.00019
 0.04662   0.00022
 0.05034   0.00026
 0.05449   0.00031
 0.05872   0.00036
 0.06322   0.00041
 0.06805   0.00048
 0.07313   0.00055
 0.07854   0.00064
 0.08426   0.00073
 0.09040   0.00084
 0.09709   0.00097
 0.10392   0.00112
 0.11114   0.00128
 0.11889   0.00146
 0.12700   0.00167
 0.13562   0.00190
 0.14477   0.00216
 0.15427   0.00246
 0.16420   0.00278
 0.17463   0.00315
 0.18565   0.00356
 0.19739   0.00402
 0.21004   0.00455
 0.22352   0.00516
 0.23682   0.00579
 0.25132   0.00651
 0.26848   0.00743
 0.28472   0.00835
 0.30118   0.00935
 0.32035   0.01057
 0.33952   0.01186
 0.35953   0.01330
 0.38055   0.01489
 0.40434   0.01679
 0.42756   0.01876
 0.45169   0.02091
 0.48314   0.02389
 0.51459   0.02706
 0.55173   0.03105
 0.58272   0.03457
 0.61371   0.03828
 0.64484   0.04217
 0.69447   0.04874
 0.74448   0.05579
 0.79107   0.06274
 0.82813   0.06853
 0.86309   0.07418
 0.89580   0.07965
 0.93569   0.08653
 0.97576   0.09368
 1.01624   0.10113
 1.06288   0.10998
 1.10237   0.11769
 1.14186   0.12559
 1.19244   0.13597
 1.26021   0.15030
 1.33368   0.16632
 1.41273   0.18404
 1.48540   0.20071
 1.55549   0.21705
 1.62557   0.23359
 1.70273   0.25195
 1.76295   0.26634
 1.81776   0.27944
 1.86891   0.29164
 1.90515   0.30026
 1.94034   0.30860
 1.96911   0.31538
 1.99787   0.32214
 2.02842   0.32927
 2.06284   0.33726
 2.10563   0.34710
 2.12864   0.35235
 2.14978   0.35714
 2.18726   0.36556
 2.20446   0.36939
 2.22166   0.37320
 2.23845   0.37689
 2.27384   0.38460
 2.30924   0.39220
 2.39058   0.40921
 2.40622   0.41241
 2.42187   0.41558
 2.43762   0.41875
 2.47439   0.42603
 2.49773   0.43057
 2.50980   0.43289
 2.52188   0.43520
 2.54486   0.43954
 2.58438   0.44685
 2.60741   0.45102
 2.63044   0.45512
 2.65331   0.45912
 2.69745   0.46664
 2.72538   0.47126
 2.75331   0.47577
 2.79825   0.48278
 2.82674   0.48707
 2.85522   0.49124
 2.90209   0.49782
 2.92219   0.50054
 2.94230   0.50320
 2.98243   0.50831
 3.00432   0.51099
 3.02050   0.51292
 3.03668   0.51481
 3.07473   0.51907
 3.09401   0.52115
 3.11328   0.52316
 3.13323   0.52517
 3.16976   0.52869
 3.20629   0.53198
 3.22492   0.53358
 3.24200   0.53498
 3.27956   0.53791
 3.30004   0.53940
 3.32052   0.54082
 3.33927   0.54206
 3.37488   0.54425
 3.39978   0.54566
 3.42468   0.54695
 3.45374   0.54834
 3.49272   0.54997
 3.50673   0.55049
 3.52073   0.55098
 3.53412   0.55142
 3.56711   0.55237
 3.60011   0.55314
 3.62137   0.55354
 3.64125   0.55385
 3.67302   0.55420
 3.70479   0.55440
 3.71909   0.55443
 3.73339   0.55443
 3.76585   0.55431
 3.79832   0.55403
 3.82528   0.55367
 3.85225   0.55319
 3.88894   0.55237
 3.90315   0.55199
 3.91735   0.55159
 3.93254   0.55112
 3.98116   0.54940
 4.00782   0.54831
 4.03447   0.54713
 4.06022   0.54588
 4.10669   0.54340
 4.13520   0.54174
 4.16090   0.54014
 4.19360   0.53799
 4.20574   0.53716
 4.21788   0.53630
 4.23240   0.53526
 4.27008   0.53243
 4.30776   0.52942
 4.35676   0.52527
 4.40176   0.52121
 4.42406   0.51912
 4.44635   0.51697
 4.49134   0.51248
 4.53633   0.50779
 4.58856   0.50209
 4.60849   0.49985
 4.62842   0.49758
 4.65375   0.49464
 4.70681   0.48830
 4.75987   0.48174
 4.80846   0.47555
 4.85903   0.46893
 4.90960   0.46214
 4.95684   0.45566
 5.00408   0.44906
 5.04334   0.44348
 5.07909   0.43834
 5.10589   0.43445
 5.13268   0.43053
 5.16152   0.42628
 5.19146   0.42183
 5.20798   0.41937
 5.22449   0.41689
 5.24744   0.41344
 5.30665   0.40447
 5.36586   0.39541
 5.40032   0.39011
 5.43477   0.38479
 5.46598   0.37995
 5.49883   0.37485
 5.53169   0.36974
 5.56456   0.36462
 5.60255   0.35870
 5.64053   0.35278
 5.67721   0.34707
 5.70533   0.34269
 5.73346   0.33832
 5.76565   0.33332
 5.80190   0.32770
 5.83815   0.32210
 5.87399   0.31659
 5.90661   0.31159
 5.93922   0.30660
 5.97902   0.30055
 6.04998   0.28985
 6.10181   0.28212
 6.15365   0.27446
 6.20336   0.26719
 6.25711   0.25943
 6.31086   0.25176
 6.35997   0.24485
 6.39868   0.23946
 6.43740   0.23413
 6.47600   0.22888
 6.55455   0.21839
 6.60585   0.21168
 6.65716   0.20508
 6.69896   0.19980
 6.74076   0.19460
 6.78386   0.18932
 6.85548   0.18074
 6.90272   0.17522
 6.94996   0.16980
 7.00324   0.16383
 7.07696   0.15579
 7.15068   0.14802
 7.21085   0.14188
 7.27102   0.13592
 7.36537   0.12693
 7.45973   0.11837
 7.50211   0.11467
 7.54449   0.11106
 7.59730   0.10667
 7.68090   0.09999
 7.76449   0.09364
 7.81871   0.08969
 7.87292   0.08586
 7.98040   0.07867
 8.08840   0.07192
 8.19073   0.06596
 8.29931   0.06009
 8.40870   0.05460
 8.51082   0.04986
 8.61443   0.04541
 8.71433   0.04143
 8.81352   0.03778
 8.90209   0.03476
 8.99066   0.03194
 9.08552   0.02914
 9.18164   0.02652
 9.27779   0.02411
 9.37385   0.02189
 9.46774   0.01989
 9.55926   0.01810
 9.64766   0.01651
 9.73218   0.01510
 9.81194   0.01387
 9.90996   0.01247
 10.00045   0.01130
 10.09136   0.01021
 10.18355   0.00921
 10.27678   0.00828
 10.37105   0.00742
 10.46486   0.00664
 10.55824   0.00594
 10.65135   0.00530
 10.74433   0.00471
 10.83738   0.00418
 10.93072   0.00369
 11.02456   0.00324
 11.12407   0.00281
 11.22536   0.00240
 11.32676   0.00203
 11.42849   0.00169
 11.53072   0.00137
 11.63372   0.00107
 11.73849   0.00079
 11.84499   0.00051
 11.94718   0.00025
