 0.00018   0.00000
 0.00023   0.00000
 0.00028   0.00000
 0.00034   0.00000
 0.00041   0.00000
 0.00049   0.00000
 0.00059   0.00000
 0.00069   0.00000
 0.00082   0.00000
 0.00096   0.00000
 0.00112   0.00000
 0.00131   0.00000
 0.00151   0.00000
 0.00174   0.00000
 0.00201   0.00000
 0.00230   0.00000
 0.00262   0.00000
 0.00299   0.00000
 0.00339   0.00000
 0.00383   0.00000
 0.00433   0.00001
 0.00487   0.00001
 0.00547   0.00001
 0.00612   0.00001
 0.00684   0.00001
 0.00762   0.00002
 0.00848   0.00002
 0.00941   0.00003
 0.01043   0.00003
 0.01153   0.00004
 0.01272   0.00005
 0.01402   0.00006
 0.01542   0.00007
 0.01693   0.00008
 0.01857   0.00010
 0.02033   0.00012
 0.02219   0.00014
 0.02422   0.00017
 0.02641   0.00020
 0.02875   0.00024
 0.03126   0.00028
 0.03393   0.00033
 0.03680   0.00039
 0.03988   0.00046
 0.04316   0.00054
 0.04666   0.00063
 0.05040   0.00073
 0.05460   0.00086
 0.05885   0.00100
 0.06337   0.00116
 0.06823   0.00134
 0.07335   0.00155
 0.07883   0.00179
 0.08462   0.00207
 0.09081   0.00238
 0.09766   0.00275
 0.10460   0.00315
 0.11204   0.00362
 0.11961   0.00412
 0.12790   0.00471
 0.13672   0.00538
 0.14619   0.00614
 0.15623   0.00701
 0.16685   0.00799
 0.17820   0.00910
 0.19041   0.01038
 0.20389   0.01189
 0.21686   0.01343
 0.23118   0.01523
 0.24909   0.01764
 0.26566   0.02002
 0.28264   0.02261
 0.30334   0.02596
 0.32404   0.02952
 0.34537   0.03341
 0.36834   0.03783
 0.39474   0.04321
 0.42542   0.04984
 0.45590   0.05681
 0.48638   0.06415
 0.52024   0.07270
 0.55798   0.08268
 0.58834   0.09103
 0.61871   0.09964
 0.66033   0.11179
 0.69531   0.12228
 0.72732   0.13206
 0.75862   0.14175
 0.78991   0.15155
 0.83113   0.16454
 0.86744   0.17601
 0.89780   0.18559
 0.92816   0.19512
 0.96158   0.20552
 0.99672   0.21630
 1.02864   0.22592
 1.06055   0.23535
 1.11194   0.25001
 1.14948   0.26026
 1.18646   0.26991
 1.22212   0.27876
 1.25753   0.28706
 1.29124   0.29446
 1.33222   0.30277
 1.36791   0.30935
 1.40209   0.31504
 1.43563   0.32002
 1.47097   0.32458
 1.50631   0.32843
 1.54987   0.33214
 1.59111   0.33457
 1.62760   0.33583
 1.66175   0.33623
 1.69557   0.33587
 1.73617   0.33443
 1.76732   0.33259
 1.79847   0.33010
 1.83468   0.32638
 1.86756   0.32225
 1.90485   0.31669
 1.93965   0.31068
 1.97862   0.30302
 2.00947   0.29627
 2.04032   0.28893
 2.08301   0.27780
 2.11092   0.26995
 2.13630   0.26241
 2.18239   0.24781
 2.20929   0.23876
 2.23619   0.22934
 2.27733   0.21425
 2.30883   0.20215
 2.34033   0.18963
 2.38330   0.17189
 2.42958   0.15202
 2.47481   0.13191
 2.51585   0.11316
 2.55446   0.09513
 2.59917   0.07388
 2.64343   0.05252
 2.68615   0.03169
 2.72930   0.01053
 2.77186  -0.01039
 2.81389  -0.03101
 2.85561  -0.05135
 2.89882  -0.07222
 2.94265  -0.09309
 2.98697  -0.11380
 3.03201  -0.13435
 3.07782  -0.15466
 3.12398  -0.17441
 3.16758  -0.19235
 3.20326  -0.20644
 3.23893  -0.21998
 3.28062  -0.23504
 3.32807  -0.25113
 3.37573  -0.26609
 3.42297  -0.27966
 3.46555  -0.29078
 3.50246  -0.29952
 3.53938  -0.30742
 3.57764  -0.31469
 3.61764  -0.32127
 3.65454  -0.32640
 3.69846  -0.33132
 3.73547  -0.33444
 3.77046  -0.33654
 3.80130  -0.33769
 3.83214  -0.33820
 3.86331  -0.33805
 3.90407  -0.33685
 3.94559  -0.33448
 3.98407  -0.33125
 4.02705  -0.32649
 4.07606  -0.31961
 4.12055  -0.31205
 4.16228  -0.30386
 4.20813  -0.29368
 4.25460  -0.28213
 4.30083  -0.26947
 4.34846  -0.25528
 4.39366  -0.24079
 4.44214  -0.22421
 4.48847  -0.20743
 4.53745  -0.18879
 4.58658  -0.16924
 4.63565  -0.14896
 4.68495  -0.12791
 4.73372  -0.10654
 4.78250  -0.08470
 4.83067  -0.06277
 4.87864  -0.04068
 4.92602  -0.01869
 4.97303   0.00320
 5.01951   0.02483
 5.06627   0.04649
 5.11401   0.06843
 5.16208   0.09024
 5.21159   0.11234
 5.26156   0.13417
 5.31288   0.15600
 5.36288   0.17661
 5.40980   0.19528
 5.45671   0.21325
 5.51106   0.23310
 5.56407   0.25139
 5.61936   0.26925
 5.67507   0.28593
 5.73052   0.30113
 5.78542   0.31477
 5.84027   0.32693
 5.89587   0.33771
 5.94968   0.34664
 5.99922   0.35353
 6.05173   0.35943
 6.10046   0.36359
 6.15168   0.36660
 6.19924   0.36816
 6.24916   0.36851
 6.29492   0.36768
 6.34467   0.36555
 6.39087   0.36244
 6.44246   0.35771
 6.49286   0.35183
 6.54626   0.34429
 6.59709   0.33588
 6.65220   0.32547
 6.70509   0.31427
 6.76176   0.30101
 6.81805   0.28661
 6.87074   0.27209
 6.92926   0.25486
 6.99275   0.23497
 7.05213   0.21532
 7.11001   0.19529
 7.16982   0.17378
 7.22974   0.15151
 7.29089   0.12814
 7.35078   0.10473
 7.41003   0.08116
 7.46966   0.05712
 7.52911   0.03294
 7.58848   0.00867
 7.64746  -0.01547
 7.70638  -0.03954
 7.76694  -0.06413
 7.82917  -0.08916
 7.89280  -0.11440
 7.95863  -0.14005
 8.02661  -0.16594
 8.09567  -0.19152
 8.16786  -0.21739
 8.24215  -0.24298
 8.31999  -0.26857
 8.39087  -0.29070
 8.47235  -0.31467
 8.55247  -0.33665
 8.63973  -0.35872
 8.74038  -0.38168
 8.84032  -0.40178
 8.94283  -0.41958
 9.04111  -0.43397
 9.14245  -0.44610
 9.23985  -0.45523
 9.34094  -0.46216
 9.43884  -0.46649
 9.53945  -0.46862
 9.63887  -0.46854
 9.73929  -0.46639
 9.84009  -0.46229
 9.94158  -0.45636
 10.04392  -0.44872
 10.14708  -0.43950
 10.25075  -0.42888
 10.35459  -0.41705
 10.45837  -0.40421
 10.56193  -0.39055
 10.66524  -0.37624
 10.76831  -0.36143
 10.87118  -0.34625
 10.97393  -0.33083
 11.07661  -0.31528
 11.17929  -0.29970
 11.28206  -0.28417
 11.38512  -0.26875
 11.49056  -0.25322
 11.59898  -0.23759
 11.71097  -0.22188
 11.82465  -0.20645
 11.92947  -0.19273
 12.05663  -0.17679
 12.18633  -0.16137
 12.31792  -0.14663
 12.44667  -0.13311
 12.57557  -0.12046
 12.71023  -0.10819
 12.82894  -0.09816
 12.94765  -0.08885
 13.06234  -0.08052
 13.17600  -0.07288
 13.28845  -0.06590
 13.39948  -0.05955
 13.50773  -0.05384
 13.61391  -0.04870
 13.71984  -0.04397
 13.82615  -0.03963
 13.92941  -0.03576
 14.03035  -0.03229
 14.13040  -0.02914
 14.23026  -0.02627
 14.33005  -0.02364
 14.42985  -0.02124
 14.52981  -0.01906
 14.63001  -0.01706
 14.73048  -0.01525
 14.83135  -0.01359
 14.93272  -0.01209
 15.03468  -0.01072
 15.13731  -0.00948
 15.24071  -0.00835
 15.34497  -0.00733
 15.45016  -0.00640
 15.55640  -0.00556
 15.66377  -0.00479
 15.77237  -0.00409
 15.88231  -0.00346
 15.99369  -0.00288
 16.10660  -0.00234
 16.22113  -0.00184
 16.33751  -0.00138
 16.45556  -0.00093
 16.57548  -0.00050
 16.69708  -0.00008
 16.78492   0.00022
