 0.05068   0.00006   0.00009
 0.05119   0.00007   0.00009
 0.05169   0.00007   0.00010
 0.05220   0.00007   0.00010
 0.05271   0.00007   0.00010
 0.05322   0.00008   0.00011
 0.05374   0.00008   0.00011
 0.05426   0.00008   0.00011
 0.05478   0.00009   0.00012
 0.05531   0.00009   0.00012
 0.05584   0.00009   0.00012
 0.05637   0.00010   0.00013
 0.05691   0.00010   0.00013
 0.05745   0.00010   0.00013
 0.05799   0.00010   0.00014
 0.05854   0.00011   0.00014
 0.05909   0.00011   0.00014
 0.05965   0.00011   0.00015
 0.06020   0.00012   0.00015
 0.06075   0.00012   0.00016
 0.06131   0.00012   0.00016
 0.06188   0.00013   0.00016
 0.06245   0.00013   0.00017
 0.06302   0.00014   0.00017
 0.06360   0.00014   0.00018
 0.06418   0.00014   0.00018
 0.06476   0.00015   0.00018
 0.06535   0.00015   0.00019
 0.06594   0.00015   0.00019
 0.06653   0.00016   0.00020
 0.06713   0.00016   0.00020
 0.06773   0.00017   0.00021
 0.06833   0.00017   0.00021
 0.06894   0.00017   0.00022
 0.06955   0.00018   0.00022
 0.07016   0.00018   0.00023
 0.07075   0.00019   0.00023
 0.07138   0.00019   0.00024
 0.07200   0.00019   0.00024
 0.07263   0.00020   0.00025
 0.07326   0.00020   0.00025
 0.07390   0.00021   0.00026
 0.07454   0.00021   0.00026
 0.07518   0.00022   0.00027
 0.07583   0.00022   0.00027
 0.07648   0.00022   0.00028
 0.07713   0.00023   0.00028
 0.07779   0.00023   0.00029
 0.07845   0.00024   0.00030
 0.07912   0.00024   0.00030
 0.07979   0.00025   0.00031
 0.08046   0.00025   0.00031
 0.08115   0.00026   0.00032
 0.08184   0.00026   0.00033
 0.08252   0.00027   0.00033
 0.08321   0.00027   0.00034
 0.08391   0.00028   0.00034
 0.08460   0.00028   0.00035
 0.08531   0.00029   0.00036
 0.08601   0.00030   0.00036
 0.08672   0.00030   0.00037
 0.08744   0.00031   0.00038
 0.08816   0.00031   0.00039
 0.08888   0.00032   0.00039
 0.08961   0.00032   0.00040
 0.09034   0.00033   0.00041
 0.09106   0.00034   0.00041
 0.09180   0.00034   0.00042
 0.09255   0.00035   0.00043
 0.09330   0.00036   0.00044
 0.09405   0.00036   0.00044
 0.09481   0.00037   0.00045
 0.09558   0.00037   0.00046
 0.09634   0.00038   0.00047
 0.09712   0.00039   0.00048
 0.09790   0.00039   0.00048
 0.09868   0.00040   0.00049
 0.09947   0.00041   0.00050
 0.10026   0.00042   0.00051
 0.10102   0.00042   0.00052
 0.10182   0.00043   0.00053
 0.10263   0.00044   0.00054
 0.10344   0.00044   0.00055
 0.10426   0.00045   0.00055
 0.10508   0.00046   0.00056
 0.10591   0.00047   0.00057
 0.10674   0.00048   0.00058
 0.10758   0.00048   0.00059
 0.10842   0.00049   0.00060
 0.10927   0.00050   0.00061
 0.11013   0.00051   0.00062
 0.11103   0.00052   0.00063
 0.11190   0.00053   0.00064
 0.11277   0.00053   0.00065
 0.11365   0.00054   0.00067
 0.11453   0.00055   0.00068
 0.11542   0.00056   0.00069
 0.11631   0.00057   0.00070
 0.11721   0.00058   0.00071
 0.11812   0.00059   0.00072
 0.11903   0.00060   0.00073
 0.11995   0.00061   0.00074
 0.12087   0.00062   0.00076
 0.12181   0.00063   0.00077
 0.12275   0.00064   0.00078
 0.12369   0.00065   0.00079
 0.12464   0.00066   0.00081
 0.12559   0.00067   0.00082
 0.12655   0.00068   0.00083
 0.12752   0.00069   0.00085
 0.12849   0.00070   0.00086
 0.12947   0.00071   0.00087
 0.13046   0.00073   0.00089
 0.13142   0.00074   0.00090
 0.13242   0.00075   0.00091
 0.13343   0.00076   0.00093
 0.13444   0.00077   0.00094
 0.13546   0.00078   0.00096
 0.13649   0.00080   0.00097
 0.13752   0.00081   0.00099
 0.13856   0.00082   0.00100
 0.13961   0.00083   0.00102
 0.14066   0.00085   0.00103
 0.14174   0.00086   0.00105
 0.14281   0.00087   0.00107
 0.14389   0.00089   0.00108
 0.14497   0.00090   0.00110
 0.14606   0.00092   0.00112
 0.14716   0.00093   0.00113
 0.14826   0.00094   0.00115
 0.14938   0.00096   0.00117
 0.15050   0.00097   0.00119
 0.15159   0.00099   0.00120
 0.15272   0.00100   0.00122
 0.15387   0.00102   0.00124
 0.15502   0.00103   0.00126
 0.15618   0.00105   0.00128
 0.15734   0.00107   0.00130
 0.15852   0.00108   0.00132
 0.15970   0.00110   0.00134
 0.16089   0.00112   0.00136
 0.16213   0.00113   0.00138
 0.16334   0.00115   0.00140
 0.16456   0.00117   0.00142
 0.16578   0.00119   0.00144
 0.16702   0.00120   0.00147
 0.16826   0.00122   0.00149
 0.16951   0.00124   0.00151
 0.17077   0.00126   0.00153
 0.17205   0.00128   0.00156
 0.17332   0.00130   0.00158
 0.17461   0.00132   0.00160
 0.17590   0.00134   0.00163
 0.17720   0.00136   0.00165
 0.17852   0.00138   0.00168
 0.17984   0.00140   0.00170
 0.18117   0.00142   0.00173
 0.18253   0.00144   0.00175
 0.18388   0.00146   0.00178
 0.18524   0.00148   0.00181
 0.18660   0.00151   0.00183
 0.18798   0.00153   0.00186
 0.18937   0.00155   0.00189
 0.19076   0.00158   0.00192
 0.19216   0.00160   0.00194
 0.19357   0.00162   0.00197
 0.19500   0.00165   0.00200
 0.19643   0.00167   0.00203
 0.19788   0.00170   0.00206
 0.19933   0.00172   0.00209
 0.20080   0.00175   0.00212
 0.20226   0.00177   0.00215
 0.20374   0.00180   0.00219
 0.20524   0.00183   0.00222
 0.20675   0.00185   0.00225
 0.20826   0.00188   0.00228
 0.20979   0.00191   0.00232
 0.21133   0.00194   0.00235
 0.21291   0.00197   0.00239
 0.21447   0.00200   0.00242
 0.21604   0.00203   0.00246
 0.21762   0.00206   0.00249
 0.21922   0.00209   0.00253
 0.22082   0.00212   0.00257
 0.22240   0.00215   0.00260
 0.22403   0.00218   0.00264
 0.22566   0.00221   0.00268
 0.22731   0.00224   0.00272
 0.22897   0.00228   0.00276
 0.23065   0.00231   0.00280
 0.23223   0.00234   0.00284
 0.23392   0.00238   0.00288
 0.23563   0.00241   0.00292
 0.23735   0.00245   0.00296
 0.23908   0.00248   0.00301
 0.24082   0.00252   0.00305
 0.24251   0.00256   0.00309
 0.24428   0.00259   0.00314
 0.24606   0.00263   0.00318
 0.24785   0.00267   0.00323
 0.24965   0.00271   0.00328
 0.25147   0.00275   0.00332
 0.25336   0.00279   0.00337
 0.25521   0.00283   0.00342
 0.25706   0.00287   0.00347
 0.25893   0.00291   0.00352
 0.26081   0.00296   0.00357
 0.26261   0.00300   0.00362
 0.26452   0.00304   0.00367
 0.26644   0.00309   0.00373
 0.26837   0.00313   0.00378
 0.27032   0.00318   0.00383
 0.27230   0.00322   0.00389
 0.27427   0.00327   0.00394
 0.27626   0.00332   0.00400
 0.27827   0.00337   0.00406
 0.28029   0.00342   0.00412
 0.28234   0.00347   0.00418
 0.28438   0.00352   0.00424
 0.28644   0.00357   0.00430
 0.28852   0.00362   0.00436
 0.29061   0.00367   0.00442
 0.29252   0.00372   0.00448
 0.29464   0.00377   0.00454
 0.29677   0.00383   0.00461
 0.29892   0.00389   0.00467
 0.30108   0.00394   0.00474
 0.30319   0.00400   0.00480
 0.30539   0.00406   0.00487
 0.30760   0.00411   0.00494
 0.30982   0.00417   0.00501
 0.31206   0.00423   0.00508
 0.31436   0.00430   0.00516
 0.31663   0.00436   0.00523
 0.31892   0.00442   0.00531
 0.32123   0.00449   0.00538
 0.32350   0.00455   0.00546
 0.32584   0.00462   0.00553
 0.32820   0.00468   0.00561
 0.33031   0.00474   0.00568
 0.33242   0.00480   0.00575
 0.33482   0.00487   0.00583
 0.33724   0.00495   0.00592
 0.33968   0.00502   0.00600
 0.34214   0.00509   0.00609
 0.34468   0.00517   0.00617
 0.34717   0.00524   0.00626
 0.34968   0.00532   0.00635
 0.35221   0.00539   0.00644
 0.35483   0.00547   0.00653
 0.35740   0.00555   0.00663
 0.35998   0.00563   0.00672
 0.36258   0.00571   0.00681
 0.36521   0.00580   0.00691
 0.36784   0.00588   0.00701
 0.37050   0.00597   0.00710
 0.37290   0.00604   0.00719
 0.37560   0.00613   0.00730
 0.37831   0.00622   0.00740
 0.38104   0.00631   0.00750
 0.38356   0.00639   0.00760
 0.38633   0.00648   0.00770
 0.38912   0.00658   0.00781
 0.39193   0.00667   0.00792
 0.39499   0.00678   0.00804
 0.39785   0.00688   0.00815
 0.40036   0.00696   0.00825
 0.40288   0.00705   0.00835
 0.40579   0.00715   0.00847
 0.40872   0.00726   0.00859
 0.41168   0.00736   0.00871
 0.41464   0.00747   0.00883
 0.41764   0.00757   0.00895
 0.42024   0.00767   0.00906
 0.42284   0.00776   0.00917
 0.42589   0.00787   0.00929
 0.42898   0.00799   0.00942
 0.43208   0.00810   0.00955
 0.43544   0.00823   0.00970
 0.43859   0.00835   0.00983
 0.44177   0.00847   0.00997
 0.44493   0.00859   0.01010
 0.44815   0.00871   0.01024
 0.45140   0.00884   0.01038
 0.45440   0.00896   0.01052
 0.45769   0.00909   0.01066
 0.46059   0.00920   0.01079
 0.46324   0.00931   0.01091
 0.46660   0.00944   0.01106
 0.46998   0.00958   0.01121
 0.47339   0.00972   0.01137
 0.47683   0.00986   0.01152
 0.48029   0.01000   0.01168
 0.48368   0.01014   0.01184
 0.48719   0.01029   0.01200
 0.49014   0.01041   0.01214
 0.49309   0.01054   0.01228
 0.49667   0.01069   0.01244
 0.50028   0.01084   0.01261
 0.50382   0.01099   0.01278
 0.50748   0.01115   0.01296
 0.51067   0.01129   0.01311
 0.51356   0.01142   0.01325
 0.51730   0.01158   0.01343
 0.52049   0.01173   0.01359
 0.52369   0.01187   0.01374
 0.52750   0.01204   0.01393
 0.53085   0.01219   0.01409
 0.53390   0.01233   0.01425
 0.53779   0.01251   0.01444
 0.54171   0.01269   0.01464
 0.54527   0.01286   0.01481
 0.54925   0.01304   0.01502
 0.55325   0.01323   0.01522
 0.55765   0.01344   0.01544
 0.56130   0.01362   0.01563
 0.56470   0.01378   0.01581
 0.56882   0.01398   0.01602
 0.57298   0.01418   0.01623
 0.57721   0.01439   0.01645
 0.58042   0.01455   0.01662
 0.58360   0.01471   0.01679
 0.58786   0.01492   0.01702
 0.59217   0.01514   0.01724
 0.59622   0.01534   0.01746
 0.60059   0.01556   0.01769
 0.60474   0.01578   0.01792
 0.60918   0.01601   0.01816
 0.61364   0.01624   0.01840
 0.61862   0.01650   0.01867
 0.62316   0.01674   0.01892
 0.62779   0.01698   0.01917
 0.63240   0.01723   0.01943
 0.63678   0.01747   0.01967
 0.64066   0.01768   0.01988
 0.64454   0.01789   0.02010
 0.64929   0.01815   0.02037
 0.65407   0.01841   0.02064
 0.65934   0.01870   0.02093
 0.66420   0.01898   0.02121
 0.66952   0.01928   0.02151
 0.67446   0.01956   0.02179
 0.67974   0.01986   0.02209
 0.68477   0.02015   0.02238
 0.68998   0.02045   0.02268
 0.69509   0.02075   0.02298
 0.70025   0.02105   0.02328
 0.70527   0.02135   0.02357
 0.70943   0.02160   0.02381
 0.71358   0.02184   0.02406
 0.71907   0.02217   0.02438
 0.72441   0.02250   0.02469
 0.72919   0.02279   0.02498
 0.73396   0.02308   0.02526
 0.73905   0.02340   0.02556
 0.74413   0.02371   0.02586
 0.74945   0.02404   0.02618
 0.75478   0.02438   0.02650
 0.76095   0.02477   0.02687
 0.76668   0.02514   0.02721
 0.76989   0.02534   0.02741
 0.77309   0.02555   0.02760
 0.77894   0.02593   0.02795
 0.78477   0.02631   0.02830
 0.78959   0.02662   0.02860
 0.79442   0.02694   0.02889
 0.79950   0.02728   0.02920
 0.80459   0.02762   0.02951
 0.80945   0.02794   0.02980
 0.81431   0.02827   0.03010
 0.81937   0.02861   0.03041
 0.82443   0.02896   0.03072
 0.82961   0.02931   0.03104
 0.83480   0.02967   0.03135
 0.83986   0.03002   0.03166
 0.84493   0.03037   0.03197
 0.84980   0.03071   0.03227
 0.85467   0.03105   0.03257
 0.85970   0.03141   0.03288
 0.86473   0.03177   0.03319
 0.87004   0.03214   0.03352
 0.87535   0.03253   0.03384
 0.87951   0.03283   0.03410
 0.88366   0.03313   0.03435
 0.88999   0.03359   0.03474
 0.89676   0.03408   0.03516
 0.90361   0.03459   0.03558
 0.90990   0.03505   0.03596
 0.91685   0.03557   0.03639
 0.92396   0.03611   0.03682
 0.92868   0.03646   0.03711
 0.93339   0.03682   0.03740
 0.93882   0.03723   0.03773
 0.94602   0.03778   0.03817
 0.95027   0.03811   0.03843
 0.95420   0.03841   0.03867
 0.95940   0.03882   0.03899
 0.96460   0.03922   0.03930
 0.97011   0.03965   0.03963
 0.97561   0.04009   0.03997
 0.97952   0.04040   0.04020
 0.98344   0.04071   0.04044
 0.98919   0.04116   0.04079
 0.99686   0.04178   0.04124
 1.00592   0.04251   0.04179
 1.00972   0.04282   0.04201
 1.01353   0.04313   0.04224
 1.01991   0.04365   0.04262
 1.02787   0.04430   0.04309
 1.03600   0.04497   0.04357
 1.04077   0.04537   0.04384
 1.04554   0.04576   0.04412
 1.05094   0.04621   0.04444
 1.05634   0.04667   0.04475
 1.06464   0.04737   0.04523
 1.06910   0.04775   0.04549
 1.07357   0.04813   0.04574
 1.07914   0.04860   0.04606
 1.08766   0.04933   0.04654
 1.09810   0.05024   0.04713
 1.10940   0.05122   0.04776
 1.11963   0.05212   0.04832
 1.12912   0.05296   0.04884
 1.13864   0.05380   0.04936
 1.14936   0.05476   0.04993
 1.15857   0.05559   0.05042
 1.16778   0.05643   0.05090
 1.17888   0.05744   0.05147
 1.18593   0.05809   0.05183
 1.18966   0.05843   0.05202
 1.19340   0.05878   0.05221
 1.19926   0.05932   0.05250
 1.20901   0.06023   0.05298
 1.21624   0.06090   0.05334
 1.22346   0.06158   0.05369
 1.22921   0.06212   0.05396
 1.23496   0.06267   0.05423
 1.23925   0.06308   0.05443
 1.24354   0.06348   0.05463
 1.24910   0.06401   0.05489
 1.25939   0.06500   0.05536
 1.26709   0.06574   0.05570
 1.27479   0.06649   0.05604
 1.27920   0.06692   0.05623
 1.28361   0.06735   0.05642
 1.28923   0.06789   0.05666
 1.29997   0.06895   0.05711
 1.30792   0.06973   0.05744
 1.31587   0.07052   0.05776
 1.32348   0.07127   0.05806
 1.32903   0.07183   0.05827
 1.33458   0.07238   0.05849
 1.34111   0.07304   0.05873
 1.34895   0.07382   0.05902
 1.35705   0.07464   0.05931
 1.36515   0.07546   0.05960
 1.37004   0.07596   0.05977
 1.37492   0.07646   0.05993
 1.38670   0.07767   0.06032
 1.39615   0.07864   0.06062
 1.40547   0.07960   0.06091
 1.41729   0.08083   0.06126
 1.42524   0.08166   0.06148
 1.42958   0.08211   0.06160
 1.43391   0.08257   0.06172
 1.44023   0.08323   0.06189
 1.44594   0.08383   0.06203
 1.45652   0.08495   0.06229
 1.46592   0.08595   0.06251
 1.47533   0.08695   0.06272
 1.48659   0.08816   0.06296
 1.49431   0.08899   0.06311
 1.50017   0.08962   0.06322
 1.50587   0.09024   0.06332
 1.51642   0.09138   0.06350
 1.52696   0.09253   0.06366
 1.53545   0.09345   0.06377
 1.54084   0.09404   0.06384
 1.54623   0.09463   0.06391
 1.55515   0.09562   0.06401
 1.55971   0.09612   0.06406
 1.56428   0.09662   0.06410
 1.56977   0.09723   0.06415
 1.57527   0.09784   0.06419
 1.57942   0.09830   0.06422
 1.58356   0.09876   0.06425
 1.58927   0.09940   0.06428
 1.59810   0.10038   0.06433
 1.60693   0.10137   0.06436
 1.61527   0.10231   0.06438
 1.62080   0.10293   0.06438
 1.62584   0.10350   0.06438
 1.63379   0.10440   0.06438
 1.64127   0.10525   0.06436
 1.64878   0.10610   0.06434
 1.65629   0.10696   0.06431
 1.66428   0.10787   0.06426
 1.67117   0.10866   0.06422
 1.67807   0.10945   0.06416
 1.68766   0.11055   0.06407
 1.69654   0.11157   0.06398
 1.70456   0.11250   0.06388
 1.71629   0.11386   0.06372
 1.72588   0.11497   0.06357
 1.73547   0.11609   0.06340
 1.74644   0.11737   0.06319
 1.75575   0.11846   0.06300
 1.76506   0.11955   0.06279
 1.77520   0.12074   0.06254
 1.78468   0.12186   0.06230
 1.79016   0.12251   0.06215
 1.79563   0.12316   0.06200
 1.80634   0.12443   0.06168
 1.81586   0.12556   0.06138
 1.82538   0.12669   0.06107
 1.83778   0.12817   0.06063
 1.84671   0.12924   0.06030
 1.85483   0.13021   0.05999
 1.86590   0.13154   0.05954
 1.87664   0.13284   0.05908
 1.88560   0.13391   0.05869
 1.89455   0.13500   0.05828
 1.89996   0.13565   0.05802
 1.90537   0.13631   0.05776
 1.91745   0.13777   0.05716
 1.92513   0.13871   0.05676
 1.93026   0.13933   0.05649
 1.93498   0.13990   0.05624
 1.94677   0.14134   0.05558
 1.95620   0.14249   0.05504
 1.96500   0.14357   0.05452
 1.97755   0.14511   0.05375
 1.98512   0.14604   0.05327
 1.99008   0.14665   0.05296
 1.99504   0.14725   0.05263
 2.00554   0.14855   0.05193
 2.01579   0.14981   0.05123
 2.02518   0.15097   0.05056
 2.05248   0.15435   0.04854
 2.08033   0.15780   0.04632
 2.10834   0.16129   0.04395
 2.11209   0.16176   0.04361
 2.11584   0.16223   0.04328
 2.14287   0.16560   0.04080
 2.17009   0.16901   0.03817
 2.19683   0.17236   0.03544
 2.20712   0.17366   0.03435
 2.20950   0.17395   0.03410
 2.21187   0.17425   0.03384
 2.21426   0.17455   0.03358
 2.23810   0.17755   0.03096
 2.26397   0.18081   0.02798
 2.28963   0.18404   0.02491
 2.29700   0.18497   0.02400
 2.30437   0.18590   0.02309
 2.30927   0.18651   0.02248
 2.31185   0.18684   0.02215
 2.31420   0.18713   0.02185
 2.33777   0.19011   0.01882
 2.36303   0.19329   0.01545
 2.38821   0.19646   0.01198
 2.39546   0.19738   0.01096
 2.40271   0.19829   0.00993
 2.40667   0.19879   0.00937
 2.40923   0.19911   0.00900
 2.41179   0.19943   0.00863
 2.41411   0.19972   0.00830
 2.43731   0.20265   0.00490
 2.46238   0.20580   0.00112
 2.48745   0.20895  -0.00276
 2.49414   0.20979  -0.00382
 2.50083   0.21063  -0.00488
 2.50537   0.21119  -0.00560
 2.50992   0.21176  -0.00633
 2.52806   0.21404  -0.00927
 2.54481   0.21613  -0.01203
 2.56987   0.21926  -0.01624
 2.59501   0.22239  -0.02055
 2.60346   0.22344  -0.02203
 2.60728   0.22392  -0.02269
 2.60974   0.22422  -0.02313
 2.61220   0.22453  -0.02356
 2.61497   0.22487  -0.02405
 2.64007   0.22798  -0.02852
 2.66532   0.23110  -0.03311
 2.69060   0.23421  -0.03779
 2.69798   0.23512  -0.03917
 2.70536   0.23602  -0.04055
 2.70863   0.23642  -0.04117
 2.71191   0.23683  -0.04179
 2.71685   0.23743  -0.04273
 2.74215   0.24052  -0.04757
 2.76757   0.24361  -0.05251
 2.79302   0.24669  -0.05753
 2.80090   0.24764  -0.05910
 2.80879   0.24859  -0.06067
 2.81180   0.24896  -0.06128
 2.81482   0.24932  -0.06188
 2.84029   0.25237  -0.06703
 2.86586   0.25542  -0.07226
 2.89146   0.25846  -0.07755
 2.89900   0.25935  -0.07911
 2.90654   0.26024  -0.08069
 2.90983   0.26062  -0.08137
 2.91311   0.26101  -0.08206
 2.91682   0.26145  -0.08284
 2.94241   0.26444  -0.08823
 2.96811   0.26743  -0.09368
 2.99380   0.27040  -0.09918
 3.00187   0.27133  -0.10091
 3.00994   0.27225  -0.10265
 3.03152   0.27471  -0.10731
 3.05118   0.27694  -0.11157
 3.07687   0.27983  -0.11716
 3.10257   0.28270  -0.12278
 3.10864   0.28338  -0.12410
 3.11179   0.28373  -0.12479
 3.11495   0.28407  -0.12548
 3.14054   0.28689  -0.13110
 3.16621   0.28969  -0.13673
 3.19184   0.29246  -0.14236
 3.19923   0.29325  -0.14399
 3.20663   0.29405  -0.14561
 3.20970   0.29437  -0.14629
 3.21278   0.29470  -0.14696
 3.21586   0.29503  -0.14764
 3.24129   0.29772  -0.15322
 3.26679   0.30039  -0.15881
 3.29221   0.30302  -0.16436
 3.29951   0.30377  -0.16595
 3.30682   0.30452  -0.16754
 3.30977   0.30482  -0.16818
 3.31273   0.30512  -0.16883
 3.31585   0.30544  -0.16950
 3.34099   0.30798  -0.17495
 3.36619   0.31050  -0.18038
 3.39128   0.31298  -0.18576
 3.39819   0.31365  -0.18723
 3.40510   0.31432  -0.18870
 3.40970   0.31477  -0.18968
 3.41380   0.31517  -0.19055
 3.41754   0.31553  -0.19134
 3.44227   0.31790  -0.19656
 3.46702   0.32024  -0.20174
 3.49163   0.32254  -0.20683
 3.49832   0.32316  -0.20821
 3.50501   0.32377  -0.20958
 3.50919   0.32415  -0.21044
 3.51157   0.32437  -0.21092
 3.51375   0.32457  -0.21137
 3.53551   0.32654  -0.21578
 3.55970   0.32870  -0.22063
 3.58374   0.33082  -0.22539
 3.60760   0.33288  -0.23005
 3.60947   0.33304  -0.23042
 3.61133   0.33320  -0.23078
 3.61303   0.33335  -0.23111
 3.63007   0.33479  -0.23438
 3.65352   0.33675  -0.23882
 3.67683   0.33867  -0.24317
 3.69993   0.34053  -0.24740
 3.70364   0.34083  -0.24807
 3.70734   0.34112  -0.24874
 3.70970   0.34131  -0.24917
 3.71206   0.34150  -0.24959
 3.71428   0.34167  -0.24999
 3.73657   0.34342  -0.25396
 3.75908   0.34515  -0.25788
 3.78136   0.34683  -0.26169
 3.80339   0.34846  -0.26537
 3.80644   0.34868  -0.26587
 3.80949   0.34890  -0.26637
 3.81096   0.34901  -0.26662
 3.81244   0.34912  -0.26686
 3.82716   0.35018  -0.26925
 3.84853   0.35169  -0.27265
 3.86970   0.35316  -0.27595
 3.89056   0.35457  -0.27911
 3.89580   0.35492  -0.27989
 3.90103   0.35527  -0.28067
 3.90955   0.35584  -0.28192
 3.91089   0.35592  -0.28211
 3.91216   0.35601  -0.28230
 3.92495   0.35684  -0.28414
 3.94477   0.35811  -0.28694
 3.96435   0.35934  -0.28963
 3.98353   0.36051  -0.29218
 4.00228   0.36163  -0.29461
 4.00708   0.36191  -0.29522
 4.00919   0.36204  -0.29548
 4.01094   0.36214  -0.29570
 4.01252   0.36223  -0.29590
 4.02833   0.36315  -0.29785
 4.04580   0.36413  -0.29995
 4.06276   0.36507  -0.30192
 4.07905   0.36595  -0.30375
 4.09457   0.36677  -0.30544
 4.10917   0.36753  -0.30698
 4.10989   0.36757  -0.30706
 4.11024   0.36758  -0.30709
 4.11056   0.36760  -0.30713
 4.11380   0.36776  -0.30746
 4.12528   0.36834  -0.30863
 4.13615   0.36888  -0.30970
 4.14743   0.36943  -0.31079
 4.16028   0.37004  -0.31199
 4.17431   0.37070  -0.31326
 4.18928   0.37138  -0.31456
 4.20506   0.37209  -0.31588
 4.20982   0.37229  -0.31626
 4.21112   0.37235  -0.31637
 4.21230   0.37240  -0.31646
 4.22412   0.37291  -0.31738
 4.24133   0.37362  -0.31867
 4.25911   0.37434  -0.31992
 4.27740   0.37505  -0.32113
 4.29618   0.37576  -0.32228
 4.30122   0.37594  -0.32257
 4.30626   0.37612  -0.32286
 4.30936   0.37623  -0.32304
 4.31099   0.37629  -0.32313
 4.31261   0.37635  -0.32322
 4.32884   0.37692  -0.32407
 4.34878   0.37758  -0.32503
 4.36911   0.37823  -0.32591
 4.38981   0.37885  -0.32669
 4.39590   0.37903  -0.32690
 4.40198   0.37920  -0.32710
 4.40528   0.37930  -0.32721
 4.40858   0.37939  -0.32731
 4.40985   0.37942  -0.32735
 4.41112   0.37946  -0.32739
 4.41267   0.37950  -0.32743
 4.42818   0.37992  -0.32786
 4.44986   0.38047  -0.32834
 4.47185   0.38099  -0.32871
 4.49416   0.38148  -0.32896
 4.50066   0.38161  -0.32901
 4.50715   0.38175  -0.32904
 4.50977   0.38180  -0.32905
 4.51239   0.38185  -0.32906
 4.51507   0.38190  -0.32907
 4.53800   0.38232  -0.32906
 4.56117   0.38271  -0.32891
 4.58461   0.38305  -0.32862
 4.60833   0.38336  -0.32817
 4.60984   0.38337  -0.32814
 4.61135   0.38339  -0.32811
 4.61325   0.38341  -0.32806
 4.63231   0.38362  -0.32757
 4.65656   0.38383  -0.32681
 4.68105   0.38401  -0.32589
 4.70577   0.38413  -0.32480
 4.70893   0.38414  -0.32465
 4.71153   0.38415  -0.32452
 4.71413   0.38416  -0.32439
 4.73923   0.38422  -0.32307
 4.76448   0.38423  -0.32157
 4.78994   0.38419  -0.31990
 4.79666   0.38417  -0.31943
 4.80338   0.38415  -0.31895
 4.80686   0.38414  -0.31870
 4.80871   0.38413  -0.31856
 4.80977   0.38413  -0.31848
 4.81084   0.38412  -0.31840
 4.81215   0.38412  -0.31830
 4.82525   0.38405  -0.31730
 4.85117   0.38389  -0.31520
 4.87722   0.38367  -0.31291
 4.90341   0.38339  -0.31044
 4.90683   0.38335  -0.31011
 4.90862   0.38333  -0.30993
 4.90987   0.38332  -0.30981
 4.91113   0.38330  -0.30968
 4.91268   0.38328  -0.30953
 4.92824   0.38308  -0.30795
 4.95459   0.38270  -0.30513
 4.98098   0.38227  -0.30215
 5.00731   0.38179  -0.29901
 5.00886   0.38175  -0.29882
 5.00985   0.38174  -0.29870
 5.01083   0.38172  -0.29857
 5.01187   0.38170  -0.29845
 5.02220   0.38149  -0.29716
 5.04776   0.38094  -0.29386
 5.07297   0.38035  -0.29047
 5.09617   0.37976  -0.28722
 5.10166   0.37962  -0.28643
 5.10714   0.37947  -0.28564
 5.10962   0.37940  -0.28528
 5.11058   0.37938  -0.28514
 5.11153   0.37935  -0.28500
 5.12105   0.37909  -0.28360
 5.14768   0.37832  -0.27958
 5.17501   0.37748  -0.27529
 5.20269   0.37657  -0.27079
 5.20571   0.37647  -0.27029
 5.20873   0.37636  -0.26979
 5.20981   0.37633  -0.26961
 5.21088   0.37629  -0.26943
 5.21213   0.37625  -0.26922
 5.22462   0.37581  -0.26711
 5.25244   0.37480  -0.26231
 5.28027   0.37373  -0.25735
 5.30807   0.37262  -0.25225
 5.30998   0.37254  -0.25189
 5.31188   0.37246  -0.25154
 5.31526   0.37232  -0.25091
 5.34288   0.37114  -0.24566
 5.37052   0.36991  -0.24027
 5.39807   0.36864  -0.23477
 5.40353   0.36838  -0.23366
 5.40899   0.36812  -0.23255
 5.41169   0.36799  -0.23200
 5.41439   0.36786  -0.23145
 5.44140   0.36654  -0.22586
 5.46868   0.36515  -0.22009
 5.49585   0.36372  -0.21423
 5.50630   0.36316  -0.21195
 5.50880   0.36302  -0.21140
 5.51131   0.36289  -0.21085
 5.51411   0.36274  -0.21023
 5.54092   0.36125  -0.20428
 5.56774   0.35973  -0.19822
 5.59443   0.35816  -0.19209
 5.60423   0.35758  -0.18982
 5.60959   0.35726  -0.18857
 5.61494   0.35694  -0.18732
 5.62015   0.35662  -0.18610
 5.64640   0.35501  -0.17991
 5.67264   0.35335  -0.17363
 5.69872   0.35167  -0.16732
 5.70585   0.35121  -0.16559
 5.70861   0.35102  -0.16491
 5.71138   0.35084  -0.16424
 5.71441   0.35064  -0.16349
 5.74005   0.34893  -0.15718
 5.76569   0.34719  -0.15081
 5.79115   0.34542  -0.14442
 5.80009   0.34480  -0.14217
 5.80903   0.34417  -0.13991
 5.81355   0.34384  -0.13876
 5.81769   0.34355  -0.13771
 5.84256   0.34176  -0.13137
 5.86742   0.33994  -0.12498
 5.89207   0.33811  -0.11861
 5.90118   0.33743  -0.11625
 5.90681   0.33701  -0.11479
 5.91009   0.33676  -0.11393
 5.91322   0.33652  -0.11312
 5.93720   0.33469  -0.10686
 5.96117   0.33284  -0.10058
 5.98488   0.33098  -0.09434
 6.00830   0.32912  -0.08815
 6.01313   0.32873  -0.08687
 6.01789   0.32835  -0.08561
 6.04062   0.32651  -0.07958
 6.06328   0.32466  -0.07356
 6.08559   0.32282  -0.06762
 6.10750   0.32100  -0.06177
 6.11380   0.32047  -0.06009
 6.12010   0.31994  -0.05841
 6.14094   0.31818  -0.05285
 6.16163   0.31642  -0.04732
 6.18175   0.31469  -0.04195
 6.20120   0.31300  -0.03675
 6.20774   0.31243  -0.03501
 6.21427   0.31186  -0.03327
 6.22021   0.31134  -0.03168
 6.23711   0.30986  -0.02718
 6.25358   0.30841  -0.02279
 6.26553   0.30735  -0.01961
 6.27725   0.30630  -0.01649
 6.29119   0.30506  -0.01279
 6.30696   0.30364  -0.00861
 6.31460   0.30295  -0.00659
 6.32224   0.30226  -0.00457
 6.34055   0.30060   0.00027
 6.35987   0.29884   0.00536
 6.38014   0.29698   0.01068
 6.40127   0.29503   0.01621
 6.40666   0.29453   0.01761
 6.40959   0.29426   0.01838
 6.41252   0.29399   0.01914
 6.41655   0.29361   0.02019
 6.43917   0.29151   0.02607
 6.46241   0.28933   0.03208
 6.48637   0.28708   0.03824
 6.49747   0.28603   0.04108
 6.50857   0.28498   0.04391
 6.51559   0.28432   0.04570
 6.52201   0.28371   0.04733
 6.54780   0.28126   0.05386
 6.57406   0.27875   0.06045
 6.60096   0.27616   0.06715
 6.60919   0.27537   0.06919
 6.61742   0.27458   0.07122
 6.62565   0.27378   0.07325
 6.65387   0.27106   0.08015
 6.68246   0.26828   0.08706
 6.69421   0.26714   0.08989
 6.70597   0.26599   0.09270
 6.71642   0.26497   0.09518
 6.72611   0.26403   0.09747
 6.75605   0.26110   0.10450
 6.78624   0.25814   0.11149
 6.79792   0.25699   0.11417
 6.80960   0.25584   0.11683
 6.83191   0.25365   0.12188
 6.85242   0.25163   0.12646
 6.88340   0.24857   0.13329
 6.89594   0.24734   0.13603
 6.90848   0.24610   0.13874
 6.91540   0.24542   0.14023
 6.92164   0.24480   0.14156
 6.95270   0.24173   0.14814
 6.98382   0.23866   0.15461
 6.99844   0.23722   0.15761
 7.00570   0.23650   0.15909
 7.00980   0.23610   0.15992
 7.01390   0.23569   0.16075
 7.01997   0.23509   0.16197
 7.05076   0.23205   0.16809
 7.08160   0.22901   0.17410
 7.09244   0.22795   0.17618
 7.10328   0.22688   0.17824
 7.10846   0.22637   0.17922
 7.11365   0.22586   0.18019
 7.11841   0.22539   0.18109
 7.14872   0.22241   0.18670
 7.17908   0.21944   0.19218
 7.20927   0.21649   0.19750
 7.21957   0.21548   0.19928
 7.22892   0.21457   0.20089
 7.25863   0.21168   0.20590
 7.28834   0.20879   0.21078
 7.29904   0.20775   0.21251
 7.30975   0.20672   0.21421
 7.33069   0.20470   0.21750
 7.34997   0.20284   0.22047
 7.37898   0.20005   0.22483
 7.40789   0.19729   0.22904
 7.41312   0.19679   0.22979
 7.41835   0.19629   0.23053
 7.44673   0.19360   0.23449
 7.47513   0.19091   0.23832
 7.50330   0.18826   0.24200
 7.50838   0.18778   0.24265
 7.51266   0.18738   0.24319
 7.51693   0.18698   0.24373
 7.54448   0.18440   0.24715
 7.57203   0.18184   0.25044
 7.59932   0.17932   0.25358
 7.60548   0.17875   0.25428
 7.60916   0.17841   0.25469
 7.61284   0.17807   0.25510
 7.61627   0.17775   0.25548
 7.64277   0.17533   0.25834
 7.66928   0.17291   0.26110
 7.69546   0.17054   0.26371
 7.70512   0.16967   0.26465
 7.70970   0.16925   0.26509
 7.71428   0.16884   0.26552
 7.71899   0.16842   0.26597
 7.74411   0.16617   0.26828
 7.76917   0.16394   0.27049
 7.79381   0.16176   0.27256
 7.80141   0.16109   0.27318
 7.80901   0.16042   0.27380
 7.81184   0.16017   0.27402
 7.81447   0.15994   0.27423
 7.83762   0.15792   0.27602
 7.86074   0.15591   0.27772
 7.88324   0.15397   0.27930
 7.90501   0.15210   0.28076
 7.90794   0.15185   0.28095
 7.90967   0.15170   0.28106
 7.91140   0.15155   0.28117
 7.91302   0.15142   0.28127
 7.92922   0.15004   0.28229
 7.94875   0.14838   0.28346
 7.96727   0.14682   0.28452
 7.98158   0.14562   0.28530
 7.99589   0.14443   0.28606
 8.00020   0.14407   0.28628
 8.00451   0.14371   0.28650
 8.00997   0.14326   0.28677
 8.01542   0.14281   0.28704
 8.02099   0.14235   0.28730
 8.03868   0.14089   0.28813
 8.05772   0.13933   0.28896
 8.07792   0.13769   0.28979
 8.09911   0.13598   0.29060
 8.10787   0.13527   0.29091
 8.10962   0.13513   0.29098
 8.11137   0.13499   0.29104
 8.11316   0.13485   0.29110
 8.13109   0.13341   0.29170
 8.15432   0.13157   0.29240
 8.17826   0.12969   0.29306
 8.20287   0.12777   0.29364
 8.20719   0.12743   0.29374
 8.20970   0.12724   0.29379
 8.21222   0.12704   0.29384
 8.21505   0.12682   0.29390
 8.24063   0.12485   0.29438
 8.26672   0.12287   0.29479
 8.29335   0.12085   0.29510
 8.30304   0.12013   0.29520
 8.30780   0.11977   0.29524
 8.31256   0.11942   0.29528
 8.31720   0.11907   0.29531
 8.34483   0.11702   0.29546
 8.37287   0.11497   0.29551
 8.40136   0.11291   0.29547
 8.40684   0.11251   0.29545
 8.40971   0.11231   0.29544
 8.41259   0.11210   0.29542
 8.41618   0.11184   0.29541
 8.44533   0.10977   0.29521
 8.47479   0.10770   0.29491
 8.50459   0.10563   0.29450
 8.50864   0.10535   0.29444
 8.51268   0.10507   0.29437
 8.51664   0.10480   0.29431
 8.54683   0.10274   0.29375
 8.57721   0.10070   0.29310
 8.60773   0.09867   0.29234
 8.61323   0.09831   0.29219
 8.61872   0.09795   0.29204
 8.64909   0.09597   0.29115
 8.67947   0.09402   0.29017
 8.70956   0.09211   0.28911
 8.72365   0.09123   0.28859
 8.73635   0.09044   0.28810
 8.76508   0.08867   0.28694
 8.79343   0.08694   0.28572
 8.80421   0.08629   0.28523
 8.80819   0.08605   0.28505
 8.81216   0.08582   0.28487
 8.81683   0.08554   0.28465
 8.84253   0.08401   0.28344
 8.86792   0.08252   0.28218
 8.89202   0.08113   0.28093
 8.89899   0.08073   0.28057
 8.90597   0.08033   0.28019
 8.90867   0.08017   0.28005
 8.91138   0.08002   0.27990
 8.91391   0.07988   0.27977
 8.93257   0.07882   0.27874
 8.94734   0.07799   0.27791
 8.96184   0.07718   0.27708
 8.97894   0.07624   0.27608
 8.99813   0.07519   0.27493
 9.00690   0.07471   0.27440
 9.00976   0.07456   0.27423
 9.01262   0.07440   0.27405
 9.01615   0.07421   0.27383
 9.03782   0.07305   0.27248
 9.06053   0.07184   0.27103
 9.08403   0.07061   0.26949
 9.10820   0.06937   0.26788
 9.11364   0.06909   0.26751
 9.11867   0.06883   0.26717
 9.14350   0.06757   0.26545
 9.16888   0.06630   0.26367
 9.19464   0.06504   0.26182
 9.20698   0.06443   0.26092
 9.21446   0.06407   0.26037
 9.22194   0.06371   0.25982
 9.24819   0.06246   0.25786
 9.27479   0.06120   0.25584
 9.30159   0.05996   0.25377
 9.30722   0.05971   0.25333
 9.31284   0.05945   0.25289
 9.31893   0.05917   0.25242
 9.34585   0.05795   0.25029
 9.37302   0.05675   0.24811
 9.40029   0.05556   0.24589
 9.40683   0.05527   0.24536
 9.41337   0.05499   0.24482
 9.42055   0.05468   0.24423
 9.44779   0.05353   0.24197
 9.47522   0.05238   0.23967
 9.50267   0.05125   0.23734
 9.50978   0.05097   0.23674
 9.51689   0.05068   0.23613
 9.52766   0.05024   0.23521
 9.55499   0.04916   0.23285
 9.58244   0.04809   0.23047
 9.60987   0.04703   0.22806
 9.63726   0.04600   0.22565
 9.66486   0.04498   0.22320
 9.69215   0.04399   0.22077
 9.70650   0.04347   0.21948
 9.71633   0.04312   0.21860
 9.72615   0.04277   0.21772
 9.75316   0.04183   0.21528
 9.78024   0.04090   0.21283
 9.80725   0.03999   0.21038
 9.81884   0.03960   0.20933
 9.82949   0.03925   0.20836
 9.85620   0.03838   0.20592
 9.88295   0.03753   0.20348
 9.90962   0.03669   0.20104
 9.93618   0.03587   0.19861
 9.96290   0.03506   0.19616
 9.98925   0.03428   0.19374
 10.00355   0.03386   0.19243
 10.01785   0.03344   0.19112
 10.03445   0.03297   0.18960
 10.06038   0.03223   0.18723
 10.08626   0.03152   0.18487
 10.10068   0.03112   0.18355
 10.11025   0.03086   0.18268
 10.11982   0.03061   0.18180
 10.14515   0.02993   0.17950
 10.17046   0.02927   0.17720
 10.19555   0.02863   0.17493
 10.20807   0.02831   0.17380
 10.22059   0.02800   0.17267
 10.23498   0.02764   0.17137
 10.25897   0.02706   0.16921
 10.28268   0.02649   0.16709
 10.30571   0.02595   0.16503
 10.32483   0.02550   0.16333
 10.34238   0.02510   0.16178
 10.35948   0.02472   0.16027
 10.37658   0.02434   0.15876
 10.39200   0.02400   0.15740
 10.40987   0.02361   0.15584
 10.42938   0.02319   0.15414
 10.45010   0.02276   0.15234
 10.47156   0.02231   0.15048
 10.49360   0.02186   0.14859
 10.50883   0.02156   0.14728
 10.52405   0.02125   0.14598
 10.54389   0.02087   0.14430
 10.56686   0.02042   0.14236
 10.58999   0.01999   0.14042
 10.60535   0.01970   0.13913
 10.62072   0.01942   0.13786
 10.63535   0.01915   0.13665
 10.65859   0.01874   0.13473
 10.68191   0.01833   0.13282
 10.70524   0.01793   0.13093
 10.72090   0.01766   0.12967
 10.73531   0.01742   0.12851
 10.75852   0.01704   0.12666
 10.78178   0.01666   0.12481
 10.80500   0.01630   0.12299
 10.81942   0.01607   0.12186
 10.83383   0.01585   0.12074
 10.85689   0.01550   0.11896
 10.87998   0.01516   0.11720
 10.90302   0.01482   0.11545
 10.92038   0.01457   0.11414
 10.93774   0.01433   0.11284
 10.96061   0.01401   0.11115
 10.98347   0.01370   0.10946
 11.00628   0.01339   0.10780
 11.02075   0.01320   0.10676
 11.03382   0.01303   0.10582
 11.05644   0.01274   0.10420
 11.07907   0.01246   0.10260
 11.10166   0.01218   0.10102
 11.12122   0.01195   0.09966
 11.14079   0.01171   0.09832
 11.16320   0.01145   0.09679
 11.18558   0.01120   0.09528
 11.20791   0.01095   0.09379
 11.23018   0.01070   0.09232
 11.25033   0.01049   0.09100
 11.27249   0.01025   0.08956
 11.29460   0.01002   0.08815
 11.30781   0.00989   0.08731
 11.32101   0.00976   0.08648
 11.33398   0.00963   0.08566
 11.35588   0.00941   0.08430
 11.37780   0.00920   0.08295
 11.39966   0.00900   0.08162
 11.40985   0.00890   0.08101
 11.42003   0.00881   0.08040
 11.43793   0.00865   0.07933
 11.45962   0.00845   0.07805
 11.48128   0.00827   0.07679
 11.50290   0.00808   0.07555
 11.51915   0.00794   0.07462
 11.53540   0.00781   0.07370
 11.55685   0.00764   0.07250
 11.57830   0.00746   0.07132
 11.59969   0.00730   0.07015
 11.60785   0.00723   0.06971
 11.61601   0.00717   0.06927
 11.62468   0.00711   0.06880
 11.64586   0.00695   0.06767
 11.66710   0.00679   0.06656
 11.68829   0.00664   0.06546
 11.70943   0.00649   0.06437
 11.73053   0.00635   0.06331
 11.75177   0.00620   0.06224
 11.77277   0.00607   0.06121
 11.79373   0.00593   0.06018
 11.80563   0.00585   0.05961
 11.81754   0.00578   0.05904
 11.82998   0.00570   0.05845
 11.85075   0.00557   0.05747
 11.87153   0.00545   0.05650
 11.89227   0.00533   0.05555
 11.90492   0.00525   0.05498
 11.91757   0.00518   0.05441
 11.93348   0.00509   0.05370
 11.95405   0.00498   0.05279
 11.97461   0.00487   0.05189
 11.99513   0.00476   0.05101
 12.00726   0.00469   0.05049
 12.01940   0.00463   0.04998
 12.03077   0.00457   0.04951
 12.05110   0.00447   0.04866
 12.07146   0.00437   0.04783
 12.09178   0.00427   0.04701
 12.10253   0.00422   0.04658
 12.10893   0.00419   0.04633
 12.11534   0.00416   0.04608
 12.12356   0.00413   0.04575
 12.14367   0.00403   0.04497
 12.16384   0.00394   0.04419
 12.18397   0.00385   0.04343
 12.20406   0.00377   0.04268
 12.21883   0.00371   0.04213
 12.23359   0.00364   0.04159
 12.25354   0.00356   0.04087
 12.27350   0.00348   0.04016
 12.29341   0.00341   0.03946
 12.31328   0.00333   0.03878
 12.33283   0.00326   0.03811
 12.35262   0.00318   0.03744
 12.37238   0.00311   0.03679
 12.39211   0.00304   0.03614
 12.40302   0.00300   0.03579
 12.41038   0.00298   0.03555
 12.41712   0.00295   0.03534
 12.43666   0.00289   0.03472
 12.45626   0.00282   0.03411
 12.47583   0.00276   0.03350
 12.49535   0.00270   0.03291
 12.50715   0.00266   0.03256
 12.51894   0.00263   0.03221
 12.53018   0.00259   0.03188
 12.54955   0.00253   0.03131
 12.56894   0.00248   0.03076
 12.58830   0.00242   0.03021
 12.60762   0.00237   0.02967
 12.62690   0.00231   0.02914
 12.64441   0.00227   0.02867
 12.66362   0.00222   0.02815
 12.68280   0.00217   0.02765
 12.70196   0.00212   0.02715
 12.72108   0.00207   0.02666
 12.74032   0.00202   0.02618
 12.75938   0.00198   0.02571
 12.77840   0.00193   0.02524
 12.79739   0.00189   0.02479
 12.80985   0.00186   0.02449
 12.82232   0.00183   0.02420
 12.84146   0.00179   0.02376
 12.86034   0.00175   0.02332
 12.87919   0.00171   0.02290
 12.89801   0.00167   0.02248
 12.90742   0.00165   0.02228
 12.91684   0.00164   0.02207
 12.92660   0.00162   0.02186
 12.94527   0.00158   0.02146
 12.96398   0.00154   0.02107
 12.98265   0.00151   0.02068
 13.00130   0.00148   0.02030
 13.01171   0.00146   0.02009
 13.02212   0.00144   0.01988
 13.04064   0.00141   0.01952
 13.05919   0.00137   0.01916
 13.07771   0.00134   0.01881
 13.09620   0.00131   0.01846
 13.10801   0.00129   0.01824
 13.11981   0.00128   0.01802
 13.13238   0.00126   0.01779
 13.15074   0.00123   0.01746
 13.16912   0.00120   0.01714
 13.18746   0.00117   0.01682
 13.20578   0.00115   0.01650
 13.21946   0.00113   0.01627
 13.23195   0.00111   0.01606
 13.25016   0.00108   0.01576
 13.26838   0.00106   0.01546
 13.28657   0.00104   0.01517
 13.30474   0.00101   0.01488
 13.31965   0.00099   0.01465
 13.33441   0.00097   0.01443
 13.35247   0.00095   0.01415
 13.37054   0.00093   0.01388
 13.38858   0.00091   0.01362
 13.40659   0.00089   0.01336
 13.42457   0.00087   0.01310
 13.44082   0.00085   0.01288
 13.45874   0.00083   0.01263
 13.47665   0.00081   0.01239
 13.49453   0.00079   0.01215
 13.50626   0.00078   0.01199
 13.51799   0.00077   0.01184
 13.52981   0.00076   0.01169
 13.54757   0.00074   0.01146
 13.56535   0.00072   0.01124
 13.58311   0.00071   0.01102
 13.60083   0.00069   0.01080
 13.60983   0.00068   0.01069
 13.61883   0.00067   0.01059
 13.63576   0.00066   0.01039
 13.65341   0.00064   0.01018
 13.67104   0.00063   0.00998
 13.68864   0.00061   0.00978
 13.70622   0.00060   0.00959
 13.72377   0.00059   0.00939
 13.73969   0.00057   0.00922
 13.75719   0.00056   0.00904
 13.77467   0.00055   0.00886
 13.79213   0.00053   0.00868
 13.80957   0.00052   0.00850
 13.82698   0.00051   0.00833
 13.84462   0.00050   0.00815
 13.86198   0.00049   0.00799
 13.87933   0.00047   0.00782
 13.89664   0.00046   0.00766
 13.90834   0.00046   0.00755
 13.92004   0.00045   0.00744
 13.93376   0.00044   0.00732
 13.95098   0.00043   0.00717
 13.96820   0.00042   0.00702
 13.98540   0.00041   0.00687
 14.00258   0.00040   0.00672
 14.01974   0.00039   0.00658
 14.03661   0.00038   0.00644
 14.05372   0.00037   0.00630
 14.07081   0.00036   0.00616
 14.08788   0.00035   0.00603
 14.10492   0.00034   0.00589
 14.11996   0.00034   0.00578
 14.13497   0.00033   0.00566
 14.15194   0.00032   0.00554
 14.16891   0.00031   0.00541
 14.18585   0.00030   0.00529
 14.20277   0.00030   0.00517
 14.21967   0.00029   0.00505
 14.23646   0.00028   0.00493
 14.25331   0.00027   0.00481
 14.27015   0.00027   0.00470
 14.28697   0.00026   0.00459
 14.30377   0.00025   0.00448
 14.32054   0.00025   0.00437
 14.33749   0.00024   0.00426
 14.35422   0.00023   0.00415
 14.37094   0.00023   0.00405
 14.38764   0.00022   0.00395
 14.40431   0.00021   0.00385
 14.42097   0.00021   0.00375
 14.43712   0.00020   0.00365
 14.45373   0.00020   0.00355
 14.47032   0.00019   0.00346
 14.48690   0.00019   0.00336
 14.50346   0.00018   0.00327
 14.51999   0.00017   0.00318
 14.53693   0.00017   0.00308
 14.55343   0.00016   0.00299
 14.56991   0.00016   0.00290
 14.58637   0.00015   0.00282
 14.60281   0.00015   0.00273
 14.61923   0.00014   0.00264
 14.63531   0.00014   0.00256
 14.65170   0.00013   0.00248
 14.66806   0.00013   0.00240
 14.68441   0.00012   0.00231
 14.70074   0.00012   0.00223
 14.71191   0.00012   0.00218
 14.72309   0.00011   0.00212
 14.73933   0.00011   0.00205
 14.75560   0.00011   0.00197
 14.77185   0.00010   0.00189
 14.78808   0.00010   0.00181
 14.80429   0.00009   0.00174
 14.82048   0.00009   0.00166
 14.83674   0.00008   0.00159
 14.85290   0.00008   0.00151
 14.86904   0.00008   0.00144
 14.88517   0.00007   0.00137
 14.90127   0.00007   0.00130
 14.91142   0.00007   0.00125
 14.92088   0.00006   0.00121
 14.93690   0.00006   0.00114
 14.95295   0.00006   0.00107
 14.96898   0.00005   0.00100
 14.98500   0.00005   0.00093
 15.00099   0.00005   0.00086
 15.00968   0.00004   0.00082
 15.01836   0.00004   0.00079
 15.03401   0.00004   0.00072
 15.04995   0.00004   0.00065
 15.06588   0.00003   0.00058
 15.08179   0.00003   0.00052
 15.09768   0.00002   0.00045
 15.10942   0.00002   0.00040
 15.12115   0.00002   0.00035
 15.13733   0.00002   0.00028
 15.15317   0.00001   0.00021
 15.16899   0.00001   0.00015
 15.18480   0.00001   0.00008
 15.20059   0.00000   0.00002
 15.21031   0.00000  -0.00002
