 0.05068   0.00267   0.00594
 0.05123   0.00280   0.00607
 0.05177   0.00293   0.00621
 0.05233   0.00305   0.00635
 0.05289   0.00318   0.00649
 0.05346   0.00331   0.00663
 0.05403   0.00344   0.00677
 0.05461   0.00357   0.00692
 0.05520   0.00371   0.00706
 0.05580   0.00384   0.00721
 0.05640   0.00397   0.00737
 0.05701   0.00411   0.00752
 0.05763   0.00424   0.00768
 0.05825   0.00438   0.00784
 0.05888   0.00452   0.00800
 0.05952   0.00466   0.00816
 0.06005   0.00478   0.00830
 0.06055   0.00488   0.00842
 0.06120   0.00502   0.00859
 0.06186   0.00517   0.00876
 0.06253   0.00531   0.00893
 0.06321   0.00546   0.00911
 0.06389   0.00560   0.00929
 0.06459   0.00575   0.00947
 0.06529   0.00590   0.00965
 0.06599   0.00605   0.00983
 0.06671   0.00620   0.01002
 0.06743   0.00635   0.01021
 0.06816   0.00650   0.01040
 0.06889   0.00666   0.01059
 0.06964   0.00681   0.01079
 0.07039   0.00697   0.01098
 0.07112   0.00712   0.01118
 0.07189   0.00728   0.01138
 0.07266   0.00744   0.01158
 0.07345   0.00760   0.01179
 0.07424   0.00777   0.01200
 0.07504   0.00793   0.01221
 0.07585   0.00810   0.01243
 0.07667   0.00827   0.01264
 0.07749   0.00844   0.01286
 0.07833   0.00861   0.01308
 0.07917   0.00878   0.01331
 0.08002   0.00895   0.01353
 0.08089   0.00913   0.01377
 0.08176   0.00930   0.01400
 0.08264   0.00948   0.01423
 0.08353   0.00966   0.01447
 0.08443   0.00984   0.01471
 0.08533   0.01003   0.01495
 0.08625   0.01021   0.01520
 0.08717   0.01040   0.01544
 0.08811   0.01058   0.01570
 0.08905   0.01077   0.01595
 0.09001   0.01096   0.01620
 0.09099   0.01116   0.01647
 0.09197   0.01136   0.01673
 0.09295   0.01155   0.01700
 0.09395   0.01175   0.01726
 0.09495   0.01195   0.01753
 0.09596   0.01215   0.01781
 0.09699   0.01236   0.01808
 0.09802   0.01256   0.01836
 0.09907   0.01277   0.01864
 0.10012   0.01298   0.01893
 0.10114   0.01318   0.01920
 0.10222   0.01339   0.01949
 0.10330   0.01361   0.01979
 0.10440   0.01383   0.02008
 0.10551   0.01405   0.02038
 0.10664   0.01427   0.02069
 0.10777   0.01449   0.02100
 0.10891   0.01472   0.02131
 0.11007   0.01495   0.02162
 0.11125   0.01518   0.02194
 0.11243   0.01541   0.02226
 0.11363   0.01565   0.02258
 0.11483   0.01588   0.02291
 0.11605   0.01612   0.02324
 0.11728   0.01636   0.02357
 0.11852   0.01661   0.02391
 0.11978   0.01685   0.02425
 0.12104   0.01710   0.02459
 0.12242   0.01737   0.02497
 0.12371   0.01762   0.02532
 0.12502   0.01788   0.02567
 0.12634   0.01814   0.02603
 0.12768   0.01840   0.02640
 0.12903   0.01866   0.02676
 0.13020   0.01889   0.02708
 0.13137   0.01912   0.02740
 0.13275   0.01939   0.02778
 0.13415   0.01966   0.02816
 0.13557   0.01994   0.02854
 0.13699   0.02022   0.02893
 0.13844   0.02050   0.02932
 0.13990   0.02078   0.02972
 0.14137   0.02107   0.03012
 0.14290   0.02136   0.03054
 0.14440   0.02166   0.03095
 0.14592   0.02195   0.03136
 0.14745   0.02225   0.03178
 0.14900   0.02255   0.03220
 0.15039   0.02282   0.03258
 0.15166   0.02307   0.03293
 0.15326   0.02338   0.03336
 0.15486   0.02369   0.03380
 0.15649   0.02400   0.03424
 0.15813   0.02432   0.03469
 0.15979   0.02464   0.03514
 0.16147   0.02497   0.03560
 0.16325   0.02531   0.03609
 0.16496   0.02565   0.03655
 0.16669   0.02598   0.03702
 0.16843   0.02632   0.03750
 0.17000   0.02662   0.03793
 0.17156   0.02692   0.03835
 0.17336   0.02727   0.03884
 0.17517   0.02762   0.03934
 0.17700   0.02797   0.03984
 0.17885   0.02833   0.04035
 0.18051   0.02865   0.04080
 0.18205   0.02895   0.04122
 0.18395   0.02932   0.04174
 0.18587   0.02969   0.04226
 0.18781   0.03006   0.04279
 0.18977   0.03044   0.04333
 0.19176   0.03082   0.04387
 0.19386   0.03123   0.04444
 0.19588   0.03162   0.04500
 0.19793   0.03201   0.04555
 0.19999   0.03241   0.04612
 0.20208   0.03281   0.04669
 0.20419   0.03322   0.04726
 0.20631   0.03363   0.04784
 0.20846   0.03404   0.04843
 0.21030   0.03439   0.04893
 0.21213   0.03474   0.04943
 0.21434   0.03517   0.05004
 0.21657   0.03560   0.05065
 0.21882   0.03603   0.05126
 0.22110   0.03647   0.05189
 0.22322   0.03688   0.05246
 0.22554   0.03732   0.05310
 0.22789   0.03777   0.05374
 0.22989   0.03815   0.05429
 0.23189   0.03854   0.05483
 0.23441   0.03902   0.05552
 0.23685   0.03949   0.05619
 0.23931   0.03996   0.05686
 0.24180   0.04044   0.05754
 0.24434   0.04092   0.05824
 0.24688   0.04141   0.05893
 0.24944   0.04190   0.05963
 0.25203   0.04240   0.06034
 0.25468   0.04290   0.06106
 0.25733   0.04341   0.06178
 0.26000   0.04392   0.06251
 0.26270   0.04443   0.06325
 0.26543   0.04495   0.06400
 0.26818   0.04548   0.06475
 0.27026   0.04587   0.06532
 0.27222   0.04625   0.06585
 0.27504   0.04679   0.06662
 0.27789   0.04733   0.06740
 0.27994   0.04772   0.06796
 0.28198   0.04811   0.06852
 0.28505   0.04869   0.06936
 0.28801   0.04925   0.07017
 0.29018   0.04967   0.07076
 0.29222   0.05006   0.07132
 0.29525   0.05063   0.07214
 0.29831   0.05121   0.07298
 0.30109   0.05174   0.07374
 0.30365   0.05222   0.07444
 0.30679   0.05282   0.07530
 0.30997   0.05342   0.07616
 0.31319   0.05403   0.07704
 0.31645   0.05465   0.07793
 0.31973   0.05527   0.07883
 0.32304   0.05590   0.07973
 0.32657   0.05656   0.08069
 0.32995   0.05720   0.08162
 0.33337   0.05785   0.08255
 0.33686   0.05851   0.08350
 0.33963   0.05903   0.08426
 0.34240   0.05955   0.08501
 0.34599   0.06023   0.08599
 0.34958   0.06090   0.08697
 0.35320   0.06158   0.08796
 0.35719   0.06233   0.08904
 0.36007   0.06287   0.08983
 0.36295   0.06341   0.09062
 0.36671   0.06412   0.09164
 0.37004   0.06474   0.09255
 0.37336   0.06536   0.09345
 0.37723   0.06609   0.09450
 0.37977   0.06656   0.09520
 0.38231   0.06704   0.09589
 0.38632   0.06779   0.09698
 0.38954   0.06839   0.09786
 0.39277   0.06899   0.09873
 0.39689   0.06976   0.09986
 0.40004   0.07035   0.10071
 0.40320   0.07093   0.10157
 0.40737   0.07171   0.10271
 0.40985   0.07217   0.10338
 0.41233   0.07263   0.10406
 0.41666   0.07343   0.10523
 0.41992   0.07404   0.10612
 0.42317   0.07464   0.10700
 0.42779   0.07549   0.10826
 0.43223   0.07631   0.10946
 0.43624   0.07705   0.11055
 0.44076   0.07789   0.11178
 0.44514   0.07869   0.11297
 0.44976   0.07954   0.11422
 0.45443   0.08040   0.11549
 0.45937   0.08131   0.11683
 0.46414   0.08218   0.11812
 0.46902   0.08308   0.11944
 0.47389   0.08397   0.12076
 0.48017   0.08511   0.12246
 0.48523   0.08603   0.12383
 0.48943   0.08680   0.12496
 0.49362   0.08756   0.12610
 0.49882   0.08850   0.12750
 0.50401   0.08944   0.12890
 0.50862   0.09027   0.13015
 0.51323   0.09111   0.13139
 0.51824   0.09201   0.13274
 0.52362   0.09298   0.13420
 0.53023   0.09417   0.13598
 0.53632   0.09526   0.13762
 0.53976   0.09588   0.13854
 0.54320   0.09649   0.13947
 0.54916   0.09756   0.14107
 0.55488   0.09858   0.14261
 0.55958   0.09941   0.14387
 0.56428   0.10025   0.14514
 0.56894   0.10107   0.14639
 0.57359   0.10190   0.14764
 0.57886   0.10283   0.14905
 0.58489   0.10389   0.15067
 0.58983   0.10476   0.15199
 0.59476   0.10563   0.15331
 0.59932   0.10642   0.15453
 0.60387   0.10722   0.15574
 0.60964   0.10823   0.15729
 0.61600   0.10934   0.15899
 0.62002   0.11004   0.16006
 0.62404   0.11073   0.16113
 0.62847   0.11150   0.16231
 0.63291   0.11227   0.16349
 0.63812   0.11317   0.16488
 0.64479   0.11432   0.16665
 0.64932   0.11510   0.16786
 0.65385   0.11587   0.16906
 0.65946   0.11683   0.17055
 0.66636   0.11801   0.17238
 0.67078   0.11877   0.17355
 0.67520   0.11952   0.17472
 0.67953   0.12025   0.17587
 0.68386   0.12098   0.17701
 0.68969   0.12197   0.17855
 0.69692   0.12319   0.18046
 0.70483   0.12451   0.18255
 0.70875   0.12517   0.18358
 0.71267   0.12582   0.18461
 0.71713   0.12657   0.18579
 0.72466   0.12782   0.18776
 0.72928   0.12858   0.18898
 0.73390   0.12935   0.19019
 0.73944   0.13026   0.19164
 0.74722   0.13154   0.19368
 0.75658   0.13307   0.19612
 0.76513   0.13447   0.19836
 0.76984   0.13523   0.19958
 0.77454   0.13599   0.20081
 0.77889   0.13669   0.20194
 0.78324   0.13739   0.20307
 0.78801   0.13816   0.20431
 0.79632   0.13949   0.20646
 0.80414   0.14074   0.20849
 0.81123   0.14187   0.21032
 0.81767   0.14288   0.21198
 0.82450   0.14396   0.21375
 0.82942   0.14473   0.21501
 0.83434   0.14551   0.21628
 0.83874   0.14619   0.21741
 0.84314   0.14688   0.21854
 0.84784   0.14761   0.21975
 0.85682   0.14900   0.22205
 0.86495   0.15025   0.22412
 0.86988   0.15100   0.22538
 0.87480   0.15176   0.22663
 0.87968   0.15250   0.22788
 0.88456   0.15324   0.22912
 0.88947   0.15399   0.23036
 0.89438   0.15473   0.23161
 0.89864   0.15537   0.23269
 0.90291   0.15601   0.23377
 0.90766   0.15672   0.23497
 0.91496   0.15781   0.23682
 0.91989   0.15854   0.23806
 0.92483   0.15927   0.23930
 0.92995   0.16003   0.24059
 0.93506   0.16078   0.24187
 0.94793   0.16266   0.24510
 0.95989   0.16439   0.24808
 0.96707   0.16542   0.24987
 0.97426   0.16645   0.25166
 0.97865   0.16707   0.25275
 0.98305   0.16770   0.25384
 0.98780   0.16837   0.25501
 0.99485   0.16936   0.25675
 0.99956   0.17003   0.25792
 1.00427   0.17068   0.25908
 1.00870   0.17130   0.26016
 1.01312   0.17191   0.26125
 1.01788   0.17257   0.26242
 1.02443   0.17348   0.26402
 1.02881   0.17408   0.26509
 1.03319   0.17467   0.26616
 1.03800   0.17533   0.26733
 1.04496   0.17627   0.26903
 1.04965   0.17691   0.27017
 1.05434   0.17754   0.27130
 1.05927   0.17820   0.27250
 1.06421   0.17885   0.27369
 1.07008   0.17963   0.27511
 1.07629   0.18045   0.27660
 1.08555   0.18167   0.27882
 1.09098   0.18238   0.28012
 1.09612   0.18304   0.28135
 1.10569   0.18428   0.28363
 1.11526   0.18550   0.28591
 1.12003   0.18611   0.28704
 1.12480   0.18671   0.28817
 1.13699   0.18824   0.29104
 1.14493   0.18923   0.29291
 1.15096   0.18997   0.29432
 1.15698   0.19071   0.29573
 1.16494   0.19169   0.29759
 1.17098   0.19242   0.29899
 1.17703   0.19315   0.30040
 1.18499   0.19410   0.30224
 1.19109   0.19483   0.30365
 1.19675   0.19550   0.30495
 1.20510   0.19648   0.30687
 1.21007   0.19706   0.30800
 1.21505   0.19764   0.30914
 1.22833   0.19916   0.31216
 1.23560   0.19999   0.31381
 1.23999   0.20049   0.31480
 1.24438   0.20098   0.31579
 1.25894   0.20260   0.31907
 1.26739   0.20353   0.32095
 1.27464   0.20433   0.32257
 1.27999   0.20490   0.32376
 1.28533   0.20548   0.32494
 1.28941   0.20592   0.32584
 1.29349   0.20635   0.32674
 1.29879   0.20691   0.32791
 1.30673   0.20775   0.32965
 1.31464   0.20857   0.33138
 1.32737   0.20989   0.33415
 1.33467   0.21063   0.33573
 1.34010   0.21118   0.33690
 1.34552   0.21172   0.33807
 1.34941   0.21211   0.33891
 1.35330   0.21250   0.33974
 1.35844   0.21300   0.34084
 1.36676   0.21382   0.34261
 1.37459   0.21458   0.34427
 1.38692   0.21576   0.34687
 1.39500   0.21652   0.34857
 1.39981   0.21697   0.34958
 1.40462   0.21742   0.35058
 1.40918   0.21784   0.35153
 1.41375   0.21826   0.35248
 1.41923   0.21876   0.35361
 1.42824   0.21957   0.35547
 1.43724   0.22038   0.35732
 1.44540   0.22110   0.35899
 1.44960   0.22147   0.35984
 1.45380   0.22183   0.36069
 1.45974   0.22234   0.36190
 1.46926   0.22315   0.36382
 1.47878   0.22396   0.36572
 1.48907   0.22481   0.36777
 1.49895   0.22561   0.36973
 1.50906   0.22643   0.37172
 1.51910   0.22722   0.37368
 1.52931   0.22802   0.37566
 1.53976   0.22882   0.37768
 1.54613   0.22930   0.37890
 1.54967   0.22956   0.37958
 1.55322   0.22983   0.38026
 1.55863   0.23023   0.38129
 1.56871   0.23096   0.38320
 1.57819   0.23164   0.38498
 1.58731   0.23228   0.38669
 1.59554   0.23285   0.38822
 1.59951   0.23313   0.38895
 1.60349   0.23340   0.38969
 1.60898   0.23377   0.39070
 1.61968   0.23448   0.39265
 1.62752   0.23499   0.39408
 1.63535   0.23550   0.39549
 1.64017   0.23580   0.39636
 1.64487   0.23610   0.39720
 1.65611   0.23680   0.39920
 1.66575   0.23738   0.40091
 1.67540   0.23796   0.40260
 1.68665   0.23861   0.40456
 1.69447   0.23906   0.40591
 1.69930   0.23933   0.40674
 1.70413   0.23960   0.40757
 1.71014   0.23993   0.40859
 1.71600   0.24025   0.40959
 1.72667   0.24082   0.41139
 1.73524   0.24126   0.41282
 1.74100   0.24156   0.41378
 1.74675   0.24185   0.41473
 1.75544   0.24228   0.41616
 1.75943   0.24248   0.41681
 1.76341   0.24267   0.41746
 1.76877   0.24292   0.41833
 1.77553   0.24324   0.41943
 1.78011   0.24345   0.42016
 1.78468   0.24366   0.42089
 1.78910   0.24386   0.42160
 1.79351   0.24406   0.42230
 1.79884   0.24430   0.42314
 1.80589   0.24460   0.42425
 1.80981   0.24477   0.42487
 1.81372   0.24493   0.42548
 1.81910   0.24516   0.42631
 1.82447   0.24538   0.42714
 1.82887   0.24556   0.42782
 1.83327   0.24573   0.42849
 1.83836   0.24593   0.42927
 1.84518   0.24620   0.43030
 1.84930   0.24635   0.43093
 1.85343   0.24651   0.43155
 1.85875   0.24670   0.43234
 1.86694   0.24700   0.43356
 1.87512   0.24729   0.43477
 1.88085   0.24748   0.43561
 1.88611   0.24766   0.43637
 1.89557   0.24797   0.43774
 1.90503   0.24827   0.43910
 1.91014   0.24843   0.43982
 1.91524   0.24858   0.44054
 1.92742   0.24893   0.44225
 1.93562   0.24916   0.44339
 1.94087   0.24931   0.44411
 1.94612   0.24945   0.44483
 1.95561   0.24969   0.44612
 1.96510   0.24992   0.44739
 1.97003   0.25004   0.44805
 1.97495   0.25016   0.44870
 1.98756   0.25044   0.45035
 1.99532   0.25060   0.45136
 2.00002   0.25069   0.45197
 2.00472   0.25079   0.45257
 2.00825   0.25086   0.45302
 2.01177   0.25092   0.45347
 2.01519   0.25099   0.45390
 2.03832   0.25138   0.45677
 2.06175   0.25172   0.45961
 2.08544   0.25200   0.46238
 2.10940   0.25222   0.46511
 2.11222   0.25224   0.46542
 2.11479   0.25226   0.46571
 2.13901   0.25241   0.46835
 2.16353   0.25249   0.47093
 2.18831   0.25251   0.47345
 2.19550   0.25251   0.47416
 2.20268   0.25250   0.47487
 2.20675   0.25249   0.47526
 2.20916   0.25248   0.47549
 2.21156   0.25248   0.47573
 2.21400   0.25247   0.47596
 2.23835   0.25236   0.47824
 2.26387   0.25219   0.48054
 2.28964   0.25195   0.48275
 2.29705   0.25186   0.48337
 2.30447   0.25178   0.48398
 2.30951   0.25171   0.48439
 2.31329   0.25167   0.48469
 2.31670   0.25162   0.48497
 2.34286   0.25124   0.48700
 2.36934   0.25079   0.48895
 2.39605   0.25027   0.49080
 2.40591   0.25006   0.49146
 2.41577   0.24985   0.49210
 2.42481   0.24964   0.49267
 2.45187   0.24898   0.49432
 2.47923   0.24825   0.49587
 2.50679   0.24744   0.49731
 2.50930   0.24737   0.49743
 2.51180   0.24729   0.49756
 2.51409   0.24722   0.49767
 2.53705   0.24649   0.49876
 2.56498   0.24554   0.49997
 2.59312   0.24453   0.50107
 2.60222   0.24419   0.50140
 2.60651   0.24403   0.50155
 2.60928   0.24392   0.50165
 2.61178   0.24382   0.50174
 2.61407   0.24373   0.50181
 2.63698   0.24283   0.50255
 2.66550   0.24164   0.50335
 2.69423   0.24039   0.50404
 2.70411   0.23995   0.50425
 2.70896   0.23973   0.50435
 2.71185   0.23960   0.50440
 2.71469   0.23947   0.50446
 2.74315   0.23813   0.50493
 2.77226   0.23671   0.50529
 2.80150   0.23523   0.50553
 2.80822   0.23489   0.50557
 2.81247   0.23466   0.50559
 2.81672   0.23444   0.50561
 2.84598   0.23288   0.50566
 2.87551   0.23126   0.50558
 2.90517   0.22957   0.50539
 2.91670   0.22891   0.50528
 2.92822   0.22823   0.50515
 2.95791   0.22647   0.50474
 2.98783   0.22464   0.50420
 2.99629   0.22412   0.50402
 3.00476   0.22359   0.50384
 3.00843   0.22336   0.50376
 3.01211   0.22313   0.50367
 3.01786   0.22277   0.50354
 3.04775   0.22086   0.50276
 3.07789   0.21890   0.50185
 3.10810   0.21690   0.50083
 3.11283   0.21658   0.50066
 3.11756   0.21626   0.50048
 3.14765   0.21422   0.49931
 3.17799   0.21213   0.49802
 3.20838   0.21000   0.49660
 3.21205   0.20974   0.49643
 3.21573   0.20948   0.49625
 3.24595   0.20733   0.49470
 3.27642   0.20513   0.49304
 3.30692   0.20290   0.49127
 3.30915   0.20274   0.49114
 3.31138   0.20257   0.49100
 3.31409   0.20238   0.49084
 3.34123   0.20037   0.48915
 3.37175   0.19809   0.48715
 3.40231   0.19579   0.48505
 3.40709   0.19543   0.48472
 3.40916   0.19527   0.48457
 3.41122   0.19512   0.48442
 3.41443   0.19487   0.48419
 3.44478   0.19256   0.48197
 3.47536   0.19022   0.47964
 3.50593   0.18786   0.47721
 3.50966   0.18757   0.47691
 3.51339   0.18728   0.47660
 3.51718   0.18699   0.47629
 3.54753   0.18463   0.47376
 3.57809   0.18224   0.47112
 3.60863   0.17985   0.46839
 3.61201   0.17958   0.46809
 3.61538   0.17932   0.46778
 3.64569   0.17693   0.46498
 3.67618   0.17452   0.46207
 3.70666   0.17212   0.45910
 3.70945   0.17189   0.45882
 3.71224   0.17167   0.45854
 3.71499   0.17146   0.45827
 3.74248   0.16928   0.45550
 3.77286   0.16687   0.45237
 3.80324   0.16447   0.44917
 3.80869   0.16403   0.44859
 3.81200   0.16377   0.44824
 3.81532   0.16351   0.44788
 3.84541   0.16113   0.44462
 3.87569   0.15873   0.44128
 3.90592   0.15634   0.43787
 3.90979   0.15604   0.43743
 3.91367   0.15573   0.43699
 3.91804   0.15539   0.43649
 3.94799   0.15303   0.43304
 3.97810   0.15066   0.42952
 4.00816   0.14831   0.42595
 4.01233   0.14799   0.42545
 4.01650   0.14766   0.42495
 4.04627   0.14534   0.42135
 4.07620   0.14302   0.41768
 4.10607   0.14071   0.41398
 4.11002   0.14041   0.41348
 4.11396   0.14010   0.41299
 4.14354   0.13783   0.40927
 4.17327   0.13556   0.40549
 4.20293   0.13331   0.40168
 4.20829   0.13290   0.40099
 4.21225   0.13260   0.40048
 4.21622   0.13231   0.39996
 4.24557   0.13010   0.39614
 4.27507   0.12789   0.39228
 4.30449   0.12571   0.38839
 4.30842   0.12542   0.38787
 4.31234   0.12513   0.38734
 4.31697   0.12478   0.38673
 4.34609   0.12264   0.38284
 4.37534   0.12051   0.37891
 4.40452   0.11840   0.37497
 4.40855   0.11811   0.37442
 4.41258   0.11782   0.37388
 4.41632   0.11755   0.37337
 4.44518   0.11549   0.36944
 4.47418   0.11343   0.36548
 4.50310   0.11140   0.36151
 4.50865   0.11101   0.36074
 4.51215   0.11077   0.36026
 4.51565   0.11053   0.35978
 4.54424   0.10854   0.35583
 4.57297   0.10657   0.35186
 4.60162   0.10462   0.34788
 4.60646   0.10430   0.34721
 4.60952   0.10409   0.34679
 4.61259   0.10388   0.34636
 4.61578   0.10367   0.34591
 4.64410   0.10177   0.34197
 4.67255   0.09989   0.33801
 4.70092   0.09803   0.33405
 4.70627   0.09768   0.33330
 4.70964   0.09746   0.33283
 4.71301   0.09724   0.33236
 4.71669   0.09700   0.33185
 4.74472   0.09520   0.32793
 4.77288   0.09340   0.32400
 4.80096   0.09163   0.32007
 4.80605   0.09131   0.31936
 4.80917   0.09112   0.31893
 4.81230   0.09092   0.31849
 4.81525   0.09074   0.31808
 4.84299   0.08902   0.31420
 4.87086   0.08732   0.31032
 4.89865   0.08564   0.30644
 4.90578   0.08521   0.30545
 4.90876   0.08503   0.30504
 4.91174   0.08485   0.30462
 4.91679   0.08455   0.30392
 4.94425   0.08293   0.30010
 4.97182   0.08132   0.29628
 4.99930   0.07973   0.29248
 5.00528   0.07939   0.29165
 5.00874   0.07919   0.29118
 5.01221   0.07899   0.29070
 5.01581   0.07879   0.29020
 5.04297   0.07725   0.28646
 5.07024   0.07573   0.28272
 5.09742   0.07423   0.27899
 5.10324   0.07392   0.27820
 5.10906   0.07360   0.27740
 5.11302   0.07339   0.27687
 5.11658   0.07319   0.27638
 5.14344   0.07175   0.27273
 5.17040   0.07032   0.26907
 5.19729   0.06891   0.26544
 5.20594   0.06846   0.26428
 5.20888   0.06831   0.26388
 5.21182   0.06816   0.26349
 5.21538   0.06798   0.26301
 5.24194   0.06662   0.25946
 5.26861   0.06528   0.25590
 5.29520   0.06396   0.25237
 5.30581   0.06344   0.25097
 5.30963   0.06325   0.25047
 5.31345   0.06307   0.24996
 5.31770   0.06286   0.24940
 5.34396   0.06159   0.24596
 5.37032   0.06034   0.24251
 5.39660   0.05910   0.23910
 5.40818   0.05857   0.23761
 5.41271   0.05836   0.23702
 5.41725   0.05815   0.23643
 5.44322   0.05697   0.23310
 5.46928   0.05580   0.22977
 5.49526   0.05465   0.22648
 5.50578   0.05419   0.22515
 5.50864   0.05406   0.22479
 5.51149   0.05394   0.22443
 5.51490   0.05379   0.22400
 5.54057   0.05268   0.22079
 5.56634   0.05159   0.21758
 5.59204   0.05052   0.21441
 5.60132   0.05014   0.21327
 5.60611   0.04994   0.21268
 5.60959   0.04980   0.21225
 5.61308   0.04966   0.21183
 5.61708   0.04949   0.21134
 5.64245   0.04847   0.20825
 5.66792   0.04746   0.20517
 5.69332   0.04646   0.20213
 5.70293   0.04609   0.20098
 5.70802   0.04590   0.20038
 5.71310   0.04570   0.19978
 5.71857   0.04549   0.19913
 5.74366   0.04454   0.19617
 5.76884   0.04360   0.19322
 5.79395   0.04269   0.19031
 5.80373   0.04233   0.18918
 5.80931   0.04213   0.18854
 5.81489   0.04193   0.18790
 5.82023   0.04174   0.18729
 5.84503   0.04086   0.18446
 5.86992   0.04000   0.18165
 5.89474   0.03915   0.17887
 5.90479   0.03881   0.17775
 5.90889   0.03867   0.17730
 5.91298   0.03853   0.17685
 5.91681   0.03841   0.17642
 5.94132   0.03759   0.17373
 5.96594   0.03679   0.17104
 5.99049   0.03601   0.16839
 5.99934   0.03573   0.16744
 6.00819   0.03545   0.16650
 6.01297   0.03530   0.16599
 6.01775   0.03515   0.16548
 6.04199   0.03440   0.16291
 6.06633   0.03367   0.16036
 6.09060   0.03294   0.15785
 6.09955   0.03268   0.15692
 6.10850   0.03242   0.15601
 6.11291   0.03229   0.15556
 6.11723   0.03216   0.15511
 6.14120   0.03148   0.15268
 6.16526   0.03080   0.15026
 6.18927   0.03013   0.14787
 6.19821   0.02989   0.14699
 6.20716   0.02965   0.14611
 6.21356   0.02947   0.14548
 6.21997   0.02930   0.14486
 6.24368   0.02867   0.14255
 6.26747   0.02805   0.14027
 6.29120   0.02744   0.13802
 6.30016   0.02722   0.13717
 6.30911   0.02699   0.13633
 6.31607   0.02682   0.13568
 6.32244   0.02666   0.13508
 6.34589   0.02608   0.13291
 6.36941   0.02552   0.13076
 6.39288   0.02496   0.12863
 6.40220   0.02474   0.12780
 6.40848   0.02460   0.12723
 6.41313   0.02449   0.12682
 6.41761   0.02439   0.12642
 6.44080   0.02386   0.12437
 6.46407   0.02334   0.12233
 6.48730   0.02283   0.12033
 6.49880   0.02258   0.11934
 6.50589   0.02242   0.11874
 6.50961   0.02234   0.11842
 6.51333   0.02227   0.11810
 6.51797   0.02217   0.11771
 6.54091   0.02168   0.11578
 6.56393   0.02121   0.11387
 6.58690   0.02074   0.11198
 6.60982   0.02029   0.11012
 6.63268   0.01984   0.10829
 6.65542   0.01941   0.10649
 6.67817   0.01898   0.10471
 6.70086   0.01856   0.10296
 6.70667   0.01846   0.10251
 6.70963   0.01840   0.10229
 6.71260   0.01835   0.10206
 6.71658   0.01828   0.10176
 6.73904   0.01788   0.10006
 6.76158   0.01748   0.09837
 6.78407   0.01710   0.09672
 6.80651   0.01672   0.09508
 6.81494   0.01658   0.09447
 6.82338   0.01644   0.09387
 6.84562   0.01608   0.09228
 6.86791   0.01572   0.09072
 6.89015   0.01537   0.08917
 6.89848   0.01524   0.08860
 6.90682   0.01512   0.08803
 6.91437   0.01500   0.08752
 6.92192   0.01489   0.08700
 6.94392   0.01456   0.08552
 6.96599   0.01423   0.08406
 6.98800   0.01392   0.08262
 7.00997   0.01361   0.08120
 7.03189   0.01331   0.07981
 7.05395   0.01301   0.07842
 7.07577   0.01272   0.07707
 7.09753   0.01243   0.07573
 7.10852   0.01229   0.07507
 7.11522   0.01221   0.07467
 7.12125   0.01213   0.07430
 7.14279   0.01186   0.07302
 7.16441   0.01160   0.07175
 7.18599   0.01134   0.07051
 7.20752   0.01109   0.06928
 7.21401   0.01101   0.06891
 7.22051   0.01094   0.06855
 7.24185   0.01069   0.06735
 7.26325   0.01045   0.06618
 7.28462   0.01022   0.06502
 7.30593   0.00999   0.06388
 7.31475   0.00990   0.06341
 7.32331   0.00981   0.06296
 7.34445   0.00959   0.06186
 7.36564   0.00938   0.06077
 7.38679   0.00917   0.05970
 7.40789   0.00896   0.05864
 7.41390   0.00890   0.05835
 7.41991   0.00884   0.05805
 7.44083   0.00865   0.05703
 7.46182   0.00845   0.05602
 7.48277   0.00826   0.05503
 7.50368   0.00808   0.05405
 7.50918   0.00803   0.05379
 7.51469   0.00798   0.05354
 7.52072   0.00793   0.05326
 7.54144   0.00775   0.05232
 7.56223   0.00758   0.05139
 7.58298   0.00741   0.05047
 7.60368   0.00724   0.04957
 7.60938   0.00720   0.04932
 7.61507   0.00715   0.04908
 7.62167   0.00710   0.04880
 7.64219   0.00694   0.04793
 7.66278   0.00679   0.04707
 7.68333   0.00663   0.04622
 7.70384   0.00648   0.04539
 7.70983   0.00644   0.04515
 7.71582   0.00640   0.04491
 7.72483   0.00633   0.04456
 7.74517   0.00619   0.04376
 7.76556   0.00605   0.04297
 7.78591   0.00592   0.04219
 7.80623   0.00578   0.04143
 7.81537   0.00573   0.04109
 7.82450   0.00567   0.04076
 7.84466   0.00554   0.04002
 7.86486   0.00541   0.03929
 7.88503   0.00529   0.03858
 7.90516   0.00517   0.03788
 7.91760   0.00510   0.03745
 7.92917   0.00503   0.03706
 7.94915   0.00492   0.03639
 7.96916   0.00481   0.03572
 7.98914   0.00470   0.03507
 8.00908   0.00460   0.03443
 8.02666   0.00451   0.03387
 8.04254   0.00442   0.03338
 8.06236   0.00432   0.03277
 8.08216   0.00423   0.03217
 8.10194   0.00413   0.03158
 8.12168   0.00404   0.03100
 8.14055   0.00395   0.03045
 8.16021   0.00386   0.02989
 8.17985   0.00378   0.02934
 8.19945   0.00369   0.02880
 8.20592   0.00366   0.02862
 8.20955   0.00365   0.02853
 8.21318   0.00363   0.02843
 8.21834   0.00361   0.02829
 8.23777   0.00353   0.02777
 8.25727   0.00345   0.02726
 8.27674   0.00337   0.02675
 8.29617   0.00330   0.02626
 8.30619   0.00326   0.02600
 8.31621   0.00322   0.02575
 8.32619   0.00318   0.02551
 8.34547   0.00311   0.02504
 8.36479   0.00304   0.02457
 8.38408   0.00297   0.02411
 8.40333   0.00291   0.02367
 8.40826   0.00289   0.02355
 8.41318   0.00287   0.02344
 8.41912   0.00285   0.02330
 8.43822   0.00279   0.02287
 8.45739   0.00272   0.02245
 8.47652   0.00266   0.02203
 8.49563   0.00260   0.02162
 8.50544   0.00257   0.02141
 8.51526   0.00254   0.02120
 8.52520   0.00251   0.02099
 8.54415   0.00246   0.02060
 8.56315   0.00240   0.02022
 8.58211   0.00235   0.01984
 8.60105   0.00230   0.01946
 8.60997   0.00227   0.01929
 8.61889   0.00225   0.01912
 8.63745   0.00220   0.01877
 8.65630   0.00215   0.01841
 8.67511   0.00210   0.01807
 8.69390   0.00205   0.01773
 8.70418   0.00203   0.01754
 8.70936   0.00202   0.01745
 8.71453   0.00200   0.01736
 8.72119   0.00199   0.01724
 8.73982   0.00195   0.01692
 8.75850   0.00190   0.01660
 8.77716   0.00186   0.01628
 8.79579   0.00182   0.01598
 8.80563   0.00180   0.01582
 8.81546   0.00178   0.01566
 8.82694   0.00175   0.01547
 8.84544   0.00172   0.01518
 8.86397   0.00168   0.01489
 8.88247   0.00164   0.01461
 8.90094   0.00161   0.01433
 8.90953   0.00159   0.01420
 8.91812   0.00157   0.01408
 8.92896   0.00155   0.01392
 8.94730   0.00152   0.01366
 8.96568   0.00149   0.01339
 8.98403   0.00146   0.01314
 9.00235   0.00143   0.01289
 9.02065   0.00140   0.01264
 9.03944   0.00136   0.01239
 9.05768   0.00134   0.01216
 9.07590   0.00131   0.01192
 9.09409   0.00128   0.01170
 9.10339   0.00127   0.01158
 9.10947   0.00126   0.01151
 9.11555   0.00125   0.01143
 9.12366   0.00124   0.01133
 9.14171   0.00121   0.01112
 9.15980   0.00119   0.01090
 9.17787   0.00116   0.01069
 9.19592   0.00114   0.01049
 9.20575   0.00112   0.01038
 9.21558   0.00111   0.01027
 9.22908   0.00109   0.01012
 9.24702   0.00107   0.00992
 9.26497   0.00105   0.00973
 9.28289   0.00103   0.00954
 9.30079   0.00101   0.00936
 9.30912   0.00100   0.00927
 9.31745   0.00099   0.00919
 9.32705   0.00098   0.00910
 9.34483   0.00096   0.00892
 9.36264   0.00094   0.00875
 9.38043   0.00092   0.00858
 9.39820   0.00090   0.00841
 9.40884   0.00089   0.00831
 9.41949   0.00088   0.00822
 9.43069   0.00087   0.00812
 9.44834   0.00085   0.00796
 9.46601   0.00083   0.00781
 9.48366   0.00081   0.00765
 9.50129   0.00080   0.00751
 9.50845   0.00079   0.00745
 9.51560   0.00078   0.00739
 9.52328   0.00078   0.00732
 9.54078   0.00076   0.00718
 9.55833   0.00075   0.00704
 9.57586   0.00073   0.00690
 9.59337   0.00072   0.00677
 9.60395   0.00071   0.00669
 9.60968   0.00071   0.00665
 9.61541   0.00070   0.00660
 9.62432   0.00070   0.00654
 9.64170   0.00068   0.00641
 9.65912   0.00067   0.00629
 9.67652   0.00066   0.00616
 9.69390   0.00065   0.00604
 9.70369   0.00064   0.00597
 9.71026   0.00063   0.00593
 9.71641   0.00063   0.00589
 9.73366   0.00062   0.00577
 9.75096   0.00061   0.00566
 9.76824   0.00060   0.00555
 9.78550   0.00059   0.00544
 9.80274   0.00058   0.00533
 9.81996   0.00057   0.00523
 9.83730   0.00056   0.00512
 9.85447   0.00055   0.00502
 9.87162   0.00054   0.00492
 9.88876   0.00053   0.00483
 9.90587   0.00052   0.00473
 9.91689   0.00052   0.00467
 9.92791   0.00051   0.00461
 9.94492   0.00050   0.00452
 9.96197   0.00049   0.00443
 9.97899   0.00049   0.00434
 9.99599   0.00048   0.00426
 10.00875   0.00047   0.00420
 10.02151   0.00046   0.00413
 10.03493   0.00045   0.00407
 10.05184   0.00044   0.00399
 10.06875   0.00043   0.00392
 10.08565   0.00042   0.00384
 10.10252   0.00041   0.00377
 10.11938   0.00040   0.00369
 10.13490   0.00039   0.00363
 10.15171   0.00038   0.00356
 10.16850   0.00037   0.00349
 10.18528   0.00036   0.00342
 10.20204   0.00035   0.00336
 10.20995   0.00034   0.00333
 10.21785   0.00034   0.00330
 10.23449   0.00033   0.00323
 10.25119   0.00032   0.00317
 10.26788   0.00031   0.00311
 10.28454   0.00030   0.00305
 10.30118   0.00029   0.00299
 10.31012   0.00029   0.00296
 10.31906   0.00029   0.00293
 10.33561   0.00028   0.00287
 10.35220   0.00027   0.00282
 10.36877   0.00027   0.00276
 10.38531   0.00026   0.00271
 10.40185   0.00025   0.00266
 10.40962   0.00025   0.00264
 10.41739   0.00025   0.00261
 10.42905   0.00024   0.00257
 10.44549   0.00024   0.00252
 10.46196   0.00024   0.00248
 10.47840   0.00023   0.00243
 10.49483   0.00023   0.00238
 10.50473   0.00022   0.00235
 10.51463   0.00022   0.00232
 10.52410   0.00022   0.00230
 10.54043   0.00022   0.00225
 10.55679   0.00021   0.00221
 10.57313   0.00021   0.00217
 10.58945   0.00020   0.00213
 10.60576   0.00020   0.00208
 10.61753   0.00020   0.00205
 10.62931   0.00020   0.00203
 10.64554   0.00019   0.00199
 10.66178   0.00019   0.00195
 10.67801   0.00019   0.00191
 10.69422   0.00019   0.00187
 10.70668   0.00019   0.00184
 10.71913   0.00019   0.00181
 10.73038   0.00019   0.00179
 10.74650   0.00019   0.00175
 10.76264   0.00019   0.00172
 10.77877   0.00020   0.00168
 10.79487   0.00020   0.00165
 10.80535   0.00020   0.00163
 10.81582   0.00020   0.00160
 10.82895   0.00020   0.00158
 10.84498   0.00021   0.00155
 10.86102   0.00021   0.00152
 10.87704   0.00021   0.00148
 10.89305   0.00021   0.00145
 10.90903   0.00021   0.00143
 10.92501   0.00020   0.00140
 10.94128   0.00020   0.00137
 10.95723   0.00019   0.00135
 10.97315   0.00019   0.00132
 10.98906   0.00018   0.00130
 11.00495   0.00018   0.00128
 11.01848   0.00018   0.00126
 11.03201   0.00018   0.00124
 11.04784   0.00018   0.00121
 11.06367   0.00018   0.00119
 11.07949   0.00018   0.00117
 11.09529   0.00018   0.00115
 11.10556   0.00018   0.00113
 11.11584   0.00017   0.00112
 11.13034   0.00017   0.00110
 11.14608   0.00016   0.00108
 11.16182   0.00016   0.00106
 11.17754   0.00015   0.00105
 11.19324   0.00015   0.00103
 11.20893   0.00014   0.00101
 11.22460   0.00013   0.00100
 11.24059   0.00012   0.00098
 11.25623   0.00012   0.00097
 11.27186   0.00011   0.00095
 11.28747   0.00010   0.00094
 11.30307   0.00009   0.00093
 11.31866   0.00008   0.00091
 11.33348   0.00007   0.00090
 11.34903   0.00006   0.00089
 11.36457   0.00005   0.00088
 11.38009   0.00004   0.00087
 11.39560   0.00003   0.00086
 11.40587   0.00002   0.00086
 11.41613   0.00001   0.00085
 11.42773   0.00000   0.00084
