 0.00032   0.00000
 0.00047   0.00000
 0.00069   0.00000
 0.00096   0.00000
 0.00130   0.00000
 0.00169   0.00000
 0.00215   0.00000
 0.00269   0.00000
 0.00330   0.00000
 0.00399   0.00000
 0.00476   0.00000
 0.00562   0.00000
 0.00656   0.00000
 0.00760   0.00000
 0.00874   0.00000
 0.00997   0.00000
 0.01130   0.00000
 0.01274   0.00000
 0.01428   0.00000
 0.01593   0.00000
 0.01769   0.00000
 0.01957   0.00000
 0.02157   0.00000
 0.02368   0.00000
 0.02591   0.00000
 0.02827   0.00000
 0.03076   0.00000
 0.03337   0.00000
 0.03611   0.00000
 0.03899   0.00000
 0.04200   0.00000
 0.04515   0.00001
 0.04845   0.00001
 0.05188   0.00001
 0.05546   0.00001
 0.05918   0.00001
 0.06305   0.00001
 0.06708   0.00002
 0.07126   0.00002
 0.07558   0.00003
 0.08007   0.00003
 0.08473   0.00004
 0.08954   0.00004
 0.09452   0.00005
 0.09967   0.00006
 0.10499   0.00007
 0.11048   0.00008
 0.11616   0.00009
 0.12201   0.00011
 0.12802   0.00012
 0.13423   0.00014
 0.14063   0.00017
 0.14725   0.00019
 0.15403   0.00022
 0.16101   0.00025
 0.16820   0.00028
 0.17558   0.00032
 0.18317   0.00036
 0.19095   0.00041
 0.19903   0.00047
 0.20725   0.00053
 0.21571   0.00059
 0.22441   0.00067
 0.23331   0.00075
 0.24242   0.00084
 0.25174   0.00094
 0.26133   0.00105
 0.27131   0.00118
 0.28158   0.00132
 0.29205   0.00147
 0.30264   0.00163
 0.31350   0.00181
 0.32466   0.00201
 0.33615   0.00223
 0.34799   0.00247
 0.36021   0.00274
 0.37280   0.00303
 0.38543   0.00335
 0.39849   0.00370
 0.41207   0.00408
 0.42614   0.00451
 0.44030   0.00496
 0.45522   0.00547
 0.47008   0.00602
 0.48576   0.00663
 0.50145   0.00728
 0.51908   0.00805
 0.53592   0.00884
 0.55298   0.00969
 0.57094   0.01063
 0.59028   0.01172
 0.60945   0.01286
 0.62892   0.01409
 0.64893   0.01542
 0.66955   0.01688
 0.69089   0.01847
 0.71432   0.02032
 0.73696   0.02222
 0.76018   0.02427
 0.78497   0.02658
 0.80894   0.02894
 0.83487   0.03163
 0.86110   0.03450
 0.89394   0.03829
 0.92534   0.04214
 0.95675   0.04619
 0.98649   0.05023
 1.01638   0.05448
 1.04676   0.05899
 1.07803   0.06383
 1.11111   0.06918
 1.15204   0.07610
 1.19298   0.08335
 1.22943   0.09007
 1.26588   0.09704
 1.31093   0.10597
 1.35696   0.11544
 1.40245   0.12512
 1.44734   0.13495
 1.50116   0.14705
 1.54218   0.15649
 1.58319   0.16608
 1.62058   0.17493
 1.65764   0.18378
 1.69303   0.19228
 1.72541   0.20010
 1.75777   0.20793
 1.79013   0.21575
 1.82790   0.22486
 1.86297   0.23328
 1.89490   0.24089
 1.93145   0.24952
 1.97232   0.25903
 1.99682   0.26466
 2.02132   0.27021
 2.04495   0.27550
 2.09807   0.28709
 2.12534   0.29287
 2.15260   0.29851
 2.20602   0.30915
 2.23024   0.31378
 2.25220   0.31786
 2.30545   0.32728
 2.32441   0.33046
 2.34169   0.33327
 2.39442   0.34134
 2.40940   0.34349
 2.42437   0.34557
 2.44524   0.34835
 2.49689   0.35463
 2.52605   0.35779
 2.55368   0.36052
 2.60353   0.36475
 2.61978   0.36593
 2.63604   0.36701
 2.68349   0.36961
 2.70780   0.37060
 2.72614   0.37120
 2.74277   0.37162
 2.78643   0.37220
 2.80853   0.37220
 2.83062   0.37200
 2.85058   0.37164
 2.89320   0.37031
 2.90548   0.36979
 2.91776   0.36920
 2.93124   0.36848
 2.97668   0.36548
 3.00016   0.36359
 3.02365   0.36146
 3.05857   0.35785
 3.10734   0.35193
 3.14308   0.34696
 3.17580   0.34192
 3.20496   0.33706
 3.23412   0.33184
 3.26038   0.32685
 3.28927   0.32102
 3.31003   0.31663
 3.33080   0.31206
 3.38449   0.29948
 3.43869   0.28566
 3.48894   0.27189
 3.53450   0.25865
 3.58006   0.24471
 3.60451   0.23695
 3.62897   0.22901
 3.65644   0.21988
 3.71032   0.20135
 3.75974   0.18368
 3.79864   0.16936
 3.83753   0.15470
 3.87516   0.14023
 3.91650   0.12403
 3.95784   0.10755
 4.00628   0.08793
 4.05369   0.06847
 4.09911   0.04963
 4.14384   0.03095
 4.18607   0.01323
 4.22770  -0.00426
 4.26738  -0.02093
 4.30806  -0.03797
 4.35038  -0.05561
 4.39431  -0.07378
 4.43953  -0.09229
 4.48659  -0.11129
 4.53441  -0.13027
 4.58279  -0.14907
 4.63299  -0.16810
 4.68021  -0.18550
 4.70681  -0.19507
 4.73342  -0.20447
 4.77088  -0.21738
 4.81058  -0.23063
 4.85028  -0.24342
 4.90533  -0.26033
 4.96082  -0.27636
 4.99947  -0.28690
 5.03812  -0.29689
 5.07382  -0.30563
 5.10140  -0.31204
 5.12899  -0.31816
 5.15754  -0.32418
 5.19551  -0.33167
 5.23348  -0.33857
 5.27281  -0.34508
 5.30606  -0.35007
 5.33932  -0.35459
 5.37334  -0.35872
 5.40374  -0.36198
 5.43414  -0.36483
 5.46215  -0.36710
 5.50953  -0.37016
 5.55612  -0.37219
 5.59962  -0.37322
 5.62465  -0.37343
 5.64968  -0.37337
 5.69045  -0.37268
 5.73324  -0.37118
 5.77776  -0.36878
 5.80718  -0.36673
 5.83660  -0.36432
 5.86847  -0.36130
 5.90509  -0.35731
 5.94170  -0.35277
 5.97751  -0.34782
 6.00486  -0.34371
 6.03221  -0.33930
 6.06245  -0.33410
 6.09486  -0.32816
 6.12728  -0.32183
 6.16855  -0.31324
 6.20829  -0.30442
 6.24803  -0.29508
 6.29775  -0.28269
 6.34632  -0.26987
 6.39059  -0.25760
 6.44072  -0.24306
 6.49086  -0.22789
 6.54208  -0.21179
 6.59330  -0.19511
 6.64456  -0.17792
 6.69484  -0.16059
 6.75187  -0.14045
 6.80414  -0.12160
 6.85986  -0.10116
 6.91376  -0.08110
 6.96328  -0.06247
 7.01607  -0.04245
 7.06565  -0.02355
 7.11578  -0.00439
 7.16422   0.01414
 7.21186   0.03233
 7.26180   0.05133
 7.31435   0.07120
 7.36486   0.09014
 7.42180   0.11126
 7.47397   0.13035
 7.53518   0.15237
 7.59394   0.17307
 7.65962   0.19565
 7.71139   0.21297
 7.76316   0.22986
 7.81056   0.24492
 7.85796   0.25956
 7.89939   0.27200
 7.94082   0.28411
 7.98780   0.29741
 8.05125   0.31464
 8.09827   0.32684
 8.14528   0.33854
 8.19345   0.35001
 8.24833   0.36242
 8.29810   0.37307
 8.35510   0.38454
 8.40769   0.39444
 8.48577   0.40790
 8.54245   0.41675
 8.59913   0.42483
 8.65036   0.43147
 8.69654   0.43692
 8.73656   0.44123
 8.77588   0.44510
 8.84871   0.45133
 8.88834   0.45421
 8.90760   0.45549
 8.92686   0.45668
 8.95343   0.45819
 8.99510   0.46024
 9.03676   0.46192
 9.07543   0.46315
 9.10703   0.46392
 9.13863   0.46450
 9.17339   0.46489
 9.19701   0.46503
 9.22063   0.46505
 9.24277   0.46498
 9.30706   0.46425
 9.36567   0.46293
 9.40083   0.46185
 9.43600   0.46056
 9.46812   0.45920
 9.50343   0.45752
 9.53875   0.45565
 9.57443   0.45356
 9.65014   0.44853
 9.69985   0.44479
 9.74955   0.44074
 9.79487   0.43678
 9.83839   0.43275
 9.88190   0.42852
 9.94414   0.42211
 10.00638   0.41534
 10.09174   0.40550
 10.14368   0.39924
 10.19562   0.39278
 10.25039   0.38579
 10.30102   0.37917
 10.37819   0.36883
 10.44894   0.35913
 10.49653   0.35251
 10.54411   0.34582
 10.59238   0.33897
 10.65818   0.32957
 10.70203   0.32327
 10.74588   0.31695
 10.79749   0.30949
 10.88063   0.29748
 10.95641   0.28656
 11.00360   0.27979
 11.05080   0.27306
 11.11010   0.26464
 11.19819   0.25228
 11.28904   0.23975
 11.36515   0.22943
 11.41853   0.22232
 11.47191   0.21530
 11.56359   0.20351
 11.65526   0.19206
 11.71162   0.18520
 11.76798   0.17848
 11.87142   0.16652
 11.97486   0.15508
 12.07984   0.14399
 12.17966   0.13394
 12.27364   0.12494
 12.37092   0.11607
 12.50618   0.10451
 12.60723   0.09645
 12.70828   0.08886
 12.81350   0.08146
 12.89772   0.07589
 12.98193   0.07062
 13.08811   0.06440
 13.18821   0.05895
 13.28427   0.05407
 13.37841   0.04962
 13.47160   0.04552
 13.56138   0.04184
 13.64612   0.03860
 13.72474   0.03579
 13.79953   0.03328
 13.88237   0.03067
 13.96617   0.02822
 14.05045   0.02592
 14.12947   0.02391
 14.20330   0.02217
 14.28405   0.02038
 14.36518   0.01871
 14.44740   0.01715
 14.52570   0.01577
 14.60032   0.01454
 14.68059   0.01332
 14.76147   0.01218
 14.84255   0.01112
 14.92118   0.01018
 15.00544   0.00924
 15.08642   0.00842
 15.16796   0.00765
 15.25063   0.00694
 15.33211   0.00629
 15.41258   0.00571
 15.49700   0.00514
 15.58061   0.00463
 15.66516   0.00416
 15.75042   0.00372
 15.83557   0.00332
 15.92082   0.00295
 16.00984   0.00260
 16.09789   0.00228
 16.18693   0.00199
 16.27710   0.00171
 16.36844   0.00146
 16.46082   0.00122
 16.55424   0.00099
 16.64883   0.00078
 16.74467   0.00057
 16.84181   0.00037
 16.94017   0.00018
 17.03955  -0.00002
 17.13950  -0.00021
 17.23452  -0.00040
