 0.05068   0.00010   0.00014
 0.05119   0.00010   0.00014
 0.05169   0.00010   0.00015
 0.05220   0.00011   0.00015
 0.05271   0.00011   0.00016
 0.05322   0.00012   0.00016
 0.05374   0.00012   0.00017
 0.05426   0.00013   0.00017
 0.05478   0.00013   0.00018
 0.05531   0.00014   0.00018
 0.05584   0.00014   0.00019
 0.05637   0.00015   0.00019
 0.05691   0.00015   0.00020
 0.05745   0.00015   0.00020
 0.05799   0.00016   0.00021
 0.05854   0.00016   0.00021
 0.05909   0.00017   0.00022
 0.05964   0.00017   0.00023
 0.06020   0.00018   0.00023
 0.06074   0.00018   0.00024
 0.06131   0.00019   0.00024
 0.06187   0.00020   0.00025
 0.06244   0.00020   0.00026
 0.06302   0.00021   0.00026
 0.06359   0.00021   0.00027
 0.06417   0.00022   0.00028
 0.06476   0.00022   0.00028
 0.06534   0.00023   0.00029
 0.06593   0.00023   0.00030
 0.06653   0.00024   0.00030
 0.06712   0.00025   0.00031
 0.06772   0.00025   0.00032
 0.06833   0.00026   0.00032
 0.06893   0.00026   0.00033
 0.06955   0.00027   0.00034
 0.07016   0.00028   0.00035
 0.07075   0.00028   0.00035
 0.07137   0.00029   0.00036
 0.07199   0.00030   0.00037
 0.07262   0.00030   0.00038
 0.07326   0.00031   0.00038
 0.07389   0.00032   0.00039
 0.07453   0.00032   0.00040
 0.07517   0.00033   0.00041
 0.07582   0.00034   0.00042
 0.07647   0.00034   0.00043
 0.07712   0.00035   0.00043
 0.07778   0.00036   0.00044
 0.07844   0.00036   0.00045
 0.07911   0.00037   0.00046
 0.07978   0.00038   0.00047
 0.08045   0.00039   0.00048
 0.08114   0.00040   0.00049
 0.08183   0.00040   0.00050
 0.08251   0.00041   0.00051
 0.08320   0.00042   0.00052
 0.08389   0.00043   0.00053
 0.08459   0.00044   0.00054
 0.08529   0.00044   0.00055
 0.08600   0.00045   0.00056
 0.08671   0.00046   0.00057
 0.08742   0.00047   0.00058
 0.08814   0.00048   0.00059
 0.08887   0.00049   0.00060
 0.08959   0.00050   0.00061
 0.09033   0.00050   0.00062
 0.09104   0.00051   0.00063
 0.09178   0.00052   0.00064
 0.09253   0.00053   0.00066
 0.09328   0.00054   0.00067
 0.09403   0.00055   0.00068
 0.09479   0.00056   0.00069
 0.09556   0.00057   0.00070
 0.09632   0.00058   0.00072
 0.09710   0.00059   0.00073
 0.09787   0.00060   0.00074
 0.09866   0.00061   0.00075
 0.09944   0.00062   0.00077
 0.10024   0.00063   0.00078
 0.10099   0.00065   0.00079
 0.10179   0.00066   0.00081
 0.10260   0.00067   0.00082
 0.10341   0.00068   0.00083
 0.10423   0.00069   0.00085
 0.10505   0.00070   0.00086
 0.10588   0.00071   0.00088
 0.10671   0.00073   0.00089
 0.10755   0.00074   0.00091
 0.10839   0.00075   0.00092
 0.10924   0.00076   0.00094
 0.11009   0.00078   0.00095
 0.11096   0.00079   0.00097
 0.11183   0.00080   0.00098
 0.11270   0.00082   0.00100
 0.11357   0.00083   0.00102
 0.11446   0.00084   0.00103
 0.11534   0.00086   0.00105
 0.11624   0.00087   0.00107
 0.11714   0.00088   0.00109
 0.11804   0.00090   0.00110
 0.11895   0.00091   0.00112
 0.11987   0.00093   0.00114
 0.12079   0.00094   0.00116
 0.12173   0.00096   0.00118
 0.12267   0.00097   0.00120
 0.12361   0.00099   0.00121
 0.12456   0.00101   0.00123
 0.12551   0.00102   0.00125
 0.12647   0.00104   0.00127
 0.12743   0.00105   0.00129
 0.12841   0.00107   0.00131
 0.12939   0.00109   0.00134
 0.13037   0.00111   0.00136
 0.13132   0.00112   0.00138
 0.13231   0.00114   0.00140
 0.13332   0.00116   0.00142
 0.13433   0.00118   0.00144
 0.13535   0.00119   0.00147
 0.13637   0.00121   0.00149
 0.13740   0.00123   0.00151
 0.13844   0.00125   0.00154
 0.13949   0.00127   0.00156
 0.14054   0.00129   0.00158
 0.14158   0.00131   0.00161
 0.14265   0.00133   0.00163
 0.14372   0.00135   0.00166
 0.14481   0.00137   0.00168
 0.14589   0.00139   0.00171
 0.14699   0.00141   0.00174
 0.14809   0.00144   0.00176
 0.14920   0.00146   0.00179
 0.15032   0.00148   0.00182
 0.15137   0.00150   0.00184
 0.15250   0.00153   0.00187
 0.15364   0.00155   0.00190
 0.15479   0.00157   0.00193
 0.15595   0.00160   0.00196
 0.15711   0.00162   0.00199
 0.15829   0.00165   0.00202
 0.15947   0.00167   0.00205
 0.16065   0.00170   0.00208
 0.16184   0.00172   0.00211
 0.16305   0.00175   0.00214
 0.16426   0.00177   0.00218
 0.16548   0.00180   0.00221
 0.16671   0.00183   0.00224
 0.16795   0.00186   0.00228
 0.16919   0.00188   0.00231
 0.17045   0.00191   0.00235
 0.17164   0.00194   0.00238
 0.17291   0.00197   0.00242
 0.17419   0.00200   0.00245
 0.17548   0.00203   0.00249
 0.17678   0.00206   0.00253
 0.17808   0.00209   0.00257
 0.17940   0.00212   0.00260
 0.18073   0.00215   0.00264
 0.18205   0.00219   0.00268
 0.18339   0.00222   0.00272
 0.18474   0.00225   0.00276
 0.18611   0.00228   0.00280
 0.18748   0.00232   0.00285
 0.18886   0.00235   0.00289
 0.19025   0.00239   0.00293
 0.19159   0.00242   0.00297
 0.19300   0.00246   0.00302
 0.19442   0.00250   0.00306
 0.19585   0.00253   0.00311
 0.19729   0.00257   0.00316
 0.19874   0.00261   0.00320
 0.20019   0.00265   0.00325
 0.20168   0.00269   0.00330
 0.20316   0.00273   0.00335
 0.20465   0.00277   0.00340
 0.20615   0.00281   0.00345
 0.20766   0.00285   0.00350
 0.20918   0.00289   0.00355
 0.21071   0.00293   0.00360
 0.21219   0.00298   0.00365
 0.21374   0.00302   0.00371
 0.21531   0.00306   0.00376
 0.21688   0.00311   0.00382
 0.21846   0.00315   0.00387
 0.22006   0.00320   0.00393
 0.22182   0.00325   0.00400
 0.22344   0.00330   0.00405
 0.22507   0.00335   0.00411
 0.22671   0.00340   0.00417
 0.22836   0.00345   0.00424
 0.23003   0.00350   0.00430
 0.23177   0.00355   0.00436
 0.23346   0.00360   0.00443
 0.23516   0.00366   0.00449
 0.23687   0.00371   0.00456
 0.23859   0.00376   0.00463
 0.24033   0.00382   0.00469
 0.24195   0.00387   0.00476
 0.24370   0.00393   0.00483
 0.24547   0.00398   0.00490
 0.24726   0.00404   0.00497
 0.24905   0.00410   0.00504
 0.25086   0.00416   0.00512
 0.25261   0.00422   0.00519
 0.25444   0.00428   0.00526
 0.25629   0.00434   0.00534
 0.25815   0.00441   0.00542
 0.26002   0.00447   0.00550
 0.26195   0.00454   0.00558
 0.26384   0.00460   0.00566
 0.26576   0.00467   0.00574
 0.26768   0.00474   0.00583
 0.26962   0.00481   0.00591
 0.27157   0.00487   0.00600
 0.27360   0.00495   0.00609
 0.27558   0.00502   0.00618
 0.27757   0.00509   0.00627
 0.27958   0.00517   0.00636
 0.28160   0.00524   0.00645
 0.28372   0.00532   0.00655
 0.28577   0.00540   0.00664
 0.28783   0.00547   0.00674
 0.28991   0.00555   0.00684
 0.29200   0.00563   0.00694
 0.29412   0.00571   0.00704
 0.29625   0.00580   0.00714
 0.29838   0.00588   0.00724
 0.30032   0.00596   0.00734
 0.30225   0.00603   0.00743
 0.30443   0.00612   0.00754
 0.30662   0.00621   0.00765
 0.30883   0.00630   0.00776
 0.31106   0.00639   0.00787
 0.31320   0.00648   0.00798
 0.31546   0.00657   0.00809
 0.31773   0.00666   0.00821
 0.32002   0.00676   0.00833
 0.32238   0.00686   0.00845
 0.32470   0.00696   0.00858
 0.32704   0.00706   0.00870
 0.32939   0.00716   0.00882
 0.33176   0.00726   0.00895
 0.33429   0.00737   0.00909
 0.33669   0.00747   0.00922
 0.33911   0.00758   0.00935
 0.34155   0.00769   0.00949
 0.34409   0.00780   0.00963
 0.34656   0.00792   0.00977
 0.34905   0.00803   0.00991
 0.35156   0.00814   0.01005
 0.35415   0.00826   0.01020
 0.35669   0.00838   0.01034
 0.35925   0.00850   0.01049
 0.36183   0.00862   0.01064
 0.36463   0.00875   0.01081
 0.36725   0.00888   0.01096
 0.36989   0.00900   0.01112
 0.37254   0.00913   0.01128
 0.37524   0.00926   0.01145
 0.37794   0.00940   0.01161
 0.38032   0.00951   0.01176
 0.38270   0.00963   0.01190
 0.38545   0.00977   0.01207
 0.38822   0.00991   0.01225
 0.39100   0.01005   0.01242
 0.39354   0.01018   0.01258
 0.39636   0.01032   0.01277
 0.39921   0.01047   0.01295
 0.40207   0.01062   0.01313
 0.40519   0.01078   0.01334
 0.40810   0.01093   0.01353
 0.41103   0.01109   0.01372
 0.41368   0.01123   0.01390
 0.41665   0.01139   0.01410
 0.41964   0.01155   0.01430
 0.42265   0.01171   0.01451
 0.42578   0.01188   0.01472
 0.42884   0.01205   0.01493
 0.43192   0.01222   0.01515
 0.43511   0.01240   0.01537
 0.43824   0.01258   0.01559
 0.44138   0.01276   0.01581
 0.44431   0.01292   0.01602
 0.44750   0.01311   0.01625
 0.45024   0.01326   0.01645
 0.45298   0.01342   0.01665
 0.45623   0.01361   0.01689
 0.45950   0.01380   0.01713
 0.46280   0.01400   0.01737
 0.46628   0.01421   0.01764
 0.46963   0.01441   0.01789
 0.47300   0.01461   0.01814
 0.47652   0.01482   0.01841
 0.47994   0.01503   0.01868
 0.48338   0.01524   0.01894
 0.48687   0.01546   0.01921
 0.49037   0.01568   0.01949
 0.49355   0.01588   0.01974
 0.49710   0.01610   0.02002
 0.50025   0.01630   0.02028
 0.50340   0.01650   0.02053
 0.50701   0.01673   0.02082
 0.51065   0.01697   0.02112
 0.51400   0.01718   0.02140
 0.51769   0.01743   0.02170
 0.52099   0.01764   0.02198
 0.52406   0.01785   0.02223
 0.52782   0.01810   0.02255
 0.53161   0.01835   0.02287
 0.53506   0.01858   0.02317
 0.53890   0.01884   0.02350
 0.54277   0.01910   0.02383
 0.54671   0.01937   0.02418
 0.55064   0.01965   0.02452
 0.55477   0.01993   0.02489
 0.55875   0.02021   0.02524
 0.56277   0.02049   0.02560
 0.56686   0.02078   0.02597
 0.57021   0.02102   0.02627
 0.57357   0.02126   0.02658
 0.57769   0.02156   0.02696
 0.58185   0.02186   0.02734
 0.58563   0.02213   0.02770
 0.58984   0.02244   0.02809
 0.59409   0.02276   0.02849
 0.59843   0.02308   0.02890
 0.60274   0.02340   0.02931
 0.60739   0.02375   0.02976
 0.61125   0.02404   0.03014
 0.61476   0.02431   0.03048
 0.61919   0.02464   0.03091
 0.62365   0.02499   0.03135
 0.62859   0.02537   0.03184
 0.63313   0.02572   0.03230
 0.63773   0.02608   0.03276
 0.64233   0.02644   0.03323
 0.64665   0.02678   0.03367
 0.65048   0.02709   0.03406
 0.65396   0.02737   0.03442
 0.65868   0.02774   0.03491
 0.66343   0.02813   0.03541
 0.66827   0.02852   0.03592
 0.67309   0.02892   0.03643
 0.67842   0.02935   0.03700
 0.68332   0.02976   0.03752
 0.68830   0.03017   0.03806
 0.69327   0.03059   0.03860
 0.69833   0.03101   0.03916
 0.70338   0.03144   0.03971
 0.70851   0.03188   0.04028
 0.71364   0.03232   0.04085
 0.71885   0.03277   0.04144
 0.72405   0.03322   0.04203
 0.73018   0.03375   0.04273
 0.73551   0.03422   0.04334
 0.74084   0.03469   0.04396
 0.74626   0.03517   0.04459
 0.75061   0.03555   0.04510
 0.75484   0.03593   0.04559
 0.76031   0.03642   0.04624
 0.76526   0.03687   0.04683
 0.77080   0.03737   0.04749
 0.77620   0.03787   0.04814
 0.78073   0.03828   0.04869
 0.78527   0.03870   0.04924
 0.79097   0.03923   0.04994
 0.79641   0.03973   0.05061
 0.79991   0.04006   0.05105
 0.80341   0.04039   0.05148
 0.80979   0.04099   0.05228
 0.81568   0.04154   0.05302
 0.81970   0.04192   0.05353
 0.82371   0.04231   0.05404
 0.82958   0.04287   0.05479
 0.83544   0.04343   0.05554
 0.83975   0.04385   0.05610
 0.84405   0.04426   0.05665
 0.85019   0.04486   0.05746
 0.85634   0.04546   0.05826
 0.86079   0.04590   0.05885
 0.86523   0.04634   0.05944
 0.86999   0.04681   0.06007
 0.87474   0.04728   0.06071
 0.88011   0.04782   0.06143
 0.88548   0.04835   0.06215
 0.88951   0.04876   0.06270
 0.89355   0.04916   0.06325
 0.89978   0.04979   0.06410
 0.90636   0.05046   0.06501
 0.91067   0.05090   0.06561
 0.91499   0.05134   0.06621
 0.91998   0.05185   0.06690
 0.92496   0.05237   0.06760
 0.93005   0.05289   0.06832
 0.93513   0.05342   0.06903
 0.93970   0.05389   0.06968
 0.94427   0.05437   0.07033
 0.95000   0.05497   0.07116
 0.95574   0.05557   0.07198
 0.95980   0.05600   0.07257
 0.96386   0.05643   0.07316
 0.96940   0.05701   0.07396
 0.97494   0.05760   0.07477
 0.97954   0.05809   0.07545
 0.98414   0.05858   0.07613
 0.98986   0.05919   0.07697
 0.99559   0.05981   0.07783
 0.99951   0.06023   0.07841
 1.00343   0.06065   0.07900
 1.00924   0.06128   0.07987
 1.01667   0.06209   0.08099
 1.02517   0.06302   0.08229
 1.02998   0.06354   0.08302
 1.03478   0.06407   0.08376
 1.03917   0.06455   0.08443
 1.04357   0.06503   0.08511
 1.04925   0.06566   0.08599
 1.05700   0.06652   0.08720
 1.06588   0.06751   0.08859
 1.07068   0.06804   0.08934
 1.07522   0.06855   0.09006
 1.08015   0.06910   0.09084
 1.08508   0.06966   0.09163
 1.08994   0.07020   0.09240
 1.09481   0.07075   0.09318
 1.09980   0.07132   0.09398
 1.10480   0.07188   0.09479
 1.10942   0.07241   0.09553
 1.11403   0.07293   0.09628
 1.11906   0.07350   0.09710
 1.12409   0.07407   0.09792
 1.12943   0.07468   0.09879
 1.13477   0.07530   0.09967
 1.13923   0.07581   0.10041
 1.14368   0.07632   0.10114
 1.14949   0.07699   0.10210
 1.15804   0.07797   0.10353
 1.16746   0.07906   0.10510
 1.17819   0.08031   0.10691
 1.18916   0.08159   0.10877
 1.19945   0.08279   0.11052
 1.20919   0.08393   0.11219
 1.21887   0.08506   0.11386
 1.22913   0.08627   0.11564
 1.23972   0.08752   0.11749
 1.24991   0.08873   0.11927
 1.25960   0.08987   0.12098
 1.26918   0.09101   0.12267
 1.27939   0.09223   0.12449
 1.28833   0.09329   0.12609
 1.29727   0.09436   0.12769
 1.30698   0.09552   0.12944
 1.31612   0.09661   0.13110
 1.32536   0.09772   0.13277
 1.33085   0.09838   0.13377
 1.33633   0.09904   0.13478
 1.34643   0.10025   0.13663
 1.35854   0.10171   0.13886
 1.36965   0.10304   0.14092
 1.37723   0.10396   0.14233
 1.38482   0.10487   0.14374
 1.38942   0.10543   0.14460
 1.39401   0.10598   0.14546
 1.39936   0.10663   0.14646
 1.40471   0.10727   0.14747
 1.41026   0.10794   0.14851
 1.41532   0.10855   0.14947
 1.42610   0.10985   0.15151
 1.43645   0.11110   0.15347
 1.44957   0.11269   0.15597
 1.45665   0.11354   0.15733
 1.46372   0.11440   0.15868
 1.46957   0.11510   0.15981
 1.47541   0.11581   0.16093
 1.47978   0.11633   0.16178
 1.48415   0.11686   0.16262
 1.48980   0.11754   0.16371
 1.49545   0.11822   0.16481
 1.50529   0.11941   0.16672
 1.51479   0.12055   0.16857
 1.51955   0.12113   0.16949
 1.52431   0.12170   0.17042
 1.53118   0.12253   0.17177
 1.53879   0.12344   0.17326
 1.54651   0.12437   0.17478
 1.55423   0.12529   0.17630
 1.56123   0.12613   0.17768
 1.56817   0.12696   0.17905
 1.57709   0.12803   0.18081
 1.58591   0.12908   0.18256
 1.59444   0.13010   0.18426
 1.60123   0.13091   0.18561
 1.60750   0.13166   0.18686
 1.61997   0.13314   0.18935
 1.62721   0.13400   0.19080
 1.63445   0.13486   0.19225
 1.64018   0.13553   0.19340
 1.64581   0.13620   0.19453
 1.65695   0.13751   0.19677
 1.66653   0.13864   0.19870
 1.67528   0.13967   0.20047
 1.68694   0.14103   0.20282
 1.69654   0.14215   0.20476
 1.70531   0.14317   0.20654
 1.71667   0.14449   0.20885
 1.72540   0.14550   0.21062
 1.73413   0.14651   0.21240
 1.73965   0.14715   0.21352
 1.74517   0.14778   0.21465
 1.74957   0.14829   0.21554
 1.75396   0.14879   0.21644
 1.75912   0.14938   0.21749
 1.76427   0.14997   0.21854
 1.76902   0.15051   0.21951
 1.77377   0.15105   0.22048
 1.77965   0.15172   0.22169
 1.78823   0.15269   0.22344
 1.79682   0.15366   0.22520
 1.80534   0.15462   0.22694
 1.81488   0.15569   0.22890
 1.82014   0.15628   0.22998
 1.82541   0.15687   0.23106
 1.83700   0.15816   0.23343
 1.84565   0.15912   0.23521
 1.85430   0.16008   0.23699
 1.85990   0.16069   0.23814
 1.86550   0.16131   0.23928
 1.87654   0.16252   0.24155
 1.88641   0.16359   0.24358
 1.89606   0.16464   0.24556
 1.90635   0.16575   0.24767
 1.91616   0.16680   0.24969
 1.92597   0.16784   0.25170
 1.93768   0.16909   0.25411
 1.94829   0.17021   0.25628
 1.95791   0.17122   0.25826
 1.96736   0.17220   0.26020
 1.97628   0.17313   0.26202
 1.98437   0.17397   0.26368
 1.98939   0.17448   0.26471
 1.99441   0.17500   0.26573
 2.00122   0.17569   0.26713
 2.00785   0.17637   0.26848
 2.01288   0.17688   0.26951
 2.01791   0.17739   0.27054
 2.03426   0.17903   0.27388
 2.05078   0.18067   0.27724
 2.06747   0.18231   0.28064
 2.08432   0.18395   0.28406
 2.10134   0.18559   0.28750
 2.10946   0.18636   0.28914
 2.11369   0.18676   0.29000
 2.11754   0.18712   0.29077
 2.13487   0.18875   0.29426
 2.15238   0.19036   0.29778
 2.17008   0.19198   0.30132
 2.18795   0.19358   0.30489
 2.20600   0.19518   0.30847
 2.20935   0.19547   0.30914
 2.21270   0.19576   0.30980
 2.21578   0.19603   0.31041
 2.23409   0.19761   0.31402
 2.25260   0.19918   0.31766
 2.27129   0.20073   0.32132
 2.29018   0.20228   0.32499
 2.30926   0.20381   0.32868
 2.31247   0.20406   0.32930
 2.31539   0.20430   0.32987
 2.33469   0.20580   0.33357
 2.35421   0.20730   0.33730
 2.37393   0.20877   0.34103
 2.39384   0.21023   0.34478
 2.40065   0.21072   0.34606
 2.40746   0.21120   0.34733
 2.41318   0.21161   0.34839
 2.41872   0.21200   0.34942
 2.43905   0.21340   0.35319
 2.45961   0.21479   0.35696
 2.48038   0.21615   0.36073
 2.50135   0.21749   0.36451
 2.50734   0.21786   0.36559
 2.51333   0.21823   0.36666
 2.51900   0.21858   0.36767
 2.54032   0.21986   0.37144
 2.56188   0.22112   0.37522
 2.58365   0.22234   0.37899
 2.60564   0.22354   0.38275
 2.61002   0.22377   0.38350
 2.61440   0.22400   0.38424
 2.63664   0.22514   0.38798
 2.65913   0.22625   0.39172
 2.68183   0.22732   0.39544
 2.70475   0.22835   0.39914
 2.70808   0.22850   0.39968
 2.70969   0.22857   0.39993
 2.71129   0.22864   0.40019
 2.71330   0.22873   0.40051
 2.73339   0.22957   0.40369
 2.75678   0.23051   0.40734
 2.78039   0.23141   0.41097
 2.80421   0.23226   0.41457
 2.80940   0.23244   0.41534
 2.81348   0.23258   0.41595
 2.81722   0.23271   0.41650
 2.84130   0.23349   0.42004
 2.86566   0.23422   0.42354
 2.89023   0.23490   0.42701
 2.89790   0.23510   0.42808
 2.90557   0.23530   0.42914
 2.91630   0.23556   0.43061
 2.92609   0.23580   0.43194
 2.95111   0.23635   0.43528
 2.97638   0.23685   0.43859
 3.00186   0.23730   0.44183
 3.00637   0.23737   0.44240
 3.00921   0.23742   0.44275
 3.01205   0.23746   0.44311
 3.01470   0.23750   0.44344
 3.04039   0.23786   0.44659
 3.06635   0.23817   0.44968
 3.09251   0.23841   0.45271
 3.10124   0.23848   0.45370
 3.10997   0.23854   0.45468
 3.13639   0.23869   0.45759
 3.16524   0.23878   0.46065
 3.19209   0.23880   0.46340
 3.20098   0.23879   0.46429
 3.20987   0.23877   0.46517
 3.23693   0.23869   0.46778
 3.26234   0.23855   0.47013
 3.28977   0.23835   0.47258
 3.29836   0.23827   0.47332
 3.30694   0.23819   0.47405
 3.30975   0.23816   0.47429
 3.31256   0.23813   0.47452
 3.31589   0.23809   0.47480
 3.34351   0.23777   0.47705
 3.37140   0.23737   0.47921
 3.39944   0.23692   0.48128
 3.40670   0.23679   0.48179
 3.40934   0.23674   0.48198
 3.41198   0.23669   0.48216
 3.41461   0.23664   0.48235
 3.44089   0.23613   0.48412
 3.46924   0.23552   0.48593
 3.49774   0.23484   0.48762
 3.50473   0.23467   0.48802
 3.50846   0.23457   0.48823
 3.51219   0.23448   0.48844
 3.51734   0.23434   0.48872
 3.54588   0.23357   0.49023
 3.57468   0.23273   0.49162
 3.60360   0.23183   0.49291
 3.60959   0.23163   0.49316
 3.61558   0.23144   0.49340
 3.62117   0.23125   0.49363
 3.65009   0.23026   0.49472
 3.67924   0.22921   0.49570
 3.70849   0.22810   0.49656
 3.71227   0.22795   0.49666
 3.71604   0.22780   0.49676
 3.74521   0.22663   0.49747
 3.77463   0.22540   0.49806
 3.80413   0.22411   0.49853
 3.80951   0.22387   0.49860
 3.81490   0.22363   0.49867
 3.81988   0.22340   0.49873
 3.84930   0.22205   0.49902
 3.87894   0.22063   0.49918
 3.90864   0.21917   0.49922
 3.91234   0.21899   0.49922
 3.91602   0.21880   0.49922
 3.94559   0.21729   0.49911
 3.97539   0.21573   0.49889
 4.00523   0.21412   0.49854
 4.00997   0.21386   0.49848
 4.01472   0.21360   0.49841
 4.02292   0.21315   0.49828
 4.05265   0.21149   0.49775
 4.08257   0.20978   0.49710
 4.09103   0.20929   0.49690
 4.09948   0.20879   0.49669
 4.10583   0.20842   0.49652
 4.10967   0.20820   0.49642
 4.11350   0.20797   0.49631
 4.11762   0.20773   0.49620
 4.14739   0.20595   0.49531
 4.17736   0.20413   0.49430
 4.20735   0.20228   0.49318
 4.20975   0.20213   0.49308
 4.21216   0.20198   0.49299
 4.21518   0.20179   0.49287
 4.24496   0.19991   0.49162
 4.27495   0.19799   0.49025
 4.30495   0.19605   0.48878
 4.30805   0.19585   0.48862
 4.30987   0.19573   0.48853
 4.31169   0.19561   0.48843
 4.31446   0.19543   0.48829
 4.34214   0.19360   0.48681
 4.37210   0.19161   0.48511
 4.40206   0.18959   0.48331
 4.40744   0.18923   0.48298
 4.40959   0.18908   0.48285
 4.41174   0.18894   0.48271
 4.41426   0.18877   0.48255
 4.43946   0.18705   0.48093
 4.46934   0.18499   0.47892
 4.49924   0.18292   0.47682
 4.51214   0.18202   0.47588
 4.52505   0.18112   0.47493
 4.55477   0.17904   0.47267
 4.58459   0.17693   0.47031
 4.59456   0.17622   0.46951
 4.60453   0.17552   0.46869
 4.61001   0.17513   0.46824
 4.61548   0.17474   0.46779
 4.64504   0.17263   0.46529
 4.67476   0.17050   0.46269
 4.70443   0.16837   0.46002
 4.70944   0.16801   0.45956
 4.71445   0.16764   0.45910
 4.71916   0.16730   0.45867
 4.74857   0.16518   0.45591
 4.77813   0.16304   0.45307
 4.80765   0.16090   0.45016
 4.81306   0.16051   0.44962
 4.81847   0.16012   0.44908
 4.84773   0.15799   0.44610
 4.87714   0.15585   0.44305
 4.90649   0.15372   0.43994
 4.90898   0.15354   0.43968
 4.91147   0.15336   0.43941
 4.91552   0.15307   0.43897
 4.94459   0.15096   0.43582
 4.97382   0.14884   0.43259
 5.00298   0.14672   0.42931
 5.00914   0.14628   0.42861
 5.01317   0.14599   0.42815
 5.01686   0.14572   0.42773
 5.04574   0.14363   0.42441
 5.07475   0.14154   0.42102
 5.10371   0.13946   0.41760
 5.10725   0.13921   0.41717
 5.10985   0.13902   0.41687
 5.11244   0.13884   0.41656
 5.11612   0.13857   0.41612
 5.14478   0.13652   0.41266
 5.17358   0.13447   0.40915
 5.20232   0.13243   0.40560
 5.20808   0.13202   0.40489
 5.21269   0.13170   0.40432
 5.21730   0.13137   0.40374
 5.24574   0.12937   0.40018
 5.27431   0.12736   0.39656
 5.30281   0.12538   0.39292
 5.30893   0.12495   0.39214
 5.31270   0.12469   0.39166
 5.31610   0.12445   0.39122
 5.34430   0.12250   0.38757
 5.37263   0.12055   0.38389
 5.40090   0.11862   0.38018
 5.40638   0.11825   0.37946
 5.40961   0.11803   0.37904
 5.41284   0.11781   0.37861
 5.41654   0.11756   0.37812
 5.44449   0.11567   0.37442
 5.47257   0.11378   0.37068
 5.50058   0.11191   0.36693
 5.50621   0.11154   0.36618
 5.50997   0.11129   0.36567
 5.51373   0.11104   0.36517
 5.52070   0.11058   0.36423
 5.54841   0.10875   0.36049
 5.57622   0.10694   0.35673
 5.60396   0.10514   0.35296
 5.60820   0.10487   0.35238
 5.61244   0.10460   0.35180
 5.62030   0.10409   0.35073
 5.64776   0.10234   0.34698
 5.67531   0.10059   0.34321
 5.70278   0.09887   0.33944
 5.70903   0.09848   0.33858
 5.71376   0.09818   0.33793
 5.71804   0.09792   0.33734
 5.74521   0.09624   0.33361
 5.77250   0.09456   0.32985
 5.79971   0.09291   0.32610
 5.80615   0.09253   0.32521
 5.80936   0.09233   0.32477
 5.81257   0.09214   0.32432
 5.81601   0.09193   0.32385
 5.84291   0.09033   0.32014
 5.86993   0.08873   0.31641
 5.89687   0.08715   0.31270
 5.90975   0.08641   0.31092
 5.92262   0.08566   0.30915
 5.93534   0.08493   0.30740
 5.96199   0.08342   0.30373
 5.98868   0.08191   0.30006
 5.99788   0.08140   0.29880
 6.00708   0.08089   0.29754
 6.01341   0.08054   0.29667
 6.01949   0.08020   0.29584
 6.04586   0.07875   0.29223
 6.07231   0.07731   0.28861
 6.09870   0.07590   0.28502
 6.10774   0.07542   0.28379
 6.11329   0.07512   0.28303
 6.11884   0.07483   0.28228
 6.14493   0.07346   0.27874
 6.17111   0.07210   0.27520
 6.19723   0.07076   0.27169
 6.20644   0.07029   0.27045
 6.21432   0.06989   0.26939
 6.22177   0.06952   0.26839
 6.24759   0.06823   0.26494
 6.27349   0.06695   0.26149
 6.29932   0.06569   0.25806
 6.30622   0.06535   0.25715
 6.30989   0.06518   0.25666
 6.31357   0.06500   0.25618
 6.31930   0.06473   0.25542
 6.34484   0.06351   0.25206
 6.37047   0.06230   0.24870
 6.39604   0.06112   0.24537
 6.40752   0.06059   0.24388
 6.41339   0.06032   0.24312
 6.41926   0.06006   0.24236
 6.44453   0.05892   0.23911
 6.46989   0.05779   0.23585
 6.49518   0.05668   0.23263
 6.50608   0.05620   0.23124
 6.50986   0.05604   0.23077
 6.51365   0.05587   0.23029
 6.51931   0.05563   0.22957
 6.54431   0.05456   0.22642
 6.56940   0.05350   0.22328
 6.59442   0.05247   0.22017
 6.60492   0.05203   0.21886
 6.60926   0.05186   0.21833
 6.61360   0.05168   0.21779
 6.61815   0.05149   0.21723
 6.64287   0.05050   0.21420
 6.66769   0.04951   0.21117
 6.69245   0.04854   0.20817
 6.70227   0.04816   0.20699
 6.70765   0.04795   0.20634
 6.71304   0.04774   0.20570
 6.72028   0.04747   0.20483
 6.74475   0.04654   0.20191
 6.76931   0.04562   0.19901
 6.79379   0.04472   0.19613
 6.80399   0.04434   0.19494
 6.80810   0.04420   0.19446
 6.81221   0.04405   0.19399
 6.81721   0.04387   0.19340
 6.84141   0.04300   0.19061
 6.86571   0.04215   0.18782
 6.88995   0.04131   0.18507
 6.90425   0.04082   0.18345
 6.90822   0.04068   0.18300
 6.91220   0.04055   0.18256
 6.91767   0.04036   0.18194
 6.94162   0.03956   0.17927
 6.96566   0.03877   0.17661
 6.98964   0.03799   0.17398
 7.00030   0.03765   0.17281
 7.00575   0.03747   0.17222
 7.00966   0.03735   0.17180
 7.01356   0.03722   0.17138
 7.01863   0.03706   0.17083
 7.04232   0.03632   0.16828
 7.06610   0.03559   0.16575
 7.08983   0.03487   0.16324
 7.10039   0.03455   0.16213
 7.10587   0.03439   0.16156
 7.10988   0.03427   0.16114
 7.11390   0.03415   0.16072
 7.12036   0.03396   0.16005
 7.14381   0.03328   0.15763
 7.16734   0.03260   0.15522
 7.19081   0.03194   0.15285
 7.20209   0.03162   0.15171
 7.20857   0.03144   0.15106
 7.21440   0.03128   0.15048
 7.21975   0.03113   0.14995
 7.24294   0.03050   0.14765
 7.26623   0.02988   0.14536
 7.28945   0.02927   0.14311
 7.29810   0.02904   0.14228
 7.30674   0.02882   0.14145
 7.31442   0.02862   0.14071
 7.32211   0.02842   0.13998
 7.34508   0.02784   0.13780
 7.36812   0.02727   0.13565
 7.39110   0.02671   0.13352
 7.40343   0.02641   0.13238
 7.40866   0.02629   0.13190
 7.41390   0.02616   0.13143
 7.41896   0.02604   0.13096
 7.44168   0.02551   0.12891
 7.46449   0.02498   0.12687
 7.48724   0.02446   0.12485
 7.50994   0.02396   0.12287
 7.53259   0.02346   0.12090
 7.55555   0.02297   0.11894
 7.57809   0.02249   0.11703
 7.60058   0.02202   0.11515
 7.62302   0.02156   0.11330
 7.64661   0.02109   0.11137
 7.66896   0.02065   0.10957
 7.69124   0.02022   0.10779
 7.70340   0.01998   0.10683
 7.70878   0.01988   0.10641
 7.71416   0.01978   0.10598
 7.71959   0.01968   0.10556
 7.74163   0.01927   0.10385
 7.76375   0.01886   0.10215
 7.78582   0.01847   0.10048
 7.80784   0.01808   0.09883
 7.81408   0.01797   0.09837
 7.82030   0.01786   0.09791
 7.84212   0.01749   0.09631
 7.86402   0.01712   0.09472
 7.88587   0.01676   0.09315
 7.90768   0.01641   0.09161
 7.91483   0.01629   0.09111
 7.92131   0.01619   0.09066
 7.94292   0.01585   0.08916
 7.96460   0.01552   0.08768
 7.98624   0.01519   0.08621
 8.00783   0.01487   0.08478
 8.01439   0.01477   0.08434
 8.02069   0.01468   0.08393
 8.04209   0.01437   0.08253
 8.06356   0.01406   0.08114
 8.08499   0.01377   0.07978
 8.10637   0.01347   0.07844
 8.11600   0.01334   0.07784
 8.12522   0.01322   0.07727
 8.14643   0.01294   0.07597
 8.16768   0.01267   0.07468
 8.18889   0.01240   0.07341
 8.20741   0.01217   0.07232
 8.21452   0.01208   0.07191
 8.22162   0.01199   0.07149
 8.24262   0.01174   0.07028
 8.26368   0.01149   0.06909
 8.28470   0.01124   0.06791
 8.30567   0.01100   0.06674
 8.31546   0.01089   0.06621
 8.32525   0.01079   0.06567
 8.34606   0.01056   0.06455
 8.36691   0.01033   0.06344
 8.38773   0.01011   0.06235
 8.40850   0.00989   0.06128
 8.41900   0.00979   0.06074
 8.42848   0.00969   0.06026
 8.44909   0.00948   0.05922
 8.46974   0.00928   0.05820
 8.49036   0.00908   0.05719
 8.50101   0.00898   0.05667
 8.50941   0.00890   0.05627
 8.51782   0.00882   0.05587
 8.52747   0.00874   0.05541
 8.54789   0.00855   0.05445
 8.56836   0.00837   0.05350
 8.58879   0.00819   0.05256
 8.60918   0.00801   0.05165
 8.62953   0.00784   0.05074
 8.64837   0.00768   0.04992
 8.66864   0.00752   0.04904
 8.68888   0.00736   0.04818
 8.70909   0.00720   0.04733
 8.72926   0.00705   0.04650
 8.74775   0.00691   0.04575
 8.76783   0.00676   0.04494
 8.78790   0.00661   0.04415
 8.80792   0.00647   0.04337
 8.81629   0.00641   0.04304
 8.82394   0.00636   0.04275
 8.84381   0.00622   0.04200
 8.86373   0.00609   0.04125
 8.88362   0.00596   0.04052
 8.90348   0.00583   0.03980
 8.90944   0.00579   0.03958
 8.91539   0.00575   0.03937
 8.92301   0.00571   0.03910
 8.94270   0.00558   0.03841
 8.96246   0.00547   0.03772
 8.98218   0.00535   0.03705
 9.00186   0.00523   0.03638
 9.02151   0.00512   0.03573
 9.04189   0.00501   0.03507
 9.06148   0.00490   0.03444
 9.08103   0.00480   0.03382
 9.10055   0.00469   0.03321
 9.10938   0.00465   0.03294
 9.11821   0.00460   0.03267
 9.12866   0.00455   0.03235
 9.14803   0.00445   0.03177
 9.16743   0.00436   0.03119
 9.18681   0.00426   0.03063
 9.20615   0.00417   0.03008
 9.21661   0.00412   0.02978
 9.22687   0.00408   0.02949
 9.24608   0.00399   0.02896
 9.26532   0.00391   0.02843
 9.28454   0.00382   0.02792
 9.30372   0.00374   0.02741
 9.31716   0.00369   0.02706
 9.32940   0.00364   0.02674
 9.34846   0.00356   0.02626
 9.36754   0.00348   0.02578
 9.38658   0.00341   0.02531
 9.40560   0.00334   0.02484
 9.41643   0.00330   0.02458
 9.42726   0.00326   0.02433
 9.44615   0.00319   0.02388
 9.46508   0.00312   0.02344
 9.48397   0.00306   0.02301
 9.50284   0.00299   0.02259
 9.51893   0.00294   0.02224
 9.53422   0.00289   0.02190
 9.55299   0.00283   0.02150
 9.57174   0.00277   0.02111
 9.59047   0.00271   0.02072
 9.60918   0.00265   0.02034
 9.62785   0.00260   0.01996
 9.64633   0.00254   0.01960
 9.66494   0.00249   0.01923
 9.68353   0.00244   0.01888
 9.70209   0.00239   0.01853
 9.72063   0.00234   0.01818
 9.73877   0.00229   0.01785
 9.75725   0.00224   0.01752
 9.77570   0.00219   0.01720
 9.79412   0.00215   0.01688
 9.80458   0.00212   0.01670
 9.81504   0.00210   0.01652
 9.82451   0.00207   0.01636
 9.84280   0.00203   0.01606
 9.86113   0.00199   0.01576
 9.87943   0.00195   0.01547
 9.89770   0.00191   0.01518
 9.90866   0.00188   0.01501
 9.91961   0.00186   0.01484
 9.93092   0.00183   0.01467
 9.94907   0.00180   0.01440
 9.96724   0.00176   0.01413
 9.98539   0.00172   0.01387
 10.00352   0.00169   0.01361
 10.01843   0.00166   0.01340
 10.03334   0.00163   0.01319
 10.05138   0.00160   0.01294
 10.06941   0.00157   0.01270
 10.08741   0.00153   0.01246
 10.10540   0.00150   0.01223
 10.11725   0.00148   0.01208
 10.12909   0.00146   0.01193
 10.14697   0.00144   0.01170
 10.16487   0.00141   0.01148
 10.18275   0.00138   0.01127
 10.20060   0.00135   0.01105
 10.20939   0.00134   0.01095
 10.21818   0.00133   0.01085
 10.22953   0.00131   0.01072
 10.24727   0.00129   0.01052
 10.26503   0.00127   0.01032
 10.28277   0.00124   0.01012
 10.30049   0.00122   0.00993
 10.30915   0.00121   0.00984
 10.31780   0.00120   0.00975
 10.32833   0.00119   0.00964
 10.34593   0.00117   0.00945
 10.36357   0.00115   0.00927
 10.38118   0.00113   0.00910
 10.39877   0.00111   0.00892
 10.41012   0.00109   0.00881
 10.42147   0.00108   0.00871
 10.43896   0.00107   0.00854
 10.45648   0.00105   0.00838
 10.47397   0.00103   0.00822
 10.49144   0.00102   0.00806
 10.50888   0.00100   0.00791
 10.52631   0.00099   0.00776
 10.54369   0.00097   0.00761
 10.56107   0.00096   0.00746
 10.57843   0.00094   0.00732
 10.59577   0.00093   0.00718
 10.60830   0.00092   0.00708
 10.62083   0.00091   0.00698
 10.63354   0.00090   0.00688
 10.65077   0.00089   0.00675
 10.66802   0.00089   0.00662
 10.68524   0.00088   0.00649
 10.70244   0.00087   0.00636
 10.71963   0.00086   0.00624
 10.73577   0.00085   0.00613
 10.75290   0.00084   0.00601
 10.77002   0.00083   0.00590
 10.78712   0.00082   0.00578
 10.80420   0.00081   0.00567
 10.81865   0.00081   0.00558
 10.83309   0.00080   0.00549
 10.85010   0.00080   0.00538
 10.86710   0.00079   0.00528
 10.88409   0.00078   0.00517
 10.90105   0.00078   0.00508
 10.90879   0.00077   0.00503
 10.91654   0.00077   0.00499
 10.92586   0.00077   0.00493
 10.94272   0.00076   0.00484
 10.95961   0.00076   0.00474
 10.97649   0.00076   0.00465
 10.99334   0.00075   0.00456
 11.01017   0.00075   0.00447
 11.02560   0.00074   0.00440
 11.04238   0.00073   0.00431
 11.05916   0.00073   0.00423
 11.07592   0.00072   0.00415
 11.09266   0.00072   0.00407
 11.10938   0.00071   0.00399
 11.12608   0.00071   0.00392
 11.14317   0.00071   0.00384
 11.15984   0.00071   0.00377
 11.17648   0.00071   0.00369
 11.19311   0.00070   0.00362
 11.20971   0.00070   0.00355
 11.22630   0.00070   0.00349
 11.24312   0.00071   0.00342
 11.25967   0.00071   0.00335
 11.27620   0.00071   0.00329
 11.29272   0.00071   0.00322
 11.30921   0.00071   0.00316
 11.32569   0.00071   0.00311
 11.34257   0.00070   0.00305
 11.35901   0.00069   0.00300
 11.37543   0.00069   0.00294
 11.39184   0.00068   0.00289
 11.40822   0.00067   0.00284
 11.42459   0.00066   0.00279
 11.44076   0.00066   0.00275
 11.45709   0.00065   0.00270
 11.47340   0.00064   0.00266
 11.48970   0.00063   0.00262
 11.50598   0.00062   0.00257
 11.51844   0.00062   0.00254
 11.53033   0.00062   0.00251
 11.54654   0.00062   0.00247
 11.56276   0.00061   0.00243
 11.57896   0.00061   0.00239
 11.59515   0.00061   0.00235
 11.60536   0.00061   0.00232
 11.61557   0.00061   0.00230
 11.62818   0.00060   0.00227
 11.64429   0.00060   0.00224
 11.66041   0.00059   0.00221
 11.67651   0.00059   0.00217
 11.69260   0.00058   0.00214
 11.70867   0.00058   0.00211
 11.72472   0.00057   0.00208
 11.74105   0.00056   0.00206
 11.75707   0.00056   0.00203
 11.77308   0.00055   0.00200
 11.78906   0.00055   0.00198
 11.80503   0.00054   0.00195
 11.81893   0.00054   0.00193
 11.83282   0.00053   0.00191
 11.84873   0.00053   0.00189
 11.86464   0.00052   0.00187
 11.88054   0.00051   0.00185
 11.89642   0.00050   0.00184
 11.90801   0.00049   0.00182
 11.91959   0.00049   0.00181
 11.93217   0.00049   0.00179
 11.94797   0.00049   0.00177
 11.96378   0.00049   0.00176
 11.97958   0.00049   0.00174
 11.99536   0.00049   0.00172
 12.00596   0.00048   0.00171
 12.01656   0.00048   0.00170
 12.02997   0.00049   0.00169
 12.04568   0.00049   0.00167
 12.06139   0.00049   0.00166
 12.07710   0.00050   0.00165
 12.09278   0.00050   0.00163
 12.10845   0.00050   0.00162
 12.12411   0.00048   0.00162
 12.14004   0.00047   0.00161
 12.15567   0.00046   0.00161
 12.17128   0.00045   0.00160
 12.18687   0.00044   0.00160
 12.20245   0.00042   0.00160
 12.20918   0.00041   0.00160
 12.21590   0.00041   0.00160
 12.22563   0.00041   0.00159
 12.24114   0.00041   0.00159
 12.25666   0.00040   0.00159
 12.27218   0.00040   0.00159
 12.28768   0.00039   0.00159
 12.30316   0.00038   0.00159
 12.31863   0.00037   0.00159
 12.33358   0.00036   0.00160
 12.34901   0.00034   0.00161
 12.36444   0.00031   0.00162
 12.37986   0.00029   0.00163
 12.39526   0.00027   0.00164
 12.40724   0.00024   0.00164
 12.41922   0.00022   0.00165
 12.43167   0.00021   0.00166
 12.44700   0.00019   0.00168
 12.46234   0.00017   0.00169
 12.47767   0.00015   0.00170
 12.49298   0.00013   0.00172
 12.50827   0.00010   0.00173
 12.52356   0.00009   0.00175
 12.53914   0.00008   0.00177
 12.55440   0.00005   0.00178
 12.56964   0.00000   0.00180
 12.57051   0.00000   0.00181
