 0.05068   0.00017   0.00024
 0.05119   0.00017   0.00025
 0.05169   0.00018   0.00025
 0.05220   0.00019   0.00026
 0.05271   0.00020   0.00027
 0.05322   0.00020   0.00028
 0.05374   0.00021   0.00029
 0.05426   0.00022   0.00030
 0.05478   0.00023   0.00031
 0.05531   0.00024   0.00032
 0.05584   0.00024   0.00033
 0.05637   0.00025   0.00034
 0.05691   0.00026   0.00034
 0.05745   0.00027   0.00035
 0.05799   0.00028   0.00036
 0.05854   0.00029   0.00037
 0.05909   0.00030   0.00038
 0.05965   0.00030   0.00039
 0.06020   0.00031   0.00041
 0.06075   0.00032   0.00042
 0.06131   0.00033   0.00043
 0.06188   0.00034   0.00044
 0.06245   0.00035   0.00045
 0.06302   0.00036   0.00046
 0.06360   0.00037   0.00047
 0.06418   0.00038   0.00048
 0.06476   0.00039   0.00049
 0.06535   0.00040   0.00050
 0.06594   0.00041   0.00052
 0.06653   0.00042   0.00053
 0.06713   0.00043   0.00054
 0.06773   0.00044   0.00055
 0.06833   0.00045   0.00057
 0.06894   0.00046   0.00058
 0.06955   0.00047   0.00059
 0.07016   0.00048   0.00060
 0.07075   0.00049   0.00062
 0.07138   0.00050   0.00063
 0.07200   0.00051   0.00064
 0.07263   0.00053   0.00066
 0.07326   0.00054   0.00067
 0.07390   0.00055   0.00068
 0.07454   0.00056   0.00070
 0.07518   0.00057   0.00071
 0.07583   0.00059   0.00073
 0.07648   0.00060   0.00074
 0.07713   0.00061   0.00076
 0.07779   0.00062   0.00077
 0.07845   0.00064   0.00079
 0.07912   0.00065   0.00080
 0.07979   0.00066   0.00082
 0.08046   0.00067   0.00084
 0.08115   0.00069   0.00085
 0.08184   0.00070   0.00087
 0.08252   0.00072   0.00088
 0.08321   0.00073   0.00090
 0.08391   0.00074   0.00092
 0.08460   0.00076   0.00094
 0.08531   0.00077   0.00095
 0.08601   0.00079   0.00097
 0.08672   0.00080   0.00099
 0.08744   0.00082   0.00101
 0.08816   0.00083   0.00103
 0.08888   0.00085   0.00105
 0.08961   0.00086   0.00106
 0.09034   0.00088   0.00108
 0.09106   0.00090   0.00110
 0.09180   0.00091   0.00112
 0.09255   0.00093   0.00114
 0.09330   0.00094   0.00116
 0.09405   0.00096   0.00118
 0.09481   0.00098   0.00120
 0.09558   0.00100   0.00123
 0.09635   0.00101   0.00125
 0.09712   0.00103   0.00127
 0.09790   0.00105   0.00129
 0.09868   0.00107   0.00131
 0.09947   0.00109   0.00134
 0.10026   0.00111   0.00136
 0.10102   0.00112   0.00138
 0.10182   0.00114   0.00141
 0.10263   0.00116   0.00143
 0.10344   0.00118   0.00145
 0.10426   0.00120   0.00148
 0.10508   0.00122   0.00150
 0.10591   0.00124   0.00153
 0.10674   0.00126   0.00155
 0.10758   0.00129   0.00158
 0.10843   0.00131   0.00161
 0.10928   0.00133   0.00163
 0.11013   0.00135   0.00166
 0.11103   0.00138   0.00169
 0.11190   0.00140   0.00172
 0.11277   0.00142   0.00175
 0.11364   0.00144   0.00177
 0.11453   0.00147   0.00180
 0.11542   0.00149   0.00183
 0.11631   0.00152   0.00186
 0.11721   0.00154   0.00189
 0.11812   0.00157   0.00192
 0.11903   0.00159   0.00195
 0.11995   0.00162   0.00199
 0.12087   0.00164   0.00202
 0.12180   0.00167   0.00205
 0.12274   0.00170   0.00208
 0.12368   0.00172   0.00212
 0.12463   0.00175   0.00215
 0.12559   0.00178   0.00218
 0.12655   0.00181   0.00222
 0.12751   0.00184   0.00225
 0.12849   0.00187   0.00229
 0.12947   0.00190   0.00233
 0.13045   0.00193   0.00236
 0.13142   0.00196   0.00240
 0.13242   0.00199   0.00244
 0.13342   0.00202   0.00248
 0.13444   0.00205   0.00251
 0.13546   0.00208   0.00255
 0.13648   0.00211   0.00259
 0.13752   0.00215   0.00263
 0.13856   0.00218   0.00268
 0.13960   0.00221   0.00272
 0.14066   0.00225   0.00276
 0.14173   0.00228   0.00280
 0.14280   0.00232   0.00285
 0.14388   0.00236   0.00289
 0.14496   0.00239   0.00294
 0.14605   0.00243   0.00298
 0.14715   0.00247   0.00303
 0.14826   0.00250   0.00307
 0.14937   0.00254   0.00312
 0.15049   0.00258   0.00317
 0.15158   0.00262   0.00322
 0.15271   0.00266   0.00326
 0.15386   0.00270   0.00331
 0.15501   0.00274   0.00337
 0.15617   0.00278   0.00342
 0.15733   0.00283   0.00347
 0.15851   0.00287   0.00352
 0.15969   0.00291   0.00358
 0.16088   0.00296   0.00363
 0.16213   0.00300   0.00369
 0.16333   0.00305   0.00374
 0.16455   0.00310   0.00380
 0.16578   0.00314   0.00386
 0.16701   0.00319   0.00392
 0.16825   0.00324   0.00397
 0.16950   0.00329   0.00403
 0.17076   0.00334   0.00410
 0.17204   0.00339   0.00416
 0.17331   0.00344   0.00422
 0.17460   0.00349   0.00428
 0.17589   0.00354   0.00435
 0.17719   0.00360   0.00441
 0.17851   0.00365   0.00448
 0.17983   0.00370   0.00455
 0.18116   0.00376   0.00461
 0.18252   0.00382   0.00469
 0.18387   0.00387   0.00476
 0.18523   0.00393   0.00483
 0.18660   0.00399   0.00490
 0.18797   0.00405   0.00497
 0.18936   0.00411   0.00505
 0.19076   0.00417   0.00512
 0.19215   0.00423   0.00520
 0.19356   0.00429   0.00527
 0.19499   0.00436   0.00535
 0.19642   0.00442   0.00543
 0.19787   0.00449   0.00551
 0.19932   0.00455   0.00559
 0.20079   0.00462   0.00568
 0.20225   0.00469   0.00576
 0.20373   0.00476   0.00584
 0.20523   0.00483   0.00593
 0.20673   0.00490   0.00602
 0.20825   0.00497   0.00611
 0.20978   0.00505   0.00620
 0.21132   0.00512   0.00629
 0.21290   0.00520   0.00638
 0.21446   0.00527   0.00648
 0.21603   0.00535   0.00657
 0.21762   0.00543   0.00667
 0.21921   0.00551   0.00677
 0.22081   0.00559   0.00687
 0.22239   0.00567   0.00697
 0.22401   0.00575   0.00707
 0.22565   0.00584   0.00717
 0.22730   0.00592   0.00728
 0.22896   0.00601   0.00739
 0.23063   0.00610   0.00749
 0.23221   0.00618   0.00760
 0.23391   0.00627   0.00771
 0.23562   0.00636   0.00782
 0.23733   0.00645   0.00793
 0.23907   0.00655   0.00805
 0.24081   0.00664   0.00817
 0.24249   0.00674   0.00828
 0.24426   0.00683   0.00840
 0.24604   0.00693   0.00853
 0.24783   0.00703   0.00865
 0.24964   0.00714   0.00878
 0.25145   0.00724   0.00890
 0.25335   0.00735   0.00904
 0.25519   0.00746   0.00917
 0.25705   0.00756   0.00930
 0.25892   0.00767   0.00944
 0.26080   0.00778   0.00958
 0.26259   0.00789   0.00971
 0.26450   0.00800   0.00985
 0.26642   0.00812   0.00999
 0.26836   0.00824   0.01014
 0.27031   0.00836   0.01028
 0.27236   0.00848   0.01044
 0.27434   0.00860   0.01059
 0.27633   0.00873   0.01074
 0.27833   0.00885   0.01090
 0.28035   0.00898   0.01106
 0.28232   0.00911   0.01121
 0.28436   0.00924   0.01137
 0.28642   0.00937   0.01154
 0.28850   0.00950   0.01170
 0.29059   0.00964   0.01187
 0.29249   0.00977   0.01203
 0.29461   0.00991   0.01220
 0.29675   0.01005   0.01238
 0.29889   0.01019   0.01256
 0.30106   0.01034   0.01274
 0.30316   0.01048   0.01291
 0.30535   0.01063   0.01310
 0.30757   0.01078   0.01329
 0.30979   0.01094   0.01348
 0.31203   0.01109   0.01367
 0.31433   0.01125   0.01387
 0.31661   0.01141   0.01407
 0.31890   0.01158   0.01428
 0.32121   0.01174   0.01448
 0.32347   0.01191   0.01468
 0.32581   0.01208   0.01489
 0.32817   0.01225   0.01511
 0.33027   0.01240   0.01530
 0.33238   0.01256   0.01549
 0.33478   0.01274   0.01571
 0.33720   0.01292   0.01594
 0.33964   0.01310   0.01617
 0.34210   0.01329   0.01640
 0.34465   0.01348   0.01664
 0.34714   0.01367   0.01688
 0.34965   0.01387   0.01712
 0.35218   0.01406   0.01737
 0.35481   0.01427   0.01762
 0.35738   0.01447   0.01788
 0.35996   0.01468   0.01813
 0.36256   0.01488   0.01839
 0.36519   0.01509   0.01865
 0.36783   0.01531   0.01892
 0.37049   0.01552   0.01919
 0.37293   0.01572   0.01944
 0.37563   0.01595   0.01972
 0.37834   0.01617   0.02000
 0.38108   0.01640   0.02028
 0.38361   0.01661   0.02055
 0.38638   0.01685   0.02084
 0.38917   0.01708   0.02114
 0.39199   0.01732   0.02144
 0.39507   0.01759   0.02177
 0.39793   0.01784   0.02208
 0.40047   0.01806   0.02236
 0.40300   0.01828   0.02263
 0.40592   0.01854   0.02296
 0.40885   0.01880   0.02328
 0.41181   0.01906   0.02361
 0.41486   0.01934   0.02396
 0.41787   0.01961   0.02430
 0.42053   0.01985   0.02460
 0.42301   0.02008   0.02489
 0.42607   0.02036   0.02524
 0.42915   0.02064   0.02560
 0.43226   0.02093   0.02596
 0.43568   0.02125   0.02636
 0.43884   0.02155   0.02674
 0.44202   0.02185   0.02711
 0.44536   0.02217   0.02752
 0.44859   0.02248   0.02791
 0.45184   0.02279   0.02830
 0.45508   0.02311   0.02870
 0.45838   0.02343   0.02910
 0.46171   0.02376   0.02952
 0.46492   0.02407   0.02992
 0.46829   0.02441   0.03034
 0.47169   0.02475   0.03077
 0.47493   0.02507   0.03118
 0.47838   0.02542   0.03162
 0.48185   0.02577   0.03207
 0.48525   0.02612   0.03251
 0.48877   0.02648   0.03296
 0.49232   0.02685   0.03343
 0.49616   0.02725   0.03394
 0.49977   0.02763   0.03441
 0.50340   0.02801   0.03490
 0.50715   0.02841   0.03540
 0.51023   0.02873   0.03582
 0.51331   0.02906   0.03624
 0.51705   0.02947   0.03675
 0.52017   0.02980   0.03718
 0.52329   0.03014   0.03761
 0.52710   0.03056   0.03814
 0.53031   0.03091   0.03859
 0.53330   0.03124   0.03901
 0.53719   0.03167   0.03955
 0.54049   0.03204   0.04002
 0.54380   0.03240   0.04049
 0.54777   0.03285   0.04106
 0.55176   0.03330   0.04164
 0.55540   0.03371   0.04217
 0.55946   0.03418   0.04276
 0.56355   0.03464   0.04336
 0.56792   0.03515   0.04400
 0.57207   0.03563   0.04462
 0.57598   0.03608   0.04520
 0.58019   0.03658   0.04584
 0.58478   0.03712   0.04653
 0.58906   0.03762   0.04718
 0.59338   0.03814   0.04784
 0.59777   0.03866   0.04852
 0.60215   0.03919   0.04920
 0.60624   0.03968   0.04983
 0.61069   0.04022   0.05053
 0.61521   0.04077   0.05124
 0.61973   0.04132   0.05195
 0.62429   0.04188   0.05268
 0.62902   0.04247   0.05344
 0.63364   0.04304   0.05418
 0.63835   0.04363   0.05494
 0.64305   0.04422   0.05571
 0.64832   0.04488   0.05657
 0.65310   0.04549   0.05736
 0.65848   0.04617   0.05825
 0.66334   0.04679   0.05906
 0.66829   0.04742   0.05989
 0.67323   0.04806   0.06072
 0.67825   0.04871   0.06157
 0.68327   0.04936   0.06242
 0.68838   0.05003   0.06330
 0.69348   0.05070   0.06417
 0.69867   0.05138   0.06507
 0.70386   0.05207   0.06597
 0.71018   0.05291   0.06708
 0.71551   0.05362   0.06801
 0.72083   0.05433   0.06895
 0.72624   0.05506   0.06991
 0.73057   0.05564   0.07069
 0.73448   0.05617   0.07139
 0.73995   0.05691   0.07237
 0.74547   0.05766   0.07337
 0.74992   0.05827   0.07417
 0.75437   0.05888   0.07498
 0.76014   0.05967   0.07604
 0.76589   0.06046   0.07710
 0.76973   0.06099   0.07781
 0.77357   0.06153   0.07852
 0.77883   0.06226   0.07950
 0.78410   0.06299   0.08048
 0.78994   0.06381   0.08157
 0.79579   0.06463   0.08267
 0.79955   0.06515   0.08338
 0.80332   0.06568   0.08410
 0.80936   0.06654   0.08525
 0.81546   0.06740   0.08641
 0.81944   0.06796   0.08717
 0.82342   0.06853   0.08794
 0.82936   0.06937   0.08908
 0.83563   0.07027   0.09030
 0.84091   0.07102   0.09132
 0.84619   0.07178   0.09235
 0.85060   0.07241   0.09322
 0.85462   0.07299   0.09401
 0.86110   0.07392   0.09528
 0.86723   0.07480   0.09649
 0.87383   0.07576   0.09780
 0.87891   0.07649   0.09881
 0.88400   0.07723   0.09983
 0.88930   0.07800   0.10088
 0.89459   0.07877   0.10195
 0.90010   0.07957   0.10305
 0.90561   0.08037   0.10417
 0.91021   0.08104   0.10510
 0.91463   0.08169   0.10599
 0.91971   0.08243   0.10703
 0.92479   0.08317   0.10806
 0.93089   0.08406   0.10931
 0.93641   0.08487   0.11044
 0.94073   0.08550   0.11132
 0.94505   0.08613   0.11221
 0.94928   0.08675   0.11308
 0.95351   0.08738   0.11395
 0.95915   0.08820   0.11512
 0.96656   0.08929   0.11665
 0.97537   0.09058   0.11849
 0.97977   0.09123   0.11940
 0.98417   0.09187   0.12032
 0.98998   0.09272   0.12153
 0.99579   0.09358   0.12275
 1.00018   0.09422   0.12367
 1.00457   0.09487   0.12460
 1.00953   0.09559   0.12564
 1.01450   0.09632   0.12669
 1.01995   0.09712   0.12784
 1.02540   0.09792   0.12899
 1.02966   0.09854   0.12989
 1.03392   0.09916   0.13079
 1.03871   0.09986   0.13181
 1.04351   0.10056   0.13282
 1.04898   0.10136   0.13399
 1.05723   0.10256   0.13574
 1.06775   0.10409   0.13798
 1.07870   0.10568   0.14032
 1.08895   0.10716   0.14252
 1.09883   0.10859   0.14463
 1.10880   0.11002   0.14677
 1.11913   0.11150   0.14899
 1.12947   0.11297   0.15121
 1.13949   0.11440   0.15336
 1.14932   0.11579   0.15548
 1.15933   0.11720   0.15763
 1.16976   0.11866   0.15987
 1.18016   0.12011   0.16211
 1.18752   0.12113   0.16369
 1.19489   0.12215   0.16527
 1.20091   0.12298   0.16656
 1.20666   0.12376   0.16780
 1.21654   0.12511   0.16992
 1.22666   0.12648   0.17208
 1.23719   0.12790   0.17434
 1.24701   0.12921   0.17643
 1.25585   0.13038   0.17832
 1.26470   0.13155   0.18020
 1.26981   0.13221   0.18129
 1.27491   0.13288   0.18237
 1.27929   0.13345   0.18330
 1.28366   0.13401   0.18423
 1.28937   0.13475   0.18543
 1.29867   0.13594   0.18740
 1.30798   0.13711   0.18936
 1.31808   0.13838   0.19148
 1.32786   0.13960   0.19353
 1.33736   0.14076   0.19551
 1.34531   0.14173   0.19716
 1.34974   0.14227   0.19808
 1.35416   0.14280   0.19900
 1.36125   0.14365   0.20046
 1.36797   0.14444   0.20185
 1.37975   0.14582   0.20426
 1.38631   0.14658   0.20561
 1.39287   0.14734   0.20694
 1.39906   0.14804   0.20820
 1.40588   0.14881   0.20958
 1.40980   0.14925   0.21037
 1.41373   0.14969   0.21116
 1.41881   0.15025   0.21218
 1.42388   0.15081   0.21320
 1.42969   0.15144   0.21436
 1.43836   0.15238   0.21609
 1.44704   0.15330   0.21781
 1.45559   0.15420   0.21949
 1.46409   0.15508   0.22116
 1.46987   0.15567   0.22229
 1.47566   0.15625   0.22341
 1.48633   0.15732   0.22547
 1.49706   0.15837   0.22753
 1.50539   0.15917   0.22911
 1.50958   0.15957   0.22991
 1.51378   0.15996   0.23070
 1.51995   0.16053   0.23186
 1.52830   0.16130   0.23343
 1.53666   0.16205   0.23498
 1.54482   0.16277   0.23648
 1.55741   0.16386   0.23879
 1.56520   0.16452   0.24020
 1.56957   0.16488   0.24098
 1.57394   0.16524   0.24177
 1.57943   0.16569   0.24275
 1.58492   0.16613   0.24372
 1.58941   0.16648   0.24452
 1.59389   0.16683   0.24531
 1.59996   0.16730   0.24637
 1.60923   0.16800   0.24798
 1.61851   0.16868   0.24957
 1.62907   0.16943   0.25137
 1.63930   0.17013   0.25309
 1.64734   0.17067   0.25443
 1.65538   0.17119   0.25575
 1.66094   0.17155   0.25666
 1.66651   0.17189   0.25757
 1.67570   0.17245   0.25904
 1.68489   0.17299   0.26051
 1.69015   0.17328   0.26133
 1.69542   0.17358   0.26216
 1.70526   0.17411   0.26368
 1.71510   0.17461   0.26518
 1.72085   0.17490   0.26605
 1.72621   0.17515   0.26685
 1.73625   0.17562   0.26833
 1.74628   0.17606   0.26979
 1.75647   0.17648   0.27125
 1.76638   0.17687   0.27265
 1.77582   0.17721   0.27396
 1.78607   0.17756   0.27536
 1.79613   0.17788   0.27670
 1.80619   0.17817   0.27802
 1.81690   0.17846   0.27940
 1.82541   0.17866   0.28048
 1.83089   0.17878   0.28116
 1.83637   0.17889   0.28183
 1.84587   0.17907   0.28299
 1.85536   0.17923   0.28411
 1.86765   0.17939   0.28554
 1.87641   0.17948   0.28653
 1.88430   0.17955   0.28740
 1.88991   0.17959   0.28802
 1.89552   0.17961   0.28862
 1.90617   0.17965   0.28974
 1.91685   0.17965   0.29083
 1.92543   0.17962   0.29169
 1.93401   0.17958   0.29252
 1.93981   0.17954   0.29307
 1.94561   0.17950   0.29362
 1.95497   0.17940   0.29447
 1.95978   0.17934   0.29490
 1.96460   0.17927   0.29533
 1.96944   0.17920   0.29575
 1.97428   0.17912   0.29616
 1.97920   0.17903   0.29657
 1.98411   0.17894   0.29698
 1.98957   0.17883   0.29742
 1.99502   0.17871   0.29785
 2.00017   0.17859   0.29825
 2.00531   0.17846   0.29864
 2.00877   0.17837   0.29890
 2.01222   0.17828   0.29915
 2.01579   0.17818   0.29941
 2.04282   0.17731   0.30125
 2.07019   0.17622   0.30289
 2.09722   0.17494   0.30428
 2.10812   0.17436   0.30477
 2.11209   0.17414   0.30494
 2.11569   0.17394   0.30509
 2.14140   0.17240   0.30605
 2.16728   0.17066   0.30680
 2.19281   0.16876   0.30732
 2.20071   0.16814   0.30744
 2.20860   0.16750   0.30754
 2.21199   0.16722   0.30757
 2.21538   0.16693   0.30761
 2.24012   0.16477   0.30773
 2.26503   0.16241   0.30765
 2.28979   0.15990   0.30736
 2.29846   0.15898   0.30721
 2.30714   0.15804   0.30703
 2.30967   0.15777   0.30698
 2.31220   0.15749   0.30692
 2.31490   0.15719   0.30686
 2.33926   0.15439   0.30617
 2.36381   0.15141   0.30528
 2.38830   0.14827   0.30418
 2.39480   0.14741   0.30386
 2.40130   0.14654   0.30352
 2.40581   0.14593   0.30328
 2.40836   0.14559   0.30314
 2.41001   0.14536   0.30304
 2.41166   0.14513   0.30295
 2.42814   0.14283   0.30197
 2.45257   0.13930   0.30035
 2.47705   0.13560   0.29853
 2.50154   0.13175   0.29651
 2.50575   0.13108   0.29614
 2.50995   0.13040   0.29577
 2.53119   0.12690   0.29380
 2.55107   0.12352   0.29181
 2.57564   0.11922   0.28919
 2.60026   0.11476   0.28636
 2.60515   0.11386   0.28577
 2.60927   0.11310   0.28527
 2.61182   0.11263   0.28496
 2.61413   0.11219   0.28468
 2.63722   0.10782   0.28175
 2.66195   0.10300   0.27842
 2.68673   0.09805   0.27489
 2.69396   0.09658   0.27383
 2.70118   0.09510   0.27275
 2.70513   0.09428   0.27215
 2.70908   0.09347   0.27155
 2.71171   0.09292   0.27115
 2.71429   0.09238   0.27075
 2.73909   0.08715   0.26683
 2.76401   0.08178   0.26270
 2.78896   0.07627   0.25838
 2.79813   0.07422   0.25675
 2.80730   0.07215   0.25510
 2.81000   0.07154   0.25460
 2.81270   0.07093   0.25411
 2.83766   0.06520   0.24945
 2.86272   0.05934   0.24459
 2.88780   0.05338   0.23957
 2.89429   0.05182   0.23824
 2.90078   0.05025   0.23690
 2.90461   0.04932   0.23610
 2.90843   0.04839   0.23531
 2.91206   0.04751   0.23454
 2.91568   0.04663   0.23378
 2.94074   0.04046   0.22841
 2.96588   0.03418   0.22287
 2.99102   0.02782   0.21718
 2.99821   0.02598   0.21552
 3.00541   0.02414   0.21385
 3.00834   0.02339   0.21317
 3.00976   0.02302   0.21284
 3.01118   0.02266   0.21251
 3.01294   0.02220   0.21209
 3.03053   0.01765   0.20794
 3.05563   0.01110   0.20188
 3.08074   0.00447   0.19569
 3.10582  -0.00221   0.18938
 3.10872  -0.00299   0.18864
 3.11162  -0.00377   0.18791
 3.11509  -0.00470   0.18702
 3.14003  -0.01143   0.18058
 3.16504  -0.01822   0.17401
 3.18999  -0.02505   0.16734
 3.19700  -0.02698   0.16545
 3.20401  -0.02891   0.16355
 3.20797  -0.03000   0.16248
 3.21003  -0.03057   0.16191
 3.21209  -0.03114   0.16135
 3.23263  -0.03682   0.15572
 3.25739  -0.04371   0.14884
 3.28209  -0.05060   0.14189
 3.30669  -0.05750   0.13490
 3.30960  -0.05832   0.13407
 3.31251  -0.05914   0.13323
 3.31522  -0.05990   0.13245
 3.33955  -0.06674   0.12544
 3.36392  -0.07361   0.11835
 3.38817  -0.08046   0.11124
 3.39421  -0.08216   0.10946
 3.40026  -0.08387   0.10767
 3.40458  -0.08509   0.10640
 3.40891  -0.08632   0.10512
 3.41178  -0.08713   0.10426
 3.41457  -0.08792   0.10344
 3.43838  -0.09465   0.09636
 3.46222  -0.10138   0.08923
 3.48590  -0.10806   0.08212
 3.50941  -0.11469   0.07503
 3.51122  -0.11520   0.07448
 3.51297  -0.11569   0.07395
 3.53048  -0.12061   0.06866
 3.55361  -0.12710   0.06165
 3.57661  -0.13353   0.05467
 3.59941  -0.13987   0.04774
 3.60835  -0.14236   0.04503
 3.60999  -0.14281   0.04453
 3.61163  -0.14327   0.04403
 3.61477  -0.14414   0.04308
 3.63701  -0.15029   0.03632
 3.65925  -0.15640   0.02958
 3.68125  -0.16242   0.02292
 3.70300  -0.16834   0.01635
 3.70651  -0.16929   0.01529
 3.70937  -0.17007   0.01443
 3.71111  -0.17054   0.01391
 3.71283  -0.17100   0.01339
 3.73008  -0.17565   0.00820
 3.75119  -0.18131   0.00187
 3.77208  -0.18687  -0.00436
 3.79267  -0.19231  -0.01048
 3.79814  -0.19375  -0.01210
 3.80362  -0.19518  -0.01372
 3.80998  -0.19685  -0.01559
 3.81634  -0.19851  -0.01747
 3.82380  -0.20045  -0.01966
 3.84334  -0.20550  -0.02538
 3.86275  -0.21048  -0.03103
 3.88177  -0.21532  -0.03652
 3.90039  -0.22002  -0.04186
 3.90580  -0.22137  -0.04341
 3.90783  -0.22188  -0.04398
 3.90985  -0.22238  -0.04456
 3.91182  -0.22287  -0.04512
 3.91362  -0.22332  -0.04563
 3.93100  -0.22764  -0.05055
 3.94833  -0.23190  -0.05542
 3.96511  -0.23598  -0.06009
 3.98125  -0.23988  -0.06454
 3.99666  -0.24356  -0.06876
 3.99957  -0.24425  -0.06955
 4.00248  -0.24494  -0.07035
 4.00556  -0.24567  -0.07118
 4.00864  -0.24640  -0.07202
 4.00937  -0.24657  -0.07221
 4.00981  -0.24667  -0.07233
 4.01025  -0.24678  -0.07245
 4.01088  -0.24693  -0.07262
 4.01717  -0.24841  -0.07432
 4.02916  -0.25121  -0.07754
 4.04018  -0.25377  -0.08047
 4.05111  -0.25629  -0.08337
 4.06362  -0.25915  -0.08665
 4.07730  -0.26226  -0.09021
 4.09193  -0.26554  -0.09398
 4.10735  -0.26897  -0.09792
 4.10991  -0.26953  -0.09856
 4.11247  -0.27009  -0.09921
 4.11482  -0.27061  -0.09980
 4.13125  -0.27419  -0.10392
 4.14826  -0.27786  -0.10812
 4.16582  -0.28159  -0.11240
 4.18387  -0.28537  -0.11674
 4.20239  -0.28919  -0.12111
 4.20507  -0.28974  -0.12173
 4.20775  -0.29028  -0.12236
 4.20961  -0.29066  -0.12279
 4.21099  -0.29094  -0.12311
 4.21223  -0.29119  -0.12340
 4.22469  -0.29371  -0.12627
 4.24413  -0.29757  -0.13068
 4.26395  -0.30144  -0.13509
 4.28414  -0.30531  -0.13949
 4.30469  -0.30917  -0.14386
 4.30767  -0.30972  -0.14448
 4.30939  -0.31004  -0.14484
 4.31111  -0.31035  -0.14520
 4.31284  -0.31067  -0.14556
 4.33023  -0.31385  -0.14915
 4.35151  -0.31765  -0.15343
 4.37310  -0.32142  -0.15765
 4.39499  -0.32516  -0.16182
 4.40149  -0.32624  -0.16302
 4.40798  -0.32732  -0.16422
 4.41284  -0.32813  -0.16511
 4.41770  -0.32892  -0.16600
 4.44023  -0.33256  -0.17000
 4.46298  -0.33613  -0.17391
 4.48600  -0.33964  -0.17771
 4.50928  -0.34307  -0.18141
 4.51147  -0.34339  -0.18175
 4.51346  -0.34367  -0.18206
 4.53334  -0.34650  -0.18507
 4.55712  -0.34978  -0.18851
 4.58113  -0.35296  -0.19182
 4.60536  -0.35606  -0.19499
 4.60945  -0.35657  -0.19551
 4.61125  -0.35679  -0.19573
 4.61288  -0.35699  -0.19594
 4.62914  -0.35897  -0.19793
 4.65378  -0.36187  -0.20079
 4.67856  -0.36466  -0.20348
 4.70348  -0.36733  -0.20599
 4.70595  -0.36758  -0.20623
 4.70842  -0.36784  -0.20646
 4.70960  -0.36796  -0.20658
 4.71078  -0.36808  -0.20669
 4.71197  -0.36821  -0.20680
 4.72394  -0.36942  -0.20791
 4.74888  -0.37185  -0.21007
 4.77377  -0.37415  -0.21203
 4.79823  -0.37629  -0.21377
 4.80336  -0.37672  -0.21411
 4.80848  -0.37714  -0.21444
 4.80929  -0.37721  -0.21449
 4.80971  -0.37724  -0.21452
 4.81000  -0.37727  -0.21454
 4.81030  -0.37729  -0.21456
 4.81327  -0.37753  -0.21474
 4.83290  -0.37909  -0.21591
 4.85659  -0.38087  -0.21715
 4.88206  -0.38264  -0.21828
 4.90827  -0.38433  -0.21923
 4.90952  -0.38441  -0.21927
 4.91077  -0.38448  -0.21931
 4.91227  -0.38457  -0.21936
 4.92727  -0.38546  -0.21979
 4.95403  -0.38693  -0.22037
 4.98089  -0.38827  -0.22073
 5.00784  -0.38945  -0.22086
 5.00977  -0.38953  -0.22086
 5.01169  -0.38961  -0.22086
 5.01383  -0.38970  -0.22085
 5.03524  -0.39051  -0.22075
 5.06224  -0.39141  -0.22042
 5.08925  -0.39216  -0.21985
 5.09697  -0.39235  -0.21965
 5.10468  -0.39252  -0.21943
 5.10767  -0.39259  -0.21934
 5.10971  -0.39263  -0.21928
 5.11175  -0.39268  -0.21921
 5.11409  -0.39272  -0.21914
 5.13747  -0.39315  -0.21829
 5.16436  -0.39350  -0.21710
 5.19119  -0.39372  -0.21570
 5.19971  -0.39376  -0.21521
 5.20823  -0.39379  -0.21470
 5.21231  -0.39380  -0.21444
 5.21640  -0.39381  -0.21418
 5.24295  -0.39377  -0.21238
 5.26951  -0.39360  -0.21037
 5.29596  -0.39331  -0.20817
 5.30666  -0.39315  -0.20722
 5.30963  -0.39311  -0.20695
 5.31259  -0.39306  -0.20668
 5.31594  -0.39300  -0.20637
 5.34202  -0.39250  -0.20385
 5.36810  -0.39188  -0.20114
 5.39405  -0.39115  -0.19826
 5.40389  -0.39085  -0.19712
 5.40940  -0.39067  -0.19647
 5.41490  -0.39049  -0.19581
 5.42013  -0.39031  -0.19518
 5.44561  -0.38937  -0.19199
 5.47108  -0.38834  -0.18864
 5.49638  -0.38721  -0.18514
 5.50754  -0.38668  -0.18354
 5.51322  -0.38640  -0.18272
 5.51889  -0.38612  -0.18189
 5.54370  -0.38483  -0.17816
 5.56848  -0.38345  -0.17429
 5.59307  -0.38199  -0.17031
 5.60270  -0.38140  -0.16871
 5.60799  -0.38107  -0.16782
 5.61327  -0.38073  -0.16693
 5.61886  -0.38037  -0.16598
 5.64285  -0.37879  -0.16182
 5.66681  -0.37712  -0.15753
 5.69055  -0.37540  -0.15317
 5.70330  -0.37444  -0.15078
 5.70888  -0.37402  -0.14972
 5.71447  -0.37359  -0.14865
 5.71971  -0.37318  -0.14765
 5.74270  -0.37136  -0.14317
 5.76564  -0.36947  -0.13860
 5.78832  -0.36755  -0.13398
 5.79901  -0.36662  -0.13177
 5.80971  -0.36568  -0.12954
 5.83163  -0.36371  -0.12491
 5.85150  -0.36188  -0.12063
 5.87292  -0.35986  -0.11595
 5.89399  -0.35782  -0.11127
 5.90317  -0.35693  -0.10921
 5.90890  -0.35636  -0.10792
 5.91463  -0.35579  -0.10662
 5.92037  -0.35521  -0.10531
 5.94009  -0.35322  -0.10079
 5.95966  -0.35120  -0.09625
 5.97867  -0.34921  -0.09178
 5.99702  -0.34725  -0.08743
 6.00579  -0.34631  -0.08533
 6.01456  -0.34536  -0.08322
 6.02268  -0.34447  -0.08126
 6.03817  -0.34276  -0.07750
 6.05095  -0.34134  -0.07438
 6.06374  -0.33990  -0.07123
 6.07603  -0.33851  -0.06820
 6.09027  -0.33688  -0.06465
 6.10594  -0.33507  -0.06073
 6.11557  -0.33395  -0.05831
 6.12520  -0.33282  -0.05588
 6.14321  -0.33069  -0.05131
 6.16205  -0.32844  -0.04649
 6.18169  -0.32607  -0.04144
 6.20207  -0.32359  -0.03617
 6.20866  -0.32278  -0.03446
 6.21525  -0.32197  -0.03274
 6.22190  -0.32115  -0.03101
 6.24368  -0.31844  -0.02531
 6.26600  -0.31564  -0.01944
 6.28893  -0.31274  -0.01338
 6.29869  -0.31149  -0.01079
 6.30846  -0.31024  -0.00820
 6.31819  -0.30899  -0.00561
 6.32711  -0.30784  -0.00323
 6.35165  -0.30466   0.00332
 6.37663  -0.30140   0.01001
 6.40214  -0.29804   0.01687
 6.40889  -0.29715   0.01868
 6.41565  -0.29626   0.02050
 6.42276  -0.29531   0.02242
 6.44934  -0.29177   0.02958
 6.47625  -0.28816   0.03684
 6.50363  -0.28448   0.04422
 6.51893  -0.28241   0.04835
 6.53424  -0.28033   0.05248
 6.56257  -0.27647   0.06011
 6.59118  -0.27257   0.06780
 6.60415  -0.27079   0.07127
 6.61712  -0.26901   0.07475
 6.62916  -0.26736   0.07797
 6.65846  -0.26334   0.08578
 6.68789  -0.25928   0.09360
 6.69987  -0.25763   0.09677
 6.70811  -0.25650   0.09894
 6.71442  -0.25563   0.10061
 6.72016  -0.25484   0.10212
 6.74977  -0.25076   0.10988
 6.77946  -0.24666   0.11762
 6.80914  -0.24258   0.12529
 6.82049  -0.24101   0.12821
 6.83092  -0.23958   0.13088
 6.86038  -0.23553   0.13838
 6.88985  -0.23149   0.14581
 6.90160  -0.22988   0.14876
 6.90823  -0.22898   0.15041
 6.91395  -0.22820   0.15183
 6.91914  -0.22749   0.15312
 6.94817  -0.22353   0.16029
 6.97723  -0.21959   0.16737
 7.00613  -0.21568   0.17434
 7.01532  -0.21444   0.17653
 7.02451  -0.21320   0.17872
 7.05296  -0.20939   0.18542
 7.08141  -0.20559   0.19203
 7.10967  -0.20184   0.19850
 7.12665  -0.19960   0.20234
 7.14233  -0.19753   0.20585
 7.17006  -0.19390   0.21198
 7.19770  -0.19031   0.21799
 7.20485  -0.18939   0.21953
 7.20926  -0.18881   0.22048
 7.21368  -0.18824   0.22142
 7.21811  -0.18767   0.22237
 7.24517  -0.18420   0.22807
 7.27223  -0.18075   0.23368
 7.29908  -0.17735   0.23913
 7.30687  -0.17637   0.24069
 7.31466  -0.17540   0.24224
 7.32227  -0.17444   0.24375
 7.34847  -0.17118   0.24888
 7.37464  -0.16795   0.25390
 7.40055  -0.16478   0.25876
 7.40593  -0.16413   0.25976
 7.40925  -0.16372   0.26037
 7.41257  -0.16332   0.26098
 7.41578  -0.16293   0.26157
 7.44097  -0.15989   0.26613
 7.46616  -0.15689   0.27059
 7.49105  -0.15394   0.27490
 7.49882  -0.15303   0.27622
 7.50659  -0.15212   0.27754
 7.50889  -0.15184   0.27793
 7.51120  -0.15157   0.27831
 7.51388  -0.15126   0.27876
 7.53777  -0.14849   0.28271
 7.56165  -0.14574   0.28656
 7.58514  -0.14306   0.29026
 7.60822  -0.14046   0.29379
 7.61001  -0.14026   0.29407
 7.61180  -0.14006   0.29434
 7.62973  -0.13806   0.29701
 7.65175  -0.13562   0.30022
 7.67334  -0.13326   0.30329
 7.69432  -0.13099   0.30619
 7.69976  -0.13040   0.30693
 7.70521  -0.12981   0.30767
 7.70797  -0.12952   0.30804
 7.70960  -0.12934   0.30826
 7.71123  -0.12917   0.30848
 7.71271  -0.12901   0.30868
 7.72752  -0.12743   0.31063
 7.74616  -0.12546   0.31304
 7.76399  -0.12359   0.31529
 7.77849  -0.12209   0.31707
 7.79109  -0.12079   0.31860
 7.80316  -0.11955   0.32003
 7.80865  -0.11899   0.32067
 7.80974  -0.11888   0.32080
 7.81069  -0.11878   0.32091
 7.81155  -0.11869   0.32101
 7.82014  -0.11782   0.32200
 7.83666  -0.11615   0.32387
 7.85445  -0.11437   0.32583
 7.87333  -0.11250   0.32785
 7.89315  -0.11056   0.32990
 7.89988  -0.10991   0.33059
 7.90660  -0.10925   0.33126
 7.90994  -0.10893   0.33159
 7.91327  -0.10861   0.33192
 7.91755  -0.10820   0.33234
 7.93891  -0.10616   0.33438
 7.96076  -0.10409   0.33639
 7.98261  -0.10205   0.33832
 7.99998  -0.10045   0.33979
 8.00665  -0.09984   0.34034
 8.00939  -0.09959   0.34057
 8.01213  -0.09934   0.34079
 8.01472  -0.09911   0.34100
 8.03425  -0.09734   0.34255
 8.05588  -0.09541   0.34418
 8.07875  -0.09339   0.34582
 8.10251  -0.09133   0.34743
 8.10717  -0.09093   0.34773
 8.10993  -0.09069   0.34791
 8.11269  -0.09045   0.34809
 8.11702  -0.09008   0.34836
 8.14178  -0.08798   0.34988
 8.16711  -0.08587   0.35132
 8.19290  -0.08375   0.35268
 8.20242  -0.08298   0.35316
 8.20711  -0.08260   0.35338
 8.21061  -0.08232   0.35355
 8.21405  -0.08204   0.35371
 8.24056  -0.07993   0.35490
 8.26745  -0.07783   0.35599
 8.29468  -0.07574   0.35698
 8.30612  -0.07487   0.35736
 8.30983  -0.07460   0.35748
 8.31353  -0.07432   0.35759
 8.31859  -0.07394   0.35775
 8.34637  -0.07188   0.35853
 8.37443  -0.06984   0.35919
 8.40275  -0.06783   0.35974
 8.40929  -0.06737   0.35985
 8.41584  -0.06691   0.35995
 8.42208  -0.06648   0.36004
 8.45074  -0.06451   0.36038
 8.47964  -0.06256   0.36061
 8.50873  -0.06065   0.36071
 8.51403  -0.06030   0.36072
 8.51887  -0.05999   0.36072
 8.54814  -0.05812   0.36065
 8.57760  -0.05628   0.36047
 8.60719  -0.05448   0.36016
 8.61469  -0.05403   0.36006
 8.62177  -0.05360   0.35997
 8.65148  -0.05185   0.35948
 8.68135  -0.05014   0.35887
 8.69340  -0.04945   0.35859
 8.70545  -0.04878   0.35830
 8.70998  -0.04853   0.35818
 8.71450  -0.04828   0.35806
 8.72442  -0.04773   0.35779
 8.75442  -0.04611   0.35690
 8.78455  -0.04452   0.35590
 8.79918  -0.04376   0.35537
 8.80682  -0.04337   0.35509
 8.81446  -0.04298   0.35480
 8.82587  -0.04240   0.35435
 8.85603  -0.04090   0.35309
 8.88628  -0.03944   0.35172
 8.89808  -0.03888   0.35116
 8.90988  -0.03833   0.35059
 8.94008  -0.03694   0.34905
 8.96909  -0.03564   0.34748
 8.99936  -0.03431   0.34575
 9.00870  -0.03391   0.34519
 9.01805  -0.03352   0.34463
 9.02668  -0.03315   0.34411
 9.05680  -0.03191   0.34222
 9.08700  -0.03069   0.34024
 9.09946  -0.03020   0.33939
 9.10822  -0.02986   0.33879
 9.11610  -0.02955   0.33825
 9.12332  -0.02927   0.33775
 9.15329  -0.02814   0.33560
 9.18334  -0.02704   0.33338
 9.19460  -0.02664   0.33253
 9.20586  -0.02624   0.33167
 9.21568  -0.02589   0.33091
 9.22550  -0.02555   0.33014
 9.25526  -0.02453   0.32777
 9.28506  -0.02355   0.32534
 9.30334  -0.02296   0.32381
 9.30925  -0.02277   0.32331
 9.31516  -0.02258   0.32281
 9.32228  -0.02236   0.32220
 9.35173  -0.02145   0.31966
 9.38124  -0.02056   0.31705
 9.39732  -0.02009   0.31561
 9.40630  -0.01983   0.31480
 9.41528  -0.01957   0.31398
 9.42805  -0.01921   0.31281
 9.45715  -0.01841   0.31011
 9.48626  -0.01763   0.30737
 9.50159  -0.01723   0.30590
 9.50902  -0.01704   0.30519
 9.51646  -0.01685   0.30447
 9.52495  -0.01663   0.30365
 9.55359  -0.01592   0.30085
 9.58227  -0.01523   0.29801
 9.59796  -0.01486   0.29644
 9.60731  -0.01464   0.29550
 9.61667  -0.01443   0.29456
 9.62517  -0.01424   0.29370
 9.65332  -0.01361   0.29083
 9.68149  -0.01300   0.28793
 9.70951  -0.01242   0.28502
 9.73737  -0.01186   0.28210
 9.76452  -0.01133   0.27923
 9.79204  -0.01081   0.27630
 9.80680  -0.01054   0.27472
 9.81644  -0.01037   0.27369
 9.82599  -0.01020   0.27266
 9.85296  -0.00973   0.26976
 9.87992  -0.00927   0.26684
 9.90669  -0.00883   0.26392
 9.91736  -0.00866   0.26276
 9.92732  -0.00850   0.26167
 9.95358  -0.00810   0.25879
 9.97981  -0.00771   0.25591
 10.00583  -0.00733   0.25304
 10.01876  -0.00715   0.25161
 10.03052  -0.00699   0.25031
 10.05596  -0.00665   0.24750
 10.08134  -0.00632   0.24469
 10.10648  -0.00600   0.24190
 10.11980  -0.00584   0.24042
 10.13194  -0.00569   0.23908
 10.15643  -0.00540   0.23636
 10.18083  -0.00512   0.23365
 10.20497  -0.00486   0.23098
 10.22044  -0.00469   0.22926
 10.23445  -0.00455   0.22771
 10.25782  -0.00431   0.22512
 10.28105  -0.00408   0.22256
 10.30398  -0.00386   0.22003
 10.32198  -0.00369   0.21804
 10.33827  -0.00355   0.21625
 10.36029  -0.00335   0.21383
 10.38208  -0.00317   0.21145
 10.40352  -0.00299   0.20910
 10.42118  -0.00285   0.20718
 10.43883  -0.00271   0.20526
 10.45923  -0.00256   0.20305
 10.47931  -0.00241   0.20088
 10.49898  -0.00227   0.19876
 10.50939  -0.00220   0.19764
 10.51980  -0.00213   0.19652
 10.53608  -0.00202   0.19478
 10.55443  -0.00190   0.19283
 10.57238  -0.00179   0.19092
 10.58985  -0.00168   0.18907
 10.60683  -0.00158   0.18727
 10.62326  -0.00149   0.18554
 10.63898  -0.00140   0.18390
 10.65424  -0.00132   0.18230
 10.66885  -0.00124   0.18078
 10.68272  -0.00117   0.17934
 10.69574  -0.00110   0.17800
 10.70636  -0.00105   0.17690
 10.71495  -0.00100   0.17602
 10.72354  -0.00096   0.17514
 10.73348  -0.00092   0.17412
 10.74464  -0.00086   0.17298
 10.75670  -0.00081   0.17175
 10.76948  -0.00075   0.17045
 10.78284  -0.00069   0.16910
 10.79669  -0.00063   0.16771
 10.80842  -0.00058   0.16653
 10.82016  -0.00054   0.16536
 10.83416  -0.00048   0.16396
 10.84928  -0.00042   0.16246
 10.86465  -0.00037   0.16094
 10.88025  -0.00031   0.15941
 10.89604  -0.00025   0.15787
 10.90761  -0.00021   0.15674
 10.91918  -0.00017   0.15562
 10.93230  -0.00013   0.15435
 10.94854  -0.00008   0.15279
 10.96489  -0.00003   0.15122
 10.98132   0.00002   0.14966
 10.99782   0.00007   0.14810
 11.00999   0.00010   0.14695
 11.02217   0.00013   0.14581
 11.03869   0.00018   0.14427
 11.05526   0.00022   0.14274
 11.07181   0.00026   0.14121
 11.08833   0.00030   0.13970
 11.10480   0.00034   0.13820
 11.11785   0.00037   0.13702
 11.13089   0.00040   0.13585
 11.14711   0.00043   0.13440
 11.16323   0.00046   0.13296
 11.17921   0.00049   0.13155
 11.19501   0.00052   0.13016
 11.20516   0.00054   0.12928
 11.21531   0.00056   0.12840
 11.22598   0.00058   0.12747
 11.24095   0.00060   0.12618
 11.25569   0.00062   0.12492
 11.27006   0.00065   0.12370
 11.28398   0.00067   0.12252
 11.29738   0.00068   0.12140
 11.30604   0.00070   0.12067
 11.31471   0.00071   0.11995
 11.32263   0.00072   0.11929
 11.33206   0.00073   0.11851
 11.34149   0.00074   0.11774
 11.35038   0.00075   0.11701
 11.36065   0.00076   0.11617
 11.37189   0.00078   0.11526
 11.38389   0.00079   0.11429
 11.39648   0.00080   0.11328
 11.40955   0.00082   0.11223
 11.42303   0.00083   0.11116
 11.43573   0.00084   0.11016
 11.44976   0.00086   0.10906
 11.46400   0.00087   0.10795
 11.47841   0.00088   0.10684
 11.49293   0.00089   0.10572
 11.50754   0.00090   0.10461
 11.52027   0.00091   0.10365
 11.53209   0.00092   0.10276
 11.54675   0.00093   0.10166
 11.56141   0.00093   0.10057
 11.57603   0.00094   0.09950
 11.59059   0.00095   0.09843
 11.60508   0.00096   0.09738
 11.61947   0.00096   0.09634
 11.63267   0.00097   0.09540
 11.64683   0.00097   0.09440
 11.66087   0.00098   0.09341
 11.67476   0.00098   0.09244
 11.68849   0.00099   0.09148
 11.70205   0.00099   0.09055
 11.71542   0.00099   0.08963
 11.72809   0.00100   0.08877
 11.74104   0.00100   0.08790
 11.75376   0.00100   0.08705
 11.76623   0.00100   0.08622
 11.77843   0.00101   0.08541
 11.79033   0.00101   0.08463
 11.80192   0.00101   0.08388
 11.81314   0.00101   0.08315
 11.82362   0.00101   0.08248
 11.83400   0.00101   0.08181
 11.84388   0.00101   0.08118
 11.85313   0.00101   0.08060
 11.86035   0.00101   0.08015
 11.86757   0.00101   0.07969
 11.87468   0.00101   0.07925
 11.88284   0.00101   0.07874
 11.89176   0.00101   0.07819
 11.90130   0.00101   0.07760
 11.91136   0.00101   0.07699
 11.92127   0.00101   0.07639
 11.93215   0.00101   0.07573
 11.94339   0.00101   0.07506
 11.95495   0.00100   0.07437
 11.96681   0.00100   0.07366
 11.97895   0.00100   0.07295
 11.99133   0.00100   0.07223
 12.00396   0.00100   0.07150
 12.01680   0.00099   0.07076
 12.02976   0.00099   0.07002
 12.04301   0.00099   0.06927
 12.05644   0.00099   0.06852
 12.07004   0.00098   0.06777
 12.08381   0.00098   0.06701
 12.09774   0.00098   0.06625
 12.10968   0.00097   0.06560
 12.12162   0.00097   0.06496
 12.13600   0.00097   0.06419
 12.15044   0.00096   0.06343
 12.16500   0.00096   0.06267
 12.17967   0.00095   0.06191
 12.19446   0.00095   0.06115
 12.20936   0.00094   0.06039
 12.22435   0.00094   0.05963
 12.23958   0.00093   0.05888
 12.25477   0.00093   0.05813
 12.27004   0.00092   0.05738
 12.28540   0.00091   0.05664
 12.30084   0.00091   0.05590
 12.31158   0.00090   0.05539
 12.32233   0.00090   0.05488
 12.33792   0.00089   0.05416
 12.35360   0.00089   0.05343
 12.36934   0.00088   0.05271
 12.38515   0.00088   0.05200
 12.40102   0.00087   0.05129
 12.41196   0.00086   0.05080
 12.42289   0.00086   0.05032
 12.43886   0.00085   0.04963
 12.45490   0.00085   0.04894
 12.47100   0.00084   0.04825
 12.48714   0.00083   0.04757
 12.50332   0.00082   0.04690
 12.51954   0.00082   0.04623
 12.53610   0.00081   0.04556
 12.55240   0.00080   0.04491
 12.56874   0.00079   0.04426
 12.58511   0.00079   0.04362
 12.60151   0.00078   0.04298
 12.61192   0.00077   0.04258
 12.62234   0.00077   0.04218
 12.63877   0.00076   0.04157
 12.65526   0.00075   0.04095
 12.67177   0.00075   0.04034
 12.68831   0.00074   0.03974
 12.70487   0.00073   0.03915
 12.72145   0.00072   0.03856
 12.73773   0.00072   0.03799
 12.75434   0.00071   0.03742
 12.77097   0.00070   0.03685
 12.78762   0.00069   0.03629
 12.80428   0.00068   0.03574
 12.82096   0.00068   0.03519
 12.83808   0.00067   0.03463
 12.85479   0.00066   0.03410
 12.87150   0.00065   0.03357
 12.88822   0.00065   0.03305
 12.90495   0.00064   0.03254
 12.92168   0.00063   0.03203
 12.93779   0.00062   0.03154
 12.95453   0.00062   0.03105
 12.97129   0.00061   0.03056
 12.98805   0.00060   0.03008
 13.00481   0.00059   0.02960
 13.02158   0.00059   0.02913
 13.03787   0.00058   0.02868
 13.05464   0.00057   0.02822
 13.07141   0.00056   0.02777
 13.08818   0.00056   0.02733
 13.10496   0.00055   0.02689
 13.12173   0.00054   0.02646
 13.13776   0.00053   0.02605
 13.15453   0.00053   0.02563
 13.17130   0.00052   0.02521
 13.18807   0.00051   0.02480
 13.20484   0.00051   0.02440
 13.22160   0.00050   0.02400
 13.23781   0.00049   0.02362
 13.25456   0.00048   0.02323
 13.27131   0.00048   0.02285
 13.28806   0.00047   0.02248
 13.30480   0.00046   0.02211
 13.32154   0.00046   0.02174
 13.33779   0.00045   0.02139
 13.35451   0.00044   0.02104
 13.37124   0.00044   0.02069
 13.38795   0.00043   0.02034
 13.40466   0.00042   0.02000
 13.42136   0.00042   0.01967
 13.43784   0.00041   0.01934
 13.45453   0.00041   0.01902
 13.47121   0.00040   0.01870
 13.48788   0.00039   0.01839
 13.50454   0.00039   0.01808
 13.52120   0.00038   0.01777
 13.53787   0.00038   0.01747
 13.55451   0.00037   0.01718
 13.57114   0.00036   0.01689
 13.58776   0.00036   0.01660
 13.60437   0.00035   0.01632
 13.62097   0.00035   0.01604
 13.63792   0.00034   0.01576
 13.65450   0.00033   0.01549
 13.67107   0.00033   0.01523
 13.68763   0.00032   0.01496
 13.70418   0.00032   0.01471
 13.72072   0.00031   0.01446
 13.73790   0.00031   0.01420
 13.75443   0.00030   0.01395
 13.77093   0.00030   0.01371
 13.78743   0.00029   0.01348
 13.80392   0.00029   0.01324
 13.82039   0.00028   0.01301
 13.83772   0.00028   0.01278
 13.85418   0.00027   0.01255
 13.87061   0.00027   0.01234
 13.88704   0.00026   0.01212
 13.90346   0.00026   0.01191
 13.91986   0.00025   0.01170
 13.93686   0.00025   0.01149
 13.95324   0.00025   0.01129
 13.96961   0.00024   0.01109
 13.98597   0.00024   0.01090
 14.00231   0.00023   0.01071
 14.01865   0.00023   0.01052
 14.03386   0.00022   0.01035
 14.05017   0.00022   0.01016
 14.06646   0.00022   0.00998
 14.08275   0.00021   0.00981
 14.09902   0.00021   0.00964
 14.10884   0.00021   0.00953
 14.11866   0.00020   0.00943
 14.13261   0.00020   0.00929
 14.14883   0.00020   0.00912
 14.16505   0.00019   0.00896
 14.18126   0.00019   0.00880
 14.19746   0.00019   0.00864
 14.20930   0.00019   0.00853
 14.22114   0.00018   0.00842
 14.23797   0.00018   0.00826
 14.25413   0.00018   0.00812
 14.27027   0.00017   0.00797
 14.28639   0.00017   0.00783
 14.30251   0.00017   0.00769
 14.31861   0.00016   0.00755
 14.33379   0.00016   0.00742
 14.34986   0.00016   0.00729
 14.36592   0.00016   0.00716
 14.38197   0.00015   0.00703
 14.39801   0.00015   0.00690
 14.40999   0.00015   0.00681
 14.42196   0.00015   0.00672
 14.43796   0.00014   0.00660
 14.45396   0.00014   0.00648
 14.46994   0.00014   0.00636
 14.48590   0.00013   0.00625
 14.50186   0.00013   0.00613
 14.50991   0.00013   0.00608
 14.51797   0.00013   0.00602
 14.53440   0.00013   0.00591
 14.55032   0.00012   0.00580
 14.56622   0.00012   0.00570
 14.58211   0.00012   0.00559
 14.59799   0.00012   0.00549
 14.60989   0.00011   0.00542
 14.62179   0.00011   0.00534
 14.63778   0.00011   0.00524
 14.65361   0.00011   0.00515
 14.66943   0.00011   0.00505
 14.68523   0.00010   0.00496
 14.70102   0.00010   0.00487
 14.70951   0.00010   0.00482
 14.71799   0.00010   0.00477
 14.73300   0.00010   0.00469
 14.74875   0.00010   0.00460
 14.76449   0.00009   0.00452
 14.78022   0.00009   0.00444
 14.79593   0.00009   0.00436
 14.80714   0.00009   0.00430
 14.81835   0.00009   0.00424
 14.83153   0.00008   0.00418
 14.84719   0.00008   0.00410
 14.86284   0.00008   0.00402
 14.87849   0.00008   0.00395
 14.89412   0.00008   0.00388
 14.90975   0.00007   0.00380
 14.92535   0.00007   0.00373
 14.94106   0.00007   0.00366
 14.95665   0.00007   0.00360
 14.97222   0.00007   0.00353
 14.98777   0.00006   0.00346
 15.00332   0.00006   0.00340
 15.01885   0.00006   0.00334
 15.03426   0.00006   0.00327
 15.04976   0.00006   0.00321
 15.06526   0.00006   0.00315
 15.08074   0.00006   0.00310
 15.09621   0.00005   0.00304
 15.10736   0.00005   0.00300
 15.11851   0.00005   0.00296
 15.13205   0.00005   0.00291
 15.14746   0.00005   0.00285
 15.16288   0.00005   0.00280
 15.17828   0.00005   0.00275
 15.19367   0.00005   0.00269
 15.20904   0.00005   0.00264
 15.22441   0.00005   0.00259
 15.24013   0.00005   0.00254
 15.25547   0.00005   0.00250
 15.27080   0.00005   0.00245
 15.28611   0.00005   0.00240
 15.30141   0.00005   0.00236
 15.31202   0.00005   0.00233
 15.32218   0.00004   0.00230
 15.33742   0.00004   0.00225
 15.35268   0.00004   0.00221
 15.36793   0.00004   0.00217
 15.38317   0.00004   0.00213
 15.39839   0.00004   0.00209
 15.41020   0.00004   0.00206
 15.42202   0.00004   0.00203
 15.43719   0.00004   0.00199
 15.45237   0.00004   0.00195
 15.46754   0.00003   0.00191
 15.48269   0.00003   0.00188
 15.49784   0.00003   0.00184
 15.50967   0.00003   0.00181
 15.52151   0.00003   0.00179
 15.53690   0.00003   0.00175
 15.55201   0.00003   0.00172
 15.56710   0.00003   0.00168
 15.58218   0.00003   0.00165
 15.59724   0.00003   0.00162
 15.61230   0.00003   0.00159
 15.62700   0.00003   0.00156
 15.64203   0.00003   0.00153
 15.65705   0.00002   0.00150
 15.67205   0.00002   0.00147
 15.68705   0.00002   0.00144
 15.70203   0.00002   0.00141
 15.71700   0.00002   0.00139
 15.73057   0.00002   0.00136
 15.74551   0.00002   0.00133
 15.76045   0.00002   0.00131
 15.77538   0.00003   0.00128
 15.79029   0.00003   0.00126
 15.80520   0.00003   0.00123
 15.82009   0.00003   0.00121
 15.83554   0.00002   0.00118
 15.85041   0.00002   0.00116
 15.86527   0.00002   0.00114
 15.88011   0.00002   0.00112
 15.89495   0.00002   0.00109
 15.90977   0.00002   0.00107
 15.92458   0.00002   0.00105
 15.93946   0.00002   0.00103
 15.95425   0.00001   0.00101
 15.96902   0.00001   0.00099
 15.98379   0.00001   0.00097
 15.99854   0.00001   0.00095
 16.01025   0.00001   0.00094
 16.02195   0.00001   0.00092
 16.03666   0.00001   0.00090
 16.05137   0.00001   0.00088
 16.06607   0.00001   0.00087
 16.08077   0.00001   0.00085
 16.09545   0.00000   0.00083
 16.11012   0.00000   0.00081
 16.12518   0.00000   0.00080
 16.13983   0.00000   0.00078
 16.15447   0.00000   0.00076
 16.16910   0.00000   0.00075
 16.18371   0.00000   0.00073
 16.19832   0.00000   0.00072
 16.20993   0.00000   0.00071
 16.22155   0.00000   0.00069
 16.23615   0.00000   0.00068
 16.25072   0.00000   0.00067
 16.26527   0.00000   0.00065
 16.27982   0.00000   0.00064
 16.29435   0.00000   0.00062
 16.30887   0.00000   0.00061
 16.32338   0.00000   0.00060
 16.33819   0.00000   0.00058
 16.35268   0.00000   0.00057
 16.36716   0.00000   0.00056
 16.38163   0.00000   0.00055
 16.39609  -0.00000   0.00054
 16.41054  -0.00000   0.00052
 16.42460  -0.00000   0.00051
 16.43902  -0.00000   0.00050
 16.45344  -0.00000   0.00049
 16.46785  -0.00000   0.00048
 16.48224  -0.00000   0.00047
 16.49663  -0.00000   0.00046
 16.50910   0.00000   0.00045
 16.52156   0.00000   0.00044
 16.53629   0.00000   0.00043
 16.55064   0.00000   0.00042
 16.56498   0.00000   0.00041
 16.57930   0.00000   0.00040
 16.59362   0.00000   0.00039
 16.60792   0.00000   0.00038
 16.62222   0.00000   0.00037
 16.63697   0.00000   0.00036
 16.65124   0.00000   0.00035
 16.66551   0.00000   0.00034
 16.67976  -0.00000   0.00033
 16.69401  -0.00000   0.00032
 16.70824  -0.00000   0.00032
 16.72246  -0.00000   0.00031
 16.73134   0.00000   0.00030
