 0.05068   0.00286   0.00633
 0.05123   0.00299   0.00647
 0.05177   0.00313   0.00662
 0.05233   0.00326   0.00676
 0.05289   0.00340   0.00691
 0.05346   0.00354   0.00706
 0.05403   0.00368   0.00722
 0.05462   0.00382   0.00737
 0.05521   0.00396   0.00753
 0.05580   0.00410   0.00769
 0.05641   0.00425   0.00785
 0.05701   0.00439   0.00802
 0.05763   0.00454   0.00818
 0.05826   0.00468   0.00835
 0.05889   0.00483   0.00852
 0.05952   0.00498   0.00870
 0.06001   0.00509   0.00883
 0.06049   0.00520   0.00896
 0.06115   0.00536   0.00914
 0.06181   0.00551   0.00932
 0.06248   0.00566   0.00951
 0.06316   0.00582   0.00969
 0.06384   0.00597   0.00988
 0.06453   0.00613   0.01007
 0.06523   0.00629   0.01027
 0.06594   0.00645   0.01046
 0.06665   0.00661   0.01066
 0.06737   0.00677   0.01086
 0.06810   0.00694   0.01107
 0.06884   0.00710   0.01127
 0.06958   0.00727   0.01148
 0.07034   0.00744   0.01169
 0.07103   0.00759   0.01189
 0.07180   0.00776   0.01210
 0.07258   0.00793   0.01232
 0.07336   0.00811   0.01254
 0.07415   0.00828   0.01276
 0.07495   0.00846   0.01299
 0.07576   0.00863   0.01321
 0.07658   0.00881   0.01345
 0.07741   0.00899   0.01368
 0.07824   0.00918   0.01391
 0.07908   0.00936   0.01415
 0.07993   0.00954   0.01439
 0.08080   0.00973   0.01464
 0.08169   0.00993   0.01489
 0.08257   0.01012   0.01514
 0.08346   0.01031   0.01539
 0.08435   0.01050   0.01565
 0.08526   0.01070   0.01591
 0.08617   0.01089   0.01617
 0.08710   0.01109   0.01643
 0.08803   0.01129   0.01670
 0.08898   0.01150   0.01696
 0.08993   0.01170   0.01724
 0.09090   0.01191   0.01751
 0.09189   0.01212   0.01780
 0.09288   0.01233   0.01808
 0.09387   0.01254   0.01836
 0.09488   0.01276   0.01865
 0.09589   0.01297   0.01894
 0.09692   0.01319   0.01923
 0.09795   0.01341   0.01953
 0.09900   0.01363   0.01983
 0.10006   0.01386   0.02013
 0.10114   0.01409   0.02044
 0.10222   0.01431   0.02075
 0.10331   0.01455   0.02106
 0.10441   0.01478   0.02138
 0.10552   0.01501   0.02169
 0.10665   0.01525   0.02202
 0.10778   0.01549   0.02234
 0.10893   0.01573   0.02267
 0.11009   0.01598   0.02300
 0.11131   0.01623   0.02335
 0.11249   0.01648   0.02369
 0.11368   0.01673   0.02403
 0.11489   0.01699   0.02438
 0.11611   0.01724   0.02473
 0.11735   0.01750   0.02509
 0.11859   0.01776   0.02544
 0.11985   0.01802   0.02580
 0.12112   0.01829   0.02617
 0.12246   0.01857   0.02655
 0.12376   0.01884   0.02693
 0.12507   0.01912   0.02730
 0.12640   0.01940   0.02768
 0.12774   0.01967   0.02807
 0.12909   0.01996   0.02845
 0.13029   0.02021   0.02880
 0.13138   0.02044   0.02911
 0.13277   0.02073   0.02951
 0.13418   0.02102   0.02991
 0.13560   0.02131   0.03032
 0.13703   0.02161   0.03073
 0.13848   0.02191   0.03115
 0.13994   0.02222   0.03156
 0.14142   0.02253   0.03199
 0.14293   0.02284   0.03242
 0.14444   0.02315   0.03285
 0.14597   0.02347   0.03329
 0.14751   0.02379   0.03373
 0.14906   0.02411   0.03418
 0.15064   0.02444   0.03463
 0.15205   0.02473   0.03503
 0.15365   0.02507   0.03549
 0.15527   0.02540   0.03595
 0.15691   0.02574   0.03642
 0.15856   0.02608   0.03689
 0.16023   0.02643   0.03737
 0.16194   0.02678   0.03785
 0.16364   0.02713   0.03834
 0.16536   0.02749   0.03883
 0.16710   0.02785   0.03933
 0.16886   0.02821   0.03983
 0.17042   0.02854   0.04027
 0.17185   0.02883   0.04068
 0.17365   0.02920   0.04119
 0.17548   0.02958   0.04171
 0.17732   0.02996   0.04224
 0.17919   0.03034   0.04277
 0.18107   0.03073   0.04330
 0.18295   0.03112   0.04384
 0.18488   0.03152   0.04438
 0.18682   0.03192   0.04493
 0.18878   0.03232   0.04549
 0.19053   0.03268   0.04598
 0.19214   0.03301   0.04644
 0.19416   0.03343   0.04701
 0.19620   0.03385   0.04759
 0.19825   0.03427   0.04817
 0.20034   0.03470   0.04876
 0.20259   0.03516   0.04939
 0.20471   0.03560   0.04999
 0.20686   0.03604   0.05059
 0.20903   0.03648   0.05120
 0.21122   0.03693   0.05182
 0.21340   0.03738   0.05243
 0.21564   0.03784   0.05306
 0.21790   0.03830   0.05369
 0.22018   0.03877   0.05434
 0.22231   0.03920   0.05493
 0.22464   0.03968   0.05558
 0.22700   0.04016   0.05624
 0.22938   0.04065   0.05691
 0.23178   0.04114   0.05758
 0.23425   0.04164   0.05826
 0.23670   0.04214   0.05895
 0.23919   0.04265   0.05964
 0.24170   0.04316   0.06033
 0.24426   0.04369   0.06104
 0.24683   0.04421   0.06175
 0.24942   0.04473   0.06247
 0.25203   0.04527   0.06319
 0.25471   0.04581   0.06393
 0.25738   0.04635   0.06467
 0.26009   0.04690   0.06541
 0.26285   0.04747   0.06617
 0.26561   0.04802   0.06693
 0.26840   0.04859   0.06769
 0.27091   0.04910   0.06838
 0.27320   0.04956   0.06901
 0.27607   0.05014   0.06979
 0.27897   0.05073   0.07058
 0.28190   0.05132   0.07138
 0.28490   0.05193   0.07219
 0.28790   0.05253   0.07300
 0.29039   0.05303   0.07368
 0.29287   0.05354   0.07435
 0.29595   0.05416   0.07518
 0.29907   0.05478   0.07602
 0.30221   0.05542   0.07686
 0.30544   0.05606   0.07773
 0.30866   0.05671   0.07859
 0.31191   0.05736   0.07946
 0.31524   0.05803   0.08034
 0.31856   0.05870   0.08123
 0.32192   0.05937   0.08212
 0.32529   0.06004   0.08301
 0.32873   0.06073   0.08392
 0.33220   0.06142   0.08483
 0.33609   0.06219   0.08585
 0.33964   0.06290   0.08678
 0.34323   0.06361   0.08772
 0.34714   0.06439   0.08874
 0.34997   0.06495   0.08948
 0.35279   0.06551   0.09021
 0.35659   0.06626   0.09119
 0.35952   0.06684   0.09195
 0.36244   0.06742   0.09270
 0.36633   0.06819   0.09370
 0.36981   0.06887   0.09459
 0.37328   0.06956   0.09547
 0.37751   0.07039   0.09655
 0.37985   0.07085   0.09714
 0.38219   0.07131   0.09774
 0.38631   0.07212   0.09878
 0.38938   0.07272   0.09955
 0.39246   0.07332   0.10032
 0.39667   0.07414   0.10137
 0.39983   0.07476   0.10216
 0.40298   0.07537   0.10295
 0.40734   0.07622   0.10402
 0.40981   0.07670   0.10463
 0.41228   0.07718   0.10524
 0.41684   0.07806   0.10636
 0.41975   0.07863   0.10708
 0.42267   0.07919   0.10779
 0.42726   0.08008   0.10890
 0.42989   0.08059   0.10954
 0.43252   0.08109   0.11017
 0.43722   0.08200   0.11131
 0.44043   0.08261   0.11207
 0.44332   0.08317   0.11276
 0.44808   0.08408   0.11390
 0.45290   0.08500   0.11504
 0.45807   0.08598   0.11625
 0.46301   0.08692   0.11741
 0.46845   0.08796   0.11867
 0.47351   0.08891   0.11984
 0.47870   0.08989   0.12103
 0.48388   0.09087   0.12222
 0.49010   0.09204   0.12363
 0.49550   0.09305   0.12484
 0.50088   0.09405   0.12605
 0.50693   0.09518   0.12739
 0.51067   0.09587   0.12821
 0.51440   0.09657   0.12903
 0.52002   0.09761   0.13026
 0.52599   0.09871   0.13155
 0.52970   0.09939   0.13234
 0.53341   0.10007   0.13314
 0.53932   0.10115   0.13439
 0.54524   0.10223   0.13564
 0.54963   0.10303   0.13655
 0.55401   0.10383   0.13746
 0.55869   0.10467   0.13843
 0.56337   0.10552   0.13938
 0.56827   0.10640   0.14038
 0.57457   0.10753   0.14164
 0.57915   0.10835   0.14256
 0.58374   0.10917   0.14347
 0.58907   0.11012   0.14451
 0.59563   0.11128   0.14579
 0.60010   0.11207   0.14665
 0.60457   0.11285   0.14750
 0.60912   0.11365   0.14836
 0.61366   0.11445   0.14921
 0.61883   0.11535   0.15017
 0.62578   0.11655   0.15145
 0.62933   0.11717   0.15210
 0.63289   0.11778   0.15274
 0.63728   0.11854   0.15353
 0.64449   0.11977   0.15481
 0.65107   0.12090   0.15596
 0.65766   0.12201   0.15710
 0.66515   0.12328   0.15837
 0.67010   0.12411   0.15920
 0.67505   0.12494   0.16002
 0.67890   0.12558   0.16065
 0.68275   0.12623   0.16128
 0.68699   0.12693   0.16196
 0.69491   0.12824   0.16322
 0.69882   0.12888   0.16383
 0.70274   0.12952   0.16444
 0.70698   0.13021   0.16509
 0.71520   0.13155   0.16633
 0.71912   0.13218   0.16691
 0.72305   0.13281   0.16749
 0.72756   0.13354   0.16815
 0.73489   0.13471   0.16919
 0.73978   0.13549   0.16988
 0.74467   0.13626   0.17056
 0.74998   0.13710   0.17128
 0.75529   0.13793   0.17200
 0.75918   0.13854   0.17251
 0.76307   0.13914   0.17302
 0.76764   0.13985   0.17361
 0.77433   0.14088   0.17446
 0.77991   0.14174   0.17516
 0.78550   0.14259   0.17584
 0.79926   0.14466   0.17746
 0.80671   0.14578   0.17831
 0.81416   0.14688   0.17913
 0.81969   0.14770   0.17973
 0.82522   0.14851   0.18031
 0.83095   0.14934   0.18090
 0.83667   0.15017   0.18147
 0.84510   0.15138   0.18229
 0.84969   0.15204   0.18272
 0.85429   0.15269   0.18315
 0.85850   0.15329   0.18353
 0.86270   0.15388   0.18390
 0.86780   0.15459   0.18434
 0.87441   0.15551   0.18489
 0.87861   0.15609   0.18524
 0.88280   0.15667   0.18557
 0.88756   0.15732   0.18594
 0.89429   0.15823   0.18644
 0.89987   0.15898   0.18685
 0.90546   0.15973   0.18724
 0.90948   0.16027   0.18751
 0.91350   0.16080   0.18777
 0.91868   0.16148   0.18810
 0.92537   0.16236   0.18851
 0.92950   0.16289   0.18875
 0.93364   0.16343   0.18898
 0.93899   0.16412   0.18927
 0.94561   0.16496   0.18961
 0.95013   0.16553   0.18983
 0.95458   0.16609   0.19004
 0.96760   0.16771   0.19060
 0.97420   0.16852   0.19085
 0.97864   0.16906   0.19101
 0.98308   0.16959   0.19116
 0.98778   0.17016   0.19130
 0.99465   0.17098   0.19150
 0.99937   0.17154   0.19162
 1.00410   0.17209   0.19174
 1.00979   0.17275   0.19186
 1.01784   0.17368   0.19200
 1.02468   0.17446   0.19210
 1.02961   0.17502   0.19216
 1.03454   0.17557   0.19220
 1.04101   0.17629   0.19224
 1.04696   0.17694   0.19226
 1.05505   0.17782   0.19227
 1.05992   0.17835   0.19225
 1.06479   0.17887   0.19223
 1.06954   0.17937   0.19219
 1.07429   0.17987   0.19214
 1.07884   0.18034   0.19209
 1.08339   0.18081   0.19202
 1.08829   0.18132   0.19194
 1.09559   0.18206   0.19180
 1.09974   0.18247   0.19171
 1.10388   0.18289   0.19161
 1.10999   0.18349   0.19144
 1.11610   0.18409   0.19126
 1.12019   0.18448   0.19113
 1.12402   0.18485   0.19100
 1.12996   0.18542   0.19078
 1.13590   0.18597   0.19055
 1.14512   0.18683   0.19016
 1.14925   0.18721   0.18996
 1.15338   0.18758   0.18977
 1.15833   0.18802   0.18952
 1.16558   0.18867   0.18913
 1.17004   0.18906   0.18888
 1.17450   0.18945   0.18862
 1.17977   0.18990   0.18830
 1.18503   0.19035   0.18797
 1.18922   0.19070   0.18769
 1.19341   0.19105   0.18741
 1.19838   0.19146   0.18706
 1.20572   0.19205   0.18653
 1.20992   0.19239   0.18621
 1.21411   0.19272   0.18589
 1.21947   0.19315   0.18546
 1.22482   0.19356   0.18502
 1.22954   0.19392   0.18462
 1.23427   0.19428   0.18421
 1.23888   0.19463   0.18380
 1.24350   0.19497   0.18338
 1.24850   0.19533   0.18291
 1.25675   0.19593   0.18211
 1.26426   0.19646   0.18135
 1.26963   0.19683   0.18079
 1.27500   0.19720   0.18022
 1.27951   0.19750   0.17973
 1.28402   0.19780   0.17923
 1.28982   0.19818   0.17858
 1.29589   0.19857   0.17787
 1.30077   0.19888   0.17730
 1.30565   0.19918   0.17671
 1.31526   0.19977   0.17551
 1.31956   0.20003   0.17496
 1.32387   0.20028   0.17441
 1.32958   0.20061   0.17365
 1.33628   0.20100   0.17275
 1.33957   0.20118   0.17230
 1.34287   0.20136   0.17184
 1.34751   0.20162   0.17119
 1.35431   0.20198   0.17022
 1.36112   0.20234   0.16922
 1.36956   0.20276   0.16796
 1.37631   0.20310   0.16692
 1.38011   0.20328   0.16633
 1.38391   0.20346   0.16574
 1.38950   0.20373   0.16485
 1.39509   0.20398   0.16394
 1.40019   0.20421   0.16310
 1.40478   0.20441   0.16234
 1.40897   0.20459   0.16163
 1.41315   0.20477   0.16092
 1.41786   0.20496   0.16011
 1.42408   0.20522   0.15902
 1.42898   0.20541   0.15815
 1.43389   0.20560   0.15727
 1.43925   0.20580   0.15630
 1.44791   0.20611   0.15470
 1.45429   0.20634   0.15350
 1.45882   0.20649   0.15264
 1.46335   0.20664   0.15177
 1.46822   0.20680   0.15083
 1.47500   0.20701   0.14949
 1.47980   0.20715   0.14854
 1.48461   0.20729   0.14757
 1.48983   0.20744   0.14651
 1.49505   0.20758   0.14543
 1.50015   0.20771   0.14437
 1.50492   0.20783   0.14337
 1.50986   0.20796   0.14233
 1.51480   0.20807   0.14127
 1.51890   0.20817   0.14039
 1.52301   0.20826   0.13950
 1.52758   0.20835   0.13849
 1.53431   0.20849   0.13700
 1.53889   0.20858   0.13598
 1.54347   0.20866   0.13495
 1.54844   0.20875   0.13382
 1.55650   0.20888   0.13196
 1.56380   0.20899   0.13026
 1.56918   0.20906   0.12900
 1.57455   0.20913   0.12772
 1.57875   0.20918   0.12671
 1.58295   0.20923   0.12570
 1.58748   0.20928   0.12460
 1.59431   0.20934   0.12293
 1.60113   0.20940   0.12124
 1.60800   0.20944   0.11952
 1.61409   0.20948   0.11799
 1.62005   0.20951   0.11647
 1.62681   0.20953   0.11473
 1.63466   0.20955   0.11269
 1.63913   0.20956   0.11152
 1.64360   0.20956   0.11034
 1.64871   0.20956   0.10899
 1.65750   0.20954   0.10664
 1.66428   0.20952   0.10481
 1.66896   0.20951   0.10353
 1.67364   0.20948   0.10225
 1.67875   0.20946   0.10084
 1.68787   0.20939   0.09831
 1.69403   0.20934   0.09658
 1.69930   0.20930   0.09509
 1.70458   0.20924   0.09359
 1.70866   0.20920   0.09243
 1.71273   0.20915   0.09126
 1.71740   0.20910   0.08991
 1.72432   0.20901   0.08791
 1.72889   0.20894   0.08657
 1.73346   0.20887   0.08523
 1.73839   0.20880   0.08378
 1.74564   0.20868   0.08163
 1.75081   0.20858   0.08009
 1.75598   0.20849   0.07854
 1.76633   0.20828   0.07540
 1.77519   0.20809   0.07270
 1.77910   0.20801   0.07150
 1.78301   0.20792   0.07030
 1.78754   0.20781   0.06890
 1.79439   0.20764   0.06677
 1.80012   0.20749   0.06498
 1.80558   0.20735   0.06327
 1.81591   0.20706   0.06000
 1.82624   0.20675   0.05671
 1.83508   0.20648   0.05387
 1.84010   0.20632   0.05225
 1.84512   0.20615   0.05062
 1.84919   0.20602   0.04930
 1.85326   0.20588   0.04797
 1.85800   0.20571   0.04642
 1.86443   0.20548   0.04431
 1.86904   0.20532   0.04279
 1.87364   0.20514   0.04126
 1.87870   0.20495   0.03959
 1.88560   0.20468   0.03729
 1.88951   0.20453   0.03598
 1.89341   0.20437   0.03467
 1.89847   0.20416   0.03297
 1.90553   0.20387   0.03059
 1.90920   0.20371   0.02935
 1.91287   0.20355   0.02810
 1.91724   0.20336   0.02662
 1.92434   0.20304   0.02420
 1.92920   0.20282   0.02253
 1.93405   0.20260   0.02087
 1.93950   0.20234   0.01900
 1.95210   0.20173   0.01464
 1.95980   0.20135   0.01196
 1.96751   0.20096   0.00928
 1.97413   0.20061   0.00696
 1.97835   0.20039   0.00548
 1.98257   0.20017   0.00400
 1.98839   0.19985   0.00195
 1.99540   0.19947  -0.00053
 2.00008   0.19921  -0.00218
 2.00476   0.19895  -0.00384
 2.00908   0.19870  -0.00537
 2.01191   0.19854  -0.00638
 2.01450   0.19839  -0.00730
 2.03513   0.19717  -0.01467
 2.05585   0.19588  -0.02212
 2.07657   0.19454  -0.02962
 2.09731   0.19315  -0.03716
 2.10386   0.19269  -0.03954
 2.10676   0.19249  -0.04060
 2.10965   0.19229  -0.04166
 2.11263   0.19208  -0.04274
 2.11531   0.19189  -0.04372
 2.13601   0.19040  -0.05130
 2.15678   0.18885  -0.05891
 2.17753   0.18726  -0.06653
 2.19825   0.18562  -0.07414
 2.20503   0.18507  -0.07664
 2.20802   0.18483  -0.07773
 2.20993   0.18467  -0.07843
 2.21184   0.18452  -0.07914
 2.21438   0.18431  -0.08007
 2.23497   0.18259  -0.08763
 2.25561   0.18083  -0.09519
 2.27619   0.17903  -0.10271
 2.29670   0.17720  -0.11018
 2.30274   0.17665  -0.11237
 2.30877   0.17610  -0.11456
 2.31182   0.17582  -0.11566
 2.31486   0.17554  -0.11676
 2.33513   0.17365  -0.12408
 2.35542   0.17173  -0.13136
 2.37560   0.16978  -0.13855
 2.39567   0.16781  -0.14565
 2.40116   0.16726  -0.14758
 2.40665   0.16671  -0.14951
 2.40883   0.16649  -0.15028
 2.40980   0.16640  -0.15062
 2.41076   0.16630  -0.15095
 2.41190   0.16618  -0.15135
 2.42329   0.16504  -0.15533
 2.44298   0.16303  -0.16214
 2.46258   0.16100  -0.16886
 2.48202   0.15896  -0.17545
 2.50128   0.15691  -0.18190
 2.50917   0.15606  -0.18452
 2.51109   0.15586  -0.18516
 2.51302   0.15565  -0.18579
 2.53178   0.15362  -0.19195
 2.55053   0.15157  -0.19802
 2.56906   0.14952  -0.20393
 2.58736   0.14748  -0.20967
 2.60541   0.14545  -0.21525
 2.60773   0.14518  -0.21596
 2.60932   0.14500  -0.21645
 2.61091   0.14482  -0.21693
 2.61373   0.14450  -0.21779
 2.63115   0.14252  -0.22304
 2.64854   0.14053  -0.22819
 2.66562   0.13856  -0.23316
 2.68238   0.13661  -0.23794
 2.69879   0.13469  -0.24253
 2.70280   0.13422  -0.24364
 2.70681   0.13375  -0.24474
 2.70883   0.13351  -0.24530
 2.70960   0.13342  -0.24551
 2.71036   0.13333  -0.24571
 2.71114   0.13324  -0.24593
 2.71890   0.13233  -0.24803
 2.73421   0.13052  -0.25213
 2.74931   0.12872  -0.25608
 2.76392   0.12698  -0.25982
 2.77798   0.12530  -0.26335
 2.79141   0.12369  -0.26665
 2.80409   0.12216  -0.26970
 2.80702   0.12181  -0.27040
 2.80994   0.12145  -0.27109
 2.81040   0.12140  -0.27120
 2.81082   0.12135  -0.27130
 2.81500   0.12084  -0.27228
 2.82350   0.11982  -0.27425
 2.83201   0.11879  -0.27620
 2.84194   0.11758  -0.27843
 2.85310   0.11622  -0.28089
 2.86519   0.11475  -0.28349
 2.87804   0.11318  -0.28620
 2.89154   0.11154  -0.28896
 2.90560   0.10981  -0.29175
 2.90996   0.10928  -0.29260
 2.91432   0.10874  -0.29344
 2.91858   0.10822  -0.29425
 2.93353   0.10639  -0.29704
 2.94888   0.10450  -0.29979
 2.96458   0.10257  -0.30250
 2.98056   0.10060  -0.30514
 2.99673   0.09861  -0.30769
 3.00095   0.09809  -0.30833
 3.00516   0.09757  -0.30897
 3.00955   0.09703  -0.30962
 3.01061   0.09690  -0.30978
 3.01166   0.09677  -0.30993
 3.02223   0.09546  -0.31145
 3.03774   0.09355  -0.31359
 3.05054   0.09197  -0.31527
 3.06335   0.09040  -0.31686
 3.07643   0.08878  -0.31841
 3.09119   0.08697  -0.32005
 3.10707   0.08501  -0.32170
 3.10972   0.08469  -0.32196
 3.11072   0.08456  -0.32206
 3.11162   0.08445  -0.32215
 3.12071   0.08333  -0.32301
 3.13788   0.08123  -0.32453
 3.15554   0.07906  -0.32594
 3.17361   0.07685  -0.32721
 3.19203   0.07460  -0.32834
 3.19758   0.07392  -0.32864
 3.20312   0.07324  -0.32893
 3.20598   0.07290  -0.32907
 3.20885   0.07255  -0.32921
 3.21173   0.07220  -0.32934
 3.21461   0.07184  -0.32947
 3.23370   0.06952  -0.33023
 3.25303   0.06718  -0.33080
 3.27259   0.06482  -0.33118
 3.29238   0.06244  -0.33135
 3.29775   0.06179  -0.33136
 3.30313   0.06115  -0.33136
 3.30633   0.06077  -0.33135
 3.30952   0.06038  -0.33134
 3.31188   0.06010  -0.33132
 3.31405   0.05984  -0.33131
 3.33430   0.05742  -0.33104
 3.35471   0.05500  -0.33056
 3.37530   0.05256  -0.32985
 3.39606   0.05012  -0.32890
 3.40301   0.04931  -0.32854
 3.40995   0.04849  -0.32814
 3.42837   0.04634  -0.32698
 3.44568   0.04433  -0.32573
 3.46692   0.04188  -0.32398
 3.48827   0.03943  -0.32198
 3.50972   0.03699  -0.31974
 3.51778   0.03607  -0.31884
 3.52514   0.03524  -0.31798
 3.54671   0.03281  -0.31532
 3.56833   0.03039  -0.31241
 3.58999   0.02799  -0.30927
 3.59709   0.02720  -0.30819
 3.60418   0.02642  -0.30708
 3.60915   0.02588  -0.30629
 3.61287   0.02547  -0.30570
 3.61621   0.02510  -0.30515
 3.63781   0.02275  -0.30151
 3.65943   0.02041  -0.29763
 3.68101   0.01810  -0.29354
 3.70252   0.01581  -0.28925
 3.70779   0.01525  -0.28816
 3.71306   0.01470  -0.28706
 3.72128   0.01383  -0.28533
 3.74253   0.01161  -0.28069
 3.76375   0.00942  -0.27586
 3.78484   0.00725  -0.27086
 3.80580   0.00512  -0.26570
 3.80875   0.00482  -0.26496
 3.81171   0.00453  -0.26421
 3.81938   0.00375  -0.26225
 3.83996   0.00170  -0.25689
 3.86049  -0.00034  -0.25136
 3.88085  -0.00233  -0.24571
 3.90103  -0.00429  -0.23996
 3.90843  -0.00500  -0.23780
 3.91300  -0.00544  -0.23646
 3.91757  -0.00588  -0.23512
 3.93723  -0.00775  -0.22924
 3.95684  -0.00960  -0.22322
 3.97625  -0.01141  -0.21714
 3.99545  -0.01318  -0.21100
 4.00401  -0.01397  -0.20822
 4.00957  -0.01448  -0.20640
 4.01513  -0.01498  -0.20457
 4.02176  -0.01559  -0.20238
 4.04024  -0.01725  -0.19619
 4.05863  -0.01889  -0.18992
 4.07678  -0.02049  -0.18363
 4.09466  -0.02205  -0.17734
 4.10311  -0.02279  -0.17434
 4.10936  -0.02333  -0.17211
 4.11560  -0.02386  -0.16987
 4.12279  -0.02448  -0.16727
 4.13974  -0.02592  -0.16110
 4.15656  -0.02734  -0.15490
 4.17305  -0.02871  -0.14876
 4.18918  -0.03004  -0.14269
 4.20493  -0.03133  -0.13670
 4.21610  -0.03223  -0.13242
 4.22726  -0.03313  -0.12812
 4.24177  -0.03429  -0.12249
 4.25588  -0.03541  -0.11698
 4.26937  -0.03646  -0.11167
 4.28213  -0.03746  -0.10662
 4.29273  -0.03827  -0.10240
 4.30145  -0.03894  -0.09892
 4.31017  -0.03961  -0.09542
 4.31849  -0.04024  -0.09208
 4.32954  -0.04107  -0.08762
 4.34158  -0.04197  -0.08274
 4.35442  -0.04292  -0.07752
 4.36795  -0.04392  -0.07199
 4.38208  -0.04495  -0.06620
 4.39675  -0.04600  -0.06016
 4.40565  -0.04664  -0.05649
 4.41456  -0.04727  -0.05280
 4.42410  -0.04795  -0.04885
 4.44004  -0.04906  -0.04222
 4.45636  -0.05019  -0.03542
 4.47304  -0.05133  -0.02846
 4.49005  -0.05248  -0.02134
 4.50738  -0.05364  -0.01408
 4.51585  -0.05420  -0.01052
 4.52370  -0.05471  -0.00723
 4.54154  -0.05588   0.00026
 4.55959  -0.05704   0.00785
 4.57780  -0.05819   0.01550
 4.59613  -0.05934   0.02319
 4.60559  -0.05992   0.02716
 4.61505  -0.06050   0.03112
 4.62449  -0.06108   0.03508
 4.64260  -0.06217   0.04265
 4.66060  -0.06324   0.05015
 4.67818  -0.06428   0.05747
 4.69513  -0.06526   0.06449
 4.70305  -0.06571   0.06777
 4.70801  -0.06599   0.06981
 4.71297  -0.06628   0.07186
 4.72008  -0.06668   0.07479
 4.73192  -0.06734   0.07965
 4.74416  -0.06802   0.08466
 4.75840  -0.06881   0.09048
 4.77408  -0.06966   0.09684
 4.79085  -0.07056   0.10362
 4.80851  -0.07149   0.11071
 4.81502  -0.07183   0.11331
 4.82092  -0.07214   0.11566
 4.83976  -0.07311   0.12313
 4.85912  -0.07409   0.13074
 4.87895  -0.07508   0.13847
 4.89916  -0.07607   0.14627
 4.90671  -0.07644   0.14916
 4.91425  -0.07680   0.15204
 4.92316  -0.07723   0.15542
 4.94402  -0.07821   0.16328
 4.96510  -0.07919   0.17111
 4.98635  -0.08015   0.17890
 5.00773  -0.08110   0.18663
 5.01396  -0.08138   0.18886
 5.01978  -0.08163   0.19093
 5.04123  -0.08256   0.19849
 5.06276  -0.08347   0.20596
 5.08428  -0.08436   0.21329
 5.10578  -0.08524   0.22047
 5.10913  -0.08537   0.22158
 5.11247  -0.08551   0.22268
 5.11588  -0.08564   0.22380
 5.13717  -0.08648   0.23071
 5.15849  -0.08731   0.23749
 5.17970  -0.08811   0.24408
 5.20078  -0.08889   0.25049
 5.20755  -0.08914   0.25251
 5.21313  -0.08934   0.25417
 5.21870  -0.08954   0.25581
 5.23938  -0.09027   0.26182
 5.26003  -0.09099   0.26766
 5.28051  -0.09169   0.27331
 5.30081  -0.09237   0.27875
 5.30593  -0.09254   0.28010
 5.30905  -0.09264   0.28091
 5.31217  -0.09274   0.28173
 5.31509  -0.09284   0.28248
 5.33487  -0.09347   0.28753
 5.35463  -0.09409   0.29242
 5.37419  -0.09470   0.29710
 5.39352  -0.09528   0.30159
 5.40021  -0.09548   0.30311
 5.40691  -0.09567   0.30461
 5.40945  -0.09575   0.30517
 5.41200  -0.09582   0.30573
 5.41458  -0.09590   0.30630
 5.43319  -0.09643   0.31032
 5.45177  -0.09695   0.31418
 5.47010  -0.09745   0.31785
 5.48815  -0.09794   0.32133
 5.50592  -0.09841   0.32462
 5.51000  -0.09851   0.32536
 5.51408  -0.09862   0.32609
 5.52351  -0.09886   0.32774
 5.54048  -0.09928   0.33063
 5.55725  -0.09970   0.33336
 5.57366  -0.10009   0.33591
 5.58967  -0.10047   0.33829
 5.60523  -0.10082   0.34049
 5.60784  -0.10088   0.34085
 5.60994  -0.10093   0.34113
 5.61204  -0.10098   0.34142
 5.61470  -0.10104   0.34178
 5.62895  -0.10136   0.34364
 5.64309  -0.10166   0.34540
 5.65656  -0.10195   0.34699
 5.66919  -0.10222   0.34841
 5.67904  -0.10242   0.34947
 5.68889  -0.10262   0.35048
 5.69877  -0.10282   0.35145
 5.70405  -0.10292   0.35195
 5.70932  -0.10303   0.35244
 5.71081  -0.10305   0.35258
 5.71229  -0.10308   0.35271
 5.72479  -0.10332   0.35380
 5.73809  -0.10358   0.35489
 5.75210  -0.10383   0.35594
 5.76672  -0.10410   0.35695
 5.78190  -0.10436   0.35789
 5.79758  -0.10463   0.35875
 5.80281  -0.10472   0.35902
 5.80804  -0.10481   0.35927
 5.81240  -0.10488   0.35947
 5.81635  -0.10494   0.35964
 5.83302  -0.10521   0.36029
 5.85007  -0.10548   0.36083
 5.86751  -0.10574   0.36125
 5.88532  -0.10600   0.36153
 5.90347  -0.10626   0.36167
 5.90761  -0.10632   0.36168
 5.90974  -0.10634   0.36169
 5.91188  -0.10637   0.36169
 5.91445  -0.10641   0.36169
 5.93317  -0.10666   0.36158
 5.95216  -0.10690   0.36132
 5.97146  -0.10713   0.36089
 5.99105  -0.10736   0.36028
 5.99862  -0.10745   0.36000
 6.00619  -0.10753   0.35970
 6.00954  -0.10757   0.35955
 6.01289  -0.10760   0.35941
 6.01644  -0.10764   0.35924
 6.03672  -0.10785   0.35821
 6.05721  -0.10805   0.35699
 6.07795  -0.10825   0.35556
 6.09894  -0.10843   0.35393
 6.10918  -0.10852   0.35307
 6.11447  -0.10856   0.35260
 6.11929  -0.10860   0.35217
 6.14078  -0.10876   0.35012
 6.16245  -0.10891   0.34786
 6.18433  -0.10906   0.34539
 6.20640  -0.10919   0.34269
 6.21008  -0.10921   0.34222
 6.21365  -0.10923   0.34176
 6.23601  -0.10934   0.33876
 6.25851  -0.10944   0.33554
 6.28116  -0.10954   0.33210
 6.30396  -0.10961   0.32844
 6.31117  -0.10964   0.32724
 6.31794  -0.10966   0.32609
 6.34096  -0.10971   0.32208
 6.36407  -0.10976   0.31784
 6.38727  -0.10979   0.31340
 6.39837  -0.10980   0.31120
 6.40948  -0.10981   0.30896
 6.42290  -0.10981   0.30620
 6.43502  -0.10982   0.30365
 6.45839  -0.10981   0.29860
 6.48179  -0.10979   0.29335
 6.50520  -0.10975   0.28792
 6.51010  -0.10975   0.28676
 6.51460  -0.10974   0.28569
 6.53795  -0.10969   0.28003
 6.56132  -0.10962   0.27420
 6.58466  -0.10955   0.26821
 6.60795  -0.10946   0.26208
 6.61343  -0.10943   0.26061
 6.61892  -0.10941   0.25913
 6.64201  -0.10931   0.25282
 6.66512  -0.10919   0.24637
 6.68813  -0.10906   0.23980
 6.69756  -0.10900   0.23707
 6.70700  -0.10895   0.23431
 6.71400  -0.10890   0.23225
 6.72101  -0.10886   0.23018
 6.74365  -0.10870   0.22340
 6.76626  -0.10854   0.21651
 6.78875  -0.10836   0.20954
 6.79765  -0.10829   0.20675
 6.80655  -0.10822   0.20395
 6.80974  -0.10819   0.20294
 6.81292  -0.10816   0.20193
 6.81709  -0.10813   0.20060
 6.83907  -0.10793   0.19356
 6.86105  -0.10773   0.18642
 6.88285  -0.10752   0.17924
 6.90446  -0.10730   0.17204
 6.90790  -0.10726   0.17089
 6.91042  -0.10724   0.17004
 6.91294  -0.10721   0.16919
 6.93406  -0.10698   0.16205
 6.95518  -0.10675   0.15483
 6.97608  -0.10650   0.14762
 6.99674  -0.10626   0.14044
 7.00472  -0.10616   0.13764
 7.00920  -0.10610   0.13607
 7.01320  -0.10605   0.13467
 7.01686  -0.10601   0.13338
 7.03673  -0.10576   0.12636
 7.05657  -0.10550   0.11930
 7.07609  -0.10523   0.11231
 7.09528  -0.10497   0.10540
 7.10179  -0.10487   0.10305
 7.10829  -0.10478   0.10069
 7.11239  -0.10472   0.09921
 7.11650  -0.10466   0.09772
 7.13447  -0.10440   0.09118
 7.15235  -0.10414   0.08464
 7.16972  -0.10387   0.07827
 7.18649  -0.10361   0.07210
 7.20257  -0.10336   0.06616
 7.20988  -0.10324   0.06346
 7.21720  -0.10313   0.06075
 7.22461  -0.10301   0.05800
 7.23731  -0.10280   0.05329
 7.24887  -0.10261   0.04899
 7.26077  -0.10241   0.04456
 7.27427  -0.10218   0.03953
 7.28895  -0.10192   0.03405
 7.30459  -0.10165   0.02821
 7.30688  -0.10161   0.02735
 7.30918  -0.10157   0.02650
 7.31123  -0.10153   0.02573
 7.31327  -0.10150   0.02497
 7.32985  -0.10120   0.01877
 7.34687  -0.10089   0.01240
 7.36385  -0.10058   0.00604
 7.38024  -0.10028  -0.00009
 7.39296  -0.10004  -0.00486
 7.40568  -0.09979  -0.00962
 7.40995  -0.09971  -0.01121
 7.41373  -0.09964  -0.01262
 7.41715  -0.09957  -0.01391
 7.43233  -0.09928  -0.01958
 7.44871  -0.09896  -0.02569
 7.46602  -0.09861  -0.03215
 7.48410  -0.09825  -0.03888
 7.50281  -0.09787  -0.04583
 7.50567  -0.09781  -0.04689
 7.50852  -0.09775  -0.04795
 7.50963  -0.09773  -0.04836
 7.51073  -0.09770  -0.04877
 7.51201  -0.09768  -0.04924
 7.52475  -0.09741  -0.05396
 7.54457  -0.09700  -0.06128
 7.56482  -0.09657  -0.06874
 7.58547  -0.09612  -0.07632
 7.60649  -0.09567  -0.08400
 7.60890  -0.09561  -0.08488
 7.61132  -0.09556  -0.08576
 7.61412  -0.09550  -0.08678
 7.63561  -0.09502  -0.09458
 7.65736  -0.09454  -0.10244
 7.67938  -0.09404  -0.11034
 7.70165  -0.09353  -0.11830
 7.70670  -0.09341  -0.12009
 7.70978  -0.09334  -0.12118
 7.71285  -0.09327  -0.12227
 7.71629  -0.09319  -0.12349
 7.73893  -0.09266  -0.13148
 7.76175  -0.09212  -0.13948
 7.78475  -0.09158  -0.14747
 7.80789  -0.09102  -0.15544
 7.80960  -0.09098  -0.15603
 7.81130  -0.09094  -0.15661
 7.81327  -0.09089  -0.15729
 7.83300  -0.09041  -0.16401
 7.85639  -0.08984  -0.17192
 7.87987  -0.08925  -0.17978
 7.90343  -0.08867  -0.18757
 7.90798  -0.08855  -0.18907
 7.91254  -0.08844  -0.19056
 7.91750  -0.08831  -0.19219
 7.94113  -0.08772  -0.19987
 7.96478  -0.08711  -0.20747
 7.98844  -0.08650  -0.21497
 7.99551  -0.08632  -0.21720
 8.00259  -0.08614  -0.21942
 8.00699  -0.08602  -0.22079
 8.00991  -0.08595  -0.22170
 8.01284  -0.08587  -0.22261
 8.01707  -0.08576  -0.22393
 8.04068  -0.08515  -0.23120
 8.06429  -0.08453  -0.23837
 8.08785  -0.08390  -0.24542
 8.09551  -0.08370  -0.24769
 8.10317  -0.08350  -0.24995
 8.10756  -0.08338  -0.25124
 8.10995  -0.08332  -0.25194
 8.11233  -0.08325  -0.25264
 8.11631  -0.08315  -0.25380
 8.13960  -0.08252  -0.26053
 8.16288  -0.08190  -0.26716
 8.18604  -0.08127  -0.27364
 8.20906  -0.08065  -0.27998
 8.21175  -0.08057  -0.28071
 8.21444  -0.08050  -0.28144
 8.23706  -0.07988  -0.28754
 8.25969  -0.07926  -0.29352
 8.28212  -0.07865  -0.29934
 8.30430  -0.07803  -0.30500
 8.30842  -0.07792  -0.30603
 8.31253  -0.07781  -0.30707
 8.31637  -0.07770  -0.30803
 8.33787  -0.07710  -0.31335
 8.35933  -0.07651  -0.31855
 8.38043  -0.07592  -0.32357
 8.40114  -0.07534  -0.32839
 8.40521  -0.07522  -0.32933
 8.40927  -0.07511  -0.33026
 8.41135  -0.07505  -0.33074
 8.41338  -0.07500  -0.33120
 8.43275  -0.07445  -0.33557
 8.45212  -0.07391  -0.33986
 8.47085  -0.07338  -0.34392
 8.48877  -0.07288  -0.34773
 8.50569  -0.07240  -0.35125
 8.50808  -0.07233  -0.35175
 8.50920  -0.07230  -0.35198
 8.50990  -0.07228  -0.35212
 8.51060  -0.07226  -0.35226
 8.51133  -0.07224  -0.35241
 8.51863  -0.07203  -0.35390
 8.53112  -0.07168  -0.35643
 8.54420  -0.07131  -0.35903
 8.55925  -0.07089  -0.36198
 8.57577  -0.07042  -0.36515
 8.59348  -0.06992  -0.36847
 8.59861  -0.06977  -0.36942
 8.60374  -0.06963  -0.37037
 8.60733  -0.06953  -0.37102
 8.60944  -0.06947  -0.37141
 8.61155  -0.06941  -0.37179
 8.61345  -0.06935  -0.37214
 8.63247  -0.06881  -0.37554
 8.65286  -0.06824  -0.37909
 8.67391  -0.06764  -0.38265
 8.69551  -0.06703  -0.38619
 8.70314  -0.06681  -0.38742
 8.70650  -0.06672  -0.38795
 8.70986  -0.06662  -0.38848
 8.72344  -0.06624  -0.39061
 8.73595  -0.06588  -0.39253
 8.75842  -0.06525  -0.39588
 8.78106  -0.06461  -0.39914
 8.80366  -0.06397  -0.40226
 8.80771  -0.06385  -0.40281
 8.80977  -0.06380  -0.40309
 8.81182  -0.06374  -0.40337
 8.81430  -0.06367  -0.40370
 8.83622  -0.06305  -0.40656
 8.85819  -0.06243  -0.40932
 8.87970  -0.06183  -0.41191
 8.90064  -0.06124  -0.41432
 8.90941  -0.06099  -0.41530
 8.91109  -0.06095  -0.41549
 8.91278  -0.06090  -0.41568
 8.92965  -0.06043  -0.41750
 8.94838  -0.05990  -0.41945
 8.96608  -0.05941  -0.42122
 8.97951  -0.05904  -0.42251
 8.99295  -0.05866  -0.42376
 9.00750  -0.05826  -0.42507
 9.00953  -0.05820  -0.42525
 9.01085  -0.05816  -0.42537
 9.01216  -0.05813  -0.42548
 9.02531  -0.05776  -0.42661
 9.04327  -0.05727  -0.42808
 9.06238  -0.05674  -0.42958
 9.08248  -0.05619  -0.43106
 9.10346  -0.05561  -0.43251
 9.10718  -0.05551  -0.43275
 9.10949  -0.05545  -0.43291
 9.11180  -0.05538  -0.43306
 9.11408  -0.05532  -0.43320
 9.13624  -0.05472  -0.43458
 9.15907  -0.05410  -0.43588
 9.18255  -0.05346  -0.43710
 9.20664  -0.05281  -0.43824
 9.20958  -0.05273  -0.43837
 9.21253  -0.05265  -0.43850
 9.21573  -0.05257  -0.43863
 9.24063  -0.05190  -0.43963
 9.26601  -0.05122  -0.44051
 9.29189  -0.05054  -0.44127
 9.30139  -0.05028  -0.44151
 9.30586  -0.05017  -0.44162
 9.30884  -0.05009  -0.44169
 9.31181  -0.05001  -0.44176
 9.31571  -0.04991  -0.44185
 9.34253  -0.04920  -0.44236
 9.36972  -0.04849  -0.44274
 9.39732  -0.04778  -0.44298
 9.40435  -0.04760  -0.44302
 9.40863  -0.04748  -0.44304
 9.41291  -0.04737  -0.44305
 9.41697  -0.04727  -0.44306
 9.44526  -0.04654  -0.44305
 9.47385  -0.04582  -0.44288
 9.50278  -0.04509  -0.44256
 9.50768  -0.04496  -0.44249
 9.51259  -0.04484  -0.44242
 9.51790  -0.04471  -0.44234
 9.54731  -0.04397  -0.44178
 9.57694  -0.04324  -0.44107
 9.60682  -0.04250  -0.44020
 9.61421  -0.04232  -0.43996
 9.62159  -0.04214  -0.43971
 9.65177  -0.04141  -0.43861
 9.68213  -0.04068  -0.43735
 9.69302  -0.04042  -0.43687
 9.70391  -0.04016  -0.43636
 9.70858  -0.04005  -0.43614
 9.71325  -0.03994  -0.43592
 9.71793  -0.03983  -0.43569
 9.74852  -0.03911  -0.43411
 9.77923  -0.03840  -0.43239
 9.81000  -0.03769  -0.43052
 9.84016  -0.03700  -0.42857
 9.87097  -0.03630  -0.42645
 9.90177  -0.03562  -0.42421
 9.90835  -0.03547  -0.42371
 9.91492  -0.03533  -0.42321
 9.92123  -0.03519  -0.42272
 9.95186  -0.03452  -0.42030
 9.98254  -0.03385  -0.41776
 9.99411  -0.03360  -0.41677
 10.00567  -0.03336  -0.41577
 10.01595  -0.03314  -0.41486
 10.02623  -0.03292  -0.41395
 10.05659  -0.03228  -0.41118
 10.08698  -0.03165  -0.40831
 10.10015  -0.03138  -0.40703
 10.10820  -0.03121  -0.40625
 10.11624  -0.03105  -0.40545
 10.12397  -0.03089  -0.40469
 10.15394  -0.03029  -0.40165
 10.18395  -0.02969  -0.39854
 10.19674  -0.02944  -0.39718
 10.20953  -0.02919  -0.39581
 10.23916  -0.02861  -0.39259
 10.26627  -0.02809  -0.38958
 10.29574  -0.02753  -0.38624
 10.30654  -0.02733  -0.38500
 10.31610  -0.02715  -0.38389
 10.32565  -0.02697  -0.38278
 10.35470  -0.02643  -0.37937
 10.38375  -0.02591  -0.37589
 10.39663  -0.02567  -0.37433
 10.40952  -0.02544  -0.37277
 10.43817  -0.02493  -0.36924
 10.46535  -0.02446  -0.36586
 10.49383  -0.02397  -0.36227
 10.50505  -0.02378  -0.36084
 10.51627  -0.02359  -0.35941
 10.53101  -0.02334  -0.35752
 10.55904  -0.02287  -0.35389
 10.58703  -0.02241  -0.35024
 10.60570  -0.02211  -0.34779
 10.61812  -0.02191  -0.34615
 10.63027  -0.02171  -0.34454
 10.65774  -0.02128  -0.34088
 10.68518  -0.02085  -0.33721
 10.69906  -0.02063  -0.33534
 10.70892  -0.02048  -0.33401
 10.71878  -0.02033  -0.33267
 10.73102  -0.02015  -0.33101
 10.75789  -0.01974  -0.32736
 10.78474  -0.01935  -0.32369
 10.80063  -0.01911  -0.32151
 10.80866  -0.01900  -0.32041
 10.81668  -0.01888  -0.31931
 10.82704  -0.01873  -0.31788
 10.85324  -0.01836  -0.31427
 10.87941  -0.01799  -0.31065
 10.90537  -0.01764  -0.30706
 10.92179  -0.01741  -0.30478
 10.93679  -0.01721  -0.30270
 10.96202  -0.01687  -0.29919
 10.98710  -0.01654  -0.29571
 11.00266  -0.01634  -0.29355
 11.01822  -0.01614  -0.29138
 11.03597  -0.01592  -0.28891
 11.05966  -0.01562  -0.28562
 11.08293  -0.01533  -0.28239
 11.10552  -0.01506  -0.27926
 11.12476  -0.01482  -0.27659
 11.14286  -0.01461  -0.27408
 11.16244  -0.01438  -0.27138
 11.17833  -0.01419  -0.26918
 11.19423  -0.01401  -0.26699
 11.20869  -0.01385  -0.26500
 11.22536  -0.01366  -0.26271
 11.24354  -0.01345  -0.26022
 11.26289  -0.01324  -0.25757
 11.28314  -0.01302  -0.25481
 11.30407  -0.01280  -0.25196
 11.32555  -0.01257  -0.24905
 11.34526  -0.01236  -0.24638
 11.36745  -0.01213  -0.24339
 11.38993  -0.01191  -0.24038
 11.40398  -0.01177  -0.23850
 11.41802  -0.01163  -0.23663
 11.44002  -0.01141  -0.23370
 11.46299  -0.01119  -0.23067
 11.48604  -0.01097  -0.22763
 11.50916  -0.01075  -0.22461
 11.53231  -0.01054  -0.22159
 11.55601  -0.01033  -0.21853
 11.57920  -0.01012  -0.21554
 11.60238  -0.00992  -0.21258
 11.62215  -0.00975  -0.21006
 11.64193  -0.00958  -0.20756
 11.66503  -0.00939  -0.20466
 11.68813  -0.00920  -0.20178
 11.70314  -0.00908  -0.19992
 11.71815  -0.00895  -0.19806
 11.73529  -0.00882  -0.19596
 11.75823  -0.00864  -0.19315
 11.78118  -0.00846  -0.19037
 11.80408  -0.00829  -0.18762
 11.82010  -0.00817  -0.18571
 11.83611  -0.00805  -0.18380
 11.85884  -0.00789  -0.18112
 11.88158  -0.00773  -0.17846
 11.90427  -0.00757  -0.17583
 11.91968  -0.00746  -0.17405
 11.93509  -0.00736  -0.17229
 11.95760  -0.00721  -0.16973
 11.98011  -0.00706  -0.16719
 12.00257  -0.00691  -0.16468
 12.02052  -0.00680  -0.16269
 12.03847  -0.00669  -0.16072
 12.06076  -0.00655  -0.15829
 12.08302  -0.00641  -0.15589
 12.10524  -0.00628  -0.15351
 12.11997  -0.00619  -0.15195
 12.13337  -0.00611  -0.15053
 12.15539  -0.00599  -0.14823
 12.17743  -0.00586  -0.14594
 12.19941  -0.00574  -0.14369
 12.20946  -0.00569  -0.14267
 12.21950  -0.00563  -0.14165
 12.23378  -0.00556  -0.14021
 12.25556  -0.00544  -0.13803
 12.27735  -0.00533  -0.13588
 12.29909  -0.00522  -0.13375
 12.30754  -0.00517  -0.13293
 12.31600  -0.00513  -0.13211
 12.32508  -0.00509  -0.13124
 12.34661  -0.00498  -0.12918
 12.36818  -0.00488  -0.12714
 12.38970  -0.00478  -0.12513
 12.40284  -0.00472  -0.12391
 12.40995  -0.00468  -0.12326
 12.41705  -0.00465  -0.12260
 12.43435  -0.00457  -0.12102
 12.45568  -0.00448  -0.11910
 12.47700  -0.00438  -0.11719
 12.49826  -0.00429  -0.11532
 12.50846  -0.00425  -0.11442
 12.51865  -0.00420  -0.11354
 12.53019  -0.00416  -0.11254
 12.55125  -0.00407  -0.11073
 12.57234  -0.00398  -0.10894
 12.59338  -0.00390  -0.10718
 12.60569  -0.00385  -0.10616
 12.61799  -0.00381  -0.10514
 12.63054  -0.00376  -0.10411
 12.65139  -0.00368  -0.10242
 12.67225  -0.00360  -0.10075
 12.69306  -0.00353  -0.09911
 12.70680  -0.00348  -0.09803
 12.72053  -0.00343  -0.09696
 12.73321  -0.00339  -0.09599
 12.75382  -0.00331  -0.09441
 12.77445  -0.00324  -0.09286
 12.79504  -0.00318  -0.09133
 12.80764  -0.00314  -0.09040
 12.82025  -0.00309  -0.08948
 12.83285  -0.00305  -0.08856
 12.85325  -0.00299  -0.08710
 12.87366  -0.00293  -0.08565
 12.89404  -0.00287  -0.08422
 12.90618  -0.00283  -0.08338
 12.91832  -0.00279  -0.08255
 12.92982  -0.00276  -0.08176
 12.95001  -0.00270  -0.08040
 12.97022  -0.00265  -0.07905
 12.99039  -0.00259  -0.07772
 13.00523  -0.00255  -0.07676
 13.01847  -0.00251  -0.07591
 13.03170  -0.00248  -0.07506
 13.05169  -0.00243  -0.07380
 13.07169  -0.00238  -0.07255
 13.09165  -0.00233  -0.07132
 13.10337  -0.00230  -0.07061
 13.11510  -0.00227  -0.06990
 13.12570  -0.00224  -0.06927
 13.14548  -0.00220  -0.06809
 13.16529  -0.00215  -0.06693
 13.18506  -0.00210  -0.06579
 13.20480  -0.00206  -0.06467
 13.21894  -0.00203  -0.06388
 13.23307  -0.00200  -0.06309
 13.25267  -0.00196  -0.06201
 13.27227  -0.00191  -0.06095
 13.29184  -0.00187  -0.05990
 13.30382  -0.00185  -0.05927
 13.31579  -0.00183  -0.05864
 13.32752  -0.00180  -0.05803
 13.34692  -0.00176  -0.05703
 13.36634  -0.00173  -0.05604
 13.38573  -0.00169  -0.05507
 13.40508  -0.00165  -0.05412
 13.41885  -0.00163  -0.05345
 13.43263  -0.00160  -0.05279
 13.45185  -0.00157  -0.05187
 13.47108  -0.00154  -0.05097
 13.49027  -0.00150  -0.05008
 13.50943  -0.00147  -0.04921
 13.52856  -0.00144  -0.04835
 13.54803  -0.00141  -0.04749
 13.56709  -0.00138  -0.04666
 13.58611  -0.00135  -0.04584
 13.60509  -0.00132  -0.04503
 13.61902  -0.00130  -0.04445
 13.63294  -0.00128  -0.04387
 13.65180  -0.00125  -0.04310
 13.67068  -0.00123  -0.04234
 13.68952  -0.00120  -0.04160
 13.70832  -0.00118  -0.04086
 13.72710  -0.00115  -0.04014
 13.74584  -0.00113  -0.03943
 13.76455  -0.00110  -0.03873
 13.78323  -0.00108  -0.03804
 13.80188  -0.00106  -0.03737
 13.82049  -0.00103  -0.03670
 13.83848  -0.00101  -0.03607
 13.85703  -0.00099  -0.03543
 13.87556  -0.00097  -0.03479
 13.89405  -0.00095  -0.03417
 13.90641  -0.00094  -0.03376
 13.91877  -0.00092  -0.03336
 13.93077  -0.00091  -0.03297
 13.94913  -0.00089  -0.03238
 13.96750  -0.00087  -0.03180
 13.98585  -0.00085  -0.03123
 14.00417  -0.00083  -0.03066
 14.02011  -0.00082  -0.03018
 14.03606  -0.00080  -0.02971
 14.05428  -0.00079  -0.02917
 14.07248  -0.00077  -0.02864
 14.09066  -0.00075  -0.02813
 14.10882  -0.00074  -0.02762
 14.12694  -0.00072  -0.02712
 14.14545  -0.00070  -0.02661
 14.16352  -0.00069  -0.02613
 14.18156  -0.00067  -0.02566
 14.19957  -0.00066  -0.02519
 14.21003  -0.00065  -0.02492
 14.22050  -0.00064  -0.02466
 14.23839  -0.00063  -0.02421
 14.25632  -0.00062  -0.02377
 14.27422  -0.00060  -0.02333
 14.29209  -0.00059  -0.02290
 14.30993  -0.00058  -0.02249
 14.32775  -0.00057  -0.02207
 14.34559  -0.00055  -0.02167
 14.36336  -0.00054  -0.02127
 14.38110  -0.00053  -0.02088
 14.39882  -0.00052  -0.02049
 14.41199  -0.00051  -0.02021
 14.42386  -0.00050  -0.01996
 14.44147  -0.00049  -0.01959
 14.45910  -0.00048  -0.01923
 14.47671  -0.00047  -0.01887
 14.49428  -0.00046  -0.01852
 14.50539  -0.00045  -0.01831
 14.51650  -0.00045  -0.01809
 14.53459  -0.00044  -0.01774
 14.55209  -0.00043  -0.01741
 14.56957  -0.00042  -0.01709
 14.58701  -0.00041  -0.01677
 14.60444  -0.00040  -0.01646
 14.62184  -0.00039  -0.01615
 14.63788  -0.00038  -0.01587
 14.65523  -0.00038  -0.01557
 14.67256  -0.00037  -0.01528
 14.68986  -0.00036  -0.01499
 14.70715  -0.00035  -0.01471
 14.72441  -0.00034  -0.01443
 14.74147  -0.00034  -0.01417
 14.75868  -0.00033  -0.01390
 14.77587  -0.00032  -0.01364
 14.79304  -0.00032  -0.01338
 14.81018  -0.00031  -0.01312
 14.82729  -0.00030  -0.01287
 14.84439  -0.00030  -0.01263
 14.86147  -0.00029  -0.01239
 14.87853  -0.00028  -0.01215
 14.89556  -0.00028  -0.01192
 14.91000  -0.00027  -0.01173
 14.92444  -0.00027  -0.01154
 14.94139  -0.00026  -0.01131
 14.95835  -0.00025  -0.01110
 14.97528  -0.00025  -0.01088
 14.99219  -0.00024  -0.01067
 15.00907  -0.00024  -0.01047
 15.02594  -0.00023  -0.01027
 15.04316  -0.00023  -0.01006
 15.05999  -0.00022  -0.00987
 15.07679  -0.00022  -0.00967
 15.09358  -0.00021  -0.00949
 15.11034  -0.00021  -0.00930
 15.12604  -0.00020  -0.00913
 15.14275  -0.00020  -0.00895
 15.15945  -0.00019  -0.00877
 15.17613  -0.00019  -0.00860
 15.19279  -0.00019  -0.00843
 15.20943  -0.00018  -0.00826
 15.22605  -0.00018  -0.00810
 15.24290  -0.00017  -0.00794
 15.25948  -0.00017  -0.00778
 15.27604  -0.00017  -0.00762
 15.29258  -0.00016  -0.00747
 15.30910  -0.00016  -0.00732
 15.32560  -0.00016  -0.00717
 15.34243  -0.00015  -0.00702
 15.35889  -0.00015  -0.00688
 15.37533  -0.00014  -0.00674
 15.39176  -0.00014  -0.00660
 15.40816  -0.00014  -0.00647
 15.42454  -0.00013  -0.00634
 15.44135  -0.00013  -0.00620
 15.45770  -0.00013  -0.00607
 15.47403  -0.00013  -0.00595
 15.49034  -0.00012  -0.00582
 15.50663  -0.00012  -0.00570
 15.52290  -0.00012  -0.00558
 15.53920  -0.00011  -0.00546
 15.55544  -0.00011  -0.00535
 15.57166  -0.00011  -0.00523
 15.58785  -0.00011  -0.00512
 15.60403  -0.00010  -0.00501
 15.62020  -0.00010  -0.00490
 15.63680  -0.00010  -0.00479
 15.65293  -0.00010  -0.00469
 15.66904  -0.00009  -0.00458
 15.68513  -0.00009  -0.00448
 15.70120  -0.00009  -0.00438
 15.71193  -0.00009  -0.00432
 15.72266  -0.00008  -0.00425
 15.73865  -0.00008  -0.00416
 15.75466  -0.00008  -0.00406
 15.77066  -0.00008  -0.00397
 15.78664  -0.00008  -0.00388
 15.80260  -0.00007  -0.00379
 15.81855  -0.00007  -0.00370
 15.83378  -0.00007  -0.00361
 15.84969  -0.00007  -0.00353
 15.86559  -0.00007  -0.00344
 15.88146  -0.00006  -0.00336
 15.89732  -0.00006  -0.00328
 15.90920  -0.00006  -0.00322
 15.92107  -0.00006  -0.00316
 15.93726  -0.00006  -0.00308
 15.95307  -0.00006  -0.00300
 15.96885  -0.00005  -0.00292
 15.98462  -0.00005  -0.00284
 16.00038  -0.00005  -0.00277
 16.01160  -0.00005  -0.00272
 16.02241  -0.00005  -0.00267
 16.03809  -0.00005  -0.00259
 16.05379  -0.00004  -0.00252
 16.06947  -0.00004  -0.00245
 16.08514  -0.00004  -0.00238
 16.10079  -0.00004  -0.00232
 16.10967  -0.00004  -0.00228
 16.11854  -0.00004  -0.00224
 16.13441  -0.00004  -0.00217
 16.15001  -0.00004  -0.00210
 16.16560  -0.00003  -0.00204
 16.18117  -0.00003  -0.00198
 16.19672  -0.00003  -0.00191
 16.21049  -0.00003  -0.00186
 16.22376  -0.00003  -0.00180
 16.23926  -0.00003  -0.00174
 16.25475  -0.00003  -0.00168
 16.27023  -0.00003  -0.00162
 16.28570  -0.00002  -0.00156
 16.30115  -0.00002  -0.00150
 16.31189  -0.00002  -0.00146
 16.32263  -0.00002  -0.00142
 16.33801  -0.00002  -0.00136
 16.35341  -0.00002  -0.00131
 16.36880  -0.00002  -0.00125
 16.38417  -0.00002  -0.00120
 16.39952  -0.00002  -0.00114
 16.41208  -0.00001  -0.00109
 16.42463  -0.00001  -0.00105
 16.43992  -0.00001  -0.00100
 16.45523  -0.00001  -0.00094
 16.47051  -0.00001  -0.00089
 16.48579  -0.00001  -0.00084
 16.50105  -0.00001  -0.00078
 16.51167  -0.00001  -0.00075
 16.52230  -0.00001  -0.00071
 16.53749  -0.00001  -0.00066
 16.55270  -0.00001  -0.00061
 16.56790  -0.00001  -0.00055
 16.58308  -0.00001  -0.00050
 16.59825  -0.00001  -0.00045
 16.61022  -0.00000  -0.00041
 16.62219  -0.00000  -0.00037
 16.63729  -0.00000  -0.00032
 16.65241  -0.00000  -0.00027
 16.66752  -0.00000  -0.00022
 16.68261  -0.00000  -0.00017
 16.69768  -0.00000  -0.00012
 16.70942  -0.00000  -0.00008
 16.72116  -0.00000  -0.00004
 16.73134   0.00000  -0.00001
