 0.00018   0.00000
 0.00023   0.00000
 0.00028   0.00000
 0.00034   0.00000
 0.00041   0.00000
 0.00049   0.00000
 0.00059   0.00000
 0.00069   0.00000
 0.00082   0.00000
 0.00096   0.00000
 0.00112   0.00000
 0.00131   0.00000
 0.00151   0.00000
 0.00174   0.00000
 0.00201   0.00000
 0.00230   0.00000
 0.00262   0.00000
 0.00299   0.00000
 0.00339   0.00000
 0.00383   0.00000
 0.00433   0.00000
 0.00487   0.00001
 0.00547   0.00001
 0.00612   0.00001
 0.00684   0.00001
 0.00762   0.00001
 0.00848   0.00002
 0.00941   0.00002
 0.01043   0.00003
 0.01153   0.00003
 0.01272   0.00004
 0.01402   0.00005
 0.01542   0.00006
 0.01693   0.00007
 0.01857   0.00009
 0.02032   0.00011
 0.02219   0.00013
 0.02422   0.00015
 0.02641   0.00018
 0.02875   0.00021
 0.03126   0.00025
 0.03393   0.00030
 0.03680   0.00035
 0.03987   0.00041
 0.04315   0.00048
 0.04665   0.00056
 0.05038   0.00065
 0.05457   0.00076
 0.05882   0.00089
 0.06334   0.00103
 0.06819   0.00119
 0.07330   0.00138
 0.07876   0.00159
 0.08453   0.00183
 0.09071   0.00211
 0.09770   0.00244
 0.10462   0.00280
 0.11205   0.00321
 0.11959   0.00366
 0.12785   0.00418
 0.13662   0.00477
 0.14604   0.00545
 0.15598   0.00621
 0.16646   0.00707
 0.17763   0.00804
 0.18966   0.00916
 0.20239   0.01042
 0.21520   0.01177
 0.22879   0.01328
 0.24420   0.01511
 0.25934   0.01701
 0.27682   0.01934
 0.29435   0.02183
 0.31242   0.02453
 0.33631   0.02833
 0.35818   0.03203
 0.38180   0.03625
 0.40879   0.04137
 0.43778   0.04718
 0.46727   0.05344
 0.49792   0.06028
 0.53124   0.06810
 0.56518   0.07643
 0.59710   0.08460
 0.63143   0.09371
 0.66532   0.10300
 0.69890   0.11247
 0.73730   0.12359
 0.77138   0.13369
 0.80547   0.14395
 0.84241   0.15524
 0.87619   0.16567
 0.91658   0.17823
 0.95970   0.19169
 1.00137   0.20467
 1.03680   0.21565
 1.07224   0.22653
 1.10690   0.23704
 1.13997   0.24692
 1.17621   0.25752
 1.22956   0.27266
 1.26506   0.28236
 1.29945   0.29143
 1.33482   0.30040
 1.36779   0.30839
 1.40057   0.31597
 1.43930   0.32441
 1.47576   0.33182
 1.51722   0.33958
 1.55677   0.34627
 1.59633   0.35224
 1.64253   0.35826
 1.68747   0.36308
 1.73890   0.36731
 1.78154   0.36974
 1.81525   0.37096
 1.84896   0.37154
 1.87879   0.37152
 1.90861   0.37099
 1.94135   0.36982
 1.97888   0.36772
 2.01626   0.36482
 2.06445   0.35990
 2.09264   0.35640
 2.11019   0.35400
 2.12775   0.35141
 2.17671   0.34329
 2.20910   0.33719
 2.24148   0.33052
 2.28299   0.32114
 2.31547   0.31317
 2.34795   0.30466
 2.39933   0.29014
 2.43597   0.27900
 2.46950   0.26828
 2.50622   0.25596
 2.54295   0.24308
 2.58471   0.22778
 2.63681   0.20777
 2.69034   0.18625
 2.74204   0.16464
 2.79035   0.14378
 2.84116   0.12126
 2.88976   0.09923
 2.93949   0.07630
 2.98791   0.05368
 3.03642   0.03081
 3.08408   0.00822
 3.13129  -0.01418
 3.17790  -0.03625
 3.22551  -0.05866
 3.27303  -0.08081
 3.32239  -0.10352
 3.36945  -0.12479
 3.42055  -0.14741
 3.46670  -0.16731
 3.51948  -0.18940
 3.57122  -0.21025
 3.61941  -0.22890
 3.66328  -0.24517
 3.70517  -0.26004
 3.74707  -0.27422
 3.79673  -0.29009
 3.84626  -0.30485
 3.89321  -0.31781
 3.94056  -0.32984
 3.98790  -0.34078
 4.04277  -0.35207
 4.09544  -0.36147
 4.14038  -0.36835
 4.18311  -0.37391
 4.23550  -0.37941
 4.28386  -0.38319
 4.33222  -0.38572
 4.38458  -0.38706
 4.43418  -0.38698
 4.48436  -0.38559
 4.53428  -0.38291
 4.58648  -0.37875
 4.63843  -0.37325
 4.69562  -0.36567
 4.74310  -0.35821
 4.78804  -0.35018
 4.84354  -0.33903
 4.89750  -0.32693
 4.95453  -0.31285
 5.00695  -0.29881
 5.06523  -0.28201
 5.12278  -0.26431
 5.17873  -0.24609
 5.23821  -0.22573
 5.30017  -0.20354
 5.35997  -0.18128
 5.41817  -0.15891
 5.47395  -0.13691
 5.53350  -0.11290
 5.59359  -0.08824
 5.65271  -0.06364
 5.71084  -0.03923
 5.76923  -0.01457
 5.82730   0.01000
 5.88488   0.03434
 5.94396   0.05919
 6.00473   0.08454
 6.06723   0.11030
 6.13169   0.13645
 6.19668   0.16228
 6.26502   0.18878
 6.33545   0.21527
 6.40642   0.24103
 6.48165   0.26722
 6.55890   0.29281
 6.63720   0.31732
 6.69889   0.33556
 6.76057   0.35283
 6.83263   0.37174
 6.90604   0.38956
 6.98966   0.40806
 7.07069   0.42413
 7.14366   0.43704
 7.24240   0.45214
 7.34960   0.46551
 7.45488   0.47562
 7.55039   0.48230
 7.65190   0.48689
 7.75095   0.48899
 7.85070   0.48887
 7.95044   0.48664
 8.05026   0.48244
 8.15038   0.47642
 8.25137   0.46867
 8.35405   0.45923
 8.45834   0.44823
 8.56136   0.43613
 8.66280   0.42319
 8.76399   0.40943
 8.86569   0.39490
 8.96757   0.37978
 9.06916   0.36428
 9.17051   0.34853
 9.27187   0.33261
 9.37343   0.31661
 9.47514   0.30062
 9.57697   0.28475
 9.67892   0.26907
 9.78108   0.25366
 9.88357   0.23855
 9.98835   0.22353
 10.09688   0.20848
 10.21054   0.19333
 10.32862   0.17827
 10.44860   0.16374
 10.57142   0.14967
 10.70524   0.13530
 10.82761   0.12302
 10.94999   0.11157
 11.06602   0.10146
 11.18366   0.09194
 11.30236   0.08304
 11.41735   0.07508
 11.52026   0.06849
 11.62318   0.06237
 11.72378   0.05682
 11.82439   0.05169
 11.92997   0.04672
 12.02926   0.04243
 12.12727   0.03851
 12.22617   0.03488
 12.32549   0.03153
 12.42479   0.02847
 12.52410   0.02566
 12.62344   0.02309
 12.72287   0.02075
 12.82242   0.01862
 12.92212   0.01667
 13.02203   0.01490
 13.12217   0.01330
 13.22260   0.01184
 13.32338   0.01051
 13.42455   0.00932
 13.52620   0.00823
 13.62837   0.00725
 13.73115   0.00635
 13.83470   0.00555
 13.93937   0.00481
 14.04525   0.00415
 14.15244   0.00354
 14.26104   0.00298
 14.37115   0.00247
 14.48289   0.00200
 14.59635   0.00156
 14.71160   0.00115
 14.82871   0.00075
 14.94765   0.00037
 14.98654   0.00025
