 0.05068   0.00017   0.00025
 0.05119   0.00018   0.00026
 0.05169   0.00019   0.00027
 0.05220   0.00020   0.00027
 0.05271   0.00020   0.00028
 0.05322   0.00021   0.00029
 0.05374   0.00022   0.00030
 0.05426   0.00023   0.00031
 0.05478   0.00024   0.00032
 0.05531   0.00025   0.00033
 0.05584   0.00026   0.00034
 0.05637   0.00026   0.00035
 0.05691   0.00027   0.00036
 0.05745   0.00028   0.00037
 0.05800   0.00029   0.00038
 0.05854   0.00030   0.00039
 0.05909   0.00031   0.00040
 0.05965   0.00032   0.00041
 0.06020   0.00033   0.00042
 0.06075   0.00034   0.00043
 0.06131   0.00035   0.00044
 0.06188   0.00036   0.00046
 0.06245   0.00037   0.00047
 0.06302   0.00038   0.00048
 0.06360   0.00039   0.00049
 0.06418   0.00040   0.00050
 0.06476   0.00041   0.00051
 0.06535   0.00042   0.00053
 0.06594   0.00043   0.00054
 0.06653   0.00044   0.00055
 0.06713   0.00045   0.00056
 0.06773   0.00046   0.00058
 0.06833   0.00047   0.00059
 0.06894   0.00048   0.00060
 0.06955   0.00049   0.00062
 0.07017   0.00050   0.00063
 0.07076   0.00051   0.00064
 0.07138   0.00053   0.00066
 0.07200   0.00054   0.00067
 0.07263   0.00055   0.00068
 0.07326   0.00056   0.00070
 0.07390   0.00057   0.00071
 0.07454   0.00059   0.00073
 0.07518   0.00060   0.00074
 0.07583   0.00061   0.00076
 0.07648   0.00062   0.00077
 0.07714   0.00064   0.00079
 0.07779   0.00065   0.00081
 0.07846   0.00066   0.00082
 0.07912   0.00068   0.00084
 0.07979   0.00069   0.00085
 0.08047   0.00070   0.00087
 0.08116   0.00072   0.00089
 0.08184   0.00073   0.00091
 0.08253   0.00075   0.00092
 0.08322   0.00076   0.00094
 0.08391   0.00078   0.00096
 0.08461   0.00079   0.00098
 0.08531   0.00081   0.00099
 0.08602   0.00082   0.00101
 0.08673   0.00084   0.00103
 0.08744   0.00085   0.00105
 0.08816   0.00087   0.00107
 0.08889   0.00088   0.00109
 0.08962   0.00090   0.00111
 0.09035   0.00092   0.00113
 0.09107   0.00093   0.00115
 0.09181   0.00095   0.00117
 0.09256   0.00097   0.00119
 0.09331   0.00099   0.00121
 0.09406   0.00100   0.00123
 0.09482   0.00102   0.00126
 0.09559   0.00104   0.00128
 0.09635   0.00106   0.00130
 0.09713   0.00108   0.00132
 0.09791   0.00110   0.00135
 0.09869   0.00111   0.00137
 0.09948   0.00113   0.00139
 0.10027   0.00115   0.00142
 0.10103   0.00117   0.00144
 0.10183   0.00119   0.00147
 0.10264   0.00121   0.00149
 0.10346   0.00123   0.00152
 0.10427   0.00126   0.00154
 0.10510   0.00128   0.00157
 0.10592   0.00130   0.00159
 0.10676   0.00132   0.00162
 0.10760   0.00134   0.00165
 0.10844   0.00137   0.00167
 0.10929   0.00139   0.00170
 0.11015   0.00141   0.00173
 0.11100   0.00143   0.00176
 0.11186   0.00146   0.00179
 0.11273   0.00148   0.00182
 0.11361   0.00151   0.00185
 0.11449   0.00153   0.00188
 0.11538   0.00156   0.00191
 0.11628   0.00158   0.00194
 0.11718   0.00161   0.00197
 0.11808   0.00163   0.00200
 0.11900   0.00166   0.00204
 0.11991   0.00169   0.00207
 0.12084   0.00171   0.00210
 0.12178   0.00174   0.00214
 0.12271   0.00177   0.00217
 0.12365   0.00180   0.00220
 0.12460   0.00183   0.00224
 0.12556   0.00186   0.00228
 0.12652   0.00189   0.00231
 0.12749   0.00192   0.00235
 0.12846   0.00195   0.00239
 0.12944   0.00198   0.00242
 0.13043   0.00201   0.00246
 0.13138   0.00204   0.00250
 0.13238   0.00207   0.00254
 0.13339   0.00211   0.00258
 0.13440   0.00214   0.00262
 0.13542   0.00217   0.00266
 0.13645   0.00221   0.00270
 0.13748   0.00224   0.00274
 0.13853   0.00228   0.00279
 0.13957   0.00231   0.00283
 0.14063   0.00235   0.00287
 0.14169   0.00238   0.00292
 0.14276   0.00242   0.00296
 0.14384   0.00246   0.00301
 0.14492   0.00250   0.00305
 0.14601   0.00253   0.00310
 0.14711   0.00257   0.00315
 0.14822   0.00261   0.00320
 0.14933   0.00265   0.00325
 0.15045   0.00269   0.00330
 0.15153   0.00273   0.00335
 0.15267   0.00278   0.00340
 0.15381   0.00282   0.00345
 0.15496   0.00286   0.00350
 0.15612   0.00291   0.00355
 0.15729   0.00295   0.00361
 0.15846   0.00299   0.00366
 0.15965   0.00304   0.00372
 0.16084   0.00309   0.00378
 0.16209   0.00314   0.00384
 0.16330   0.00318   0.00389
 0.16451   0.00323   0.00395
 0.16574   0.00328   0.00401
 0.16697   0.00333   0.00407
 0.16821   0.00338   0.00413
 0.16947   0.00343   0.00420
 0.17072   0.00348   0.00426
 0.17199   0.00354   0.00432
 0.17327   0.00359   0.00439
 0.17455   0.00364   0.00445
 0.17585   0.00370   0.00452
 0.17715   0.00375   0.00459
 0.17846   0.00381   0.00466
 0.17979   0.00387   0.00473
 0.18112   0.00392   0.00480
 0.18249   0.00398   0.00487
 0.18384   0.00404   0.00494
 0.18520   0.00410   0.00502
 0.18657   0.00417   0.00509
 0.18794   0.00423   0.00517
 0.18933   0.00429   0.00525
 0.19073   0.00435   0.00532
 0.19211   0.00442   0.00540
 0.19352   0.00448   0.00548
 0.19495   0.00455   0.00556
 0.19639   0.00462   0.00564
 0.19783   0.00469   0.00573
 0.19929   0.00476   0.00581
 0.20076   0.00483   0.00590
 0.20220   0.00490   0.00598
 0.20369   0.00497   0.00607
 0.20519   0.00504   0.00616
 0.20670   0.00512   0.00625
 0.20821   0.00519   0.00635
 0.20974   0.00527   0.00644
 0.21128   0.00535   0.00653
 0.21287   0.00543   0.00663
 0.21444   0.00551   0.00673
 0.21601   0.00559   0.00683
 0.21759   0.00567   0.00693
 0.21919   0.00575   0.00703
 0.22079   0.00584   0.00713
 0.22236   0.00592   0.00723
 0.22399   0.00601   0.00734
 0.22563   0.00610   0.00745
 0.22728   0.00619   0.00756
 0.22894   0.00628   0.00767
 0.23062   0.00637   0.00778
 0.23219   0.00646   0.00789
 0.23389   0.00655   0.00800
 0.23560   0.00665   0.00812
 0.23732   0.00674   0.00823
 0.23905   0.00684   0.00835
 0.24080   0.00694   0.00848
 0.24248   0.00704   0.00859
 0.24425   0.00714   0.00872
 0.24603   0.00725   0.00885
 0.24782   0.00735   0.00897
 0.24963   0.00746   0.00910
 0.25145   0.00757   0.00924
 0.25335   0.00768   0.00938
 0.25519   0.00779   0.00951
 0.25705   0.00791   0.00965
 0.25892   0.00802   0.00979
 0.26081   0.00814   0.00993
 0.26261   0.00825   0.01007
 0.26452   0.00837   0.01021
 0.26644   0.00849   0.01036
 0.26838   0.00861   0.01051
 0.27033   0.00874   0.01066
 0.27226   0.00886   0.01081
 0.27424   0.00899   0.01097
 0.27623   0.00912   0.01112
 0.27824   0.00925   0.01128
 0.28026   0.00939   0.01145
 0.28232   0.00952   0.01161
 0.28437   0.00966   0.01178
 0.28643   0.00980   0.01195
 0.28851   0.00994   0.01212
 0.29061   0.01008   0.01229
 0.29252   0.01021   0.01245
 0.29464   0.01036   0.01263
 0.29678   0.01051   0.01281
 0.29893   0.01066   0.01300
 0.30110   0.01082   0.01318
 0.30322   0.01097   0.01337
 0.30542   0.01112   0.01356
 0.30763   0.01128   0.01375
 0.30987   0.01145   0.01395
 0.31211   0.01161   0.01415
 0.31440   0.01178   0.01435
 0.31668   0.01195   0.01456
 0.31898   0.01212   0.01476
 0.32129   0.01229   0.01497
 0.32360   0.01247   0.01518
 0.32595   0.01265   0.01540
 0.32831   0.01283   0.01562
 0.33069   0.01301   0.01584
 0.33284   0.01318   0.01604
 0.33525   0.01337   0.01627
 0.33768   0.01356   0.01650
 0.34013   0.01375   0.01674
 0.34261   0.01395   0.01698
 0.34510   0.01415   0.01722
 0.34760   0.01435   0.01746
 0.35012   0.01456   0.01771
 0.35268   0.01476   0.01796
 0.35524   0.01498   0.01822
 0.35781   0.01519   0.01848
 0.36041   0.01541   0.01874
 0.36321   0.01564   0.01902
 0.36584   0.01586   0.01929
 0.36849   0.01609   0.01956
 0.37116   0.01632   0.01984
 0.37368   0.01654   0.02010
 0.37639   0.01677   0.02038
 0.37912   0.01701   0.02067
 0.38187   0.01725   0.02096
 0.38483   0.01751   0.02128
 0.38762   0.01776   0.02158
 0.39043   0.01801   0.02188
 0.39354   0.01829   0.02222
 0.39640   0.01855   0.02253
 0.39927   0.01882   0.02285
 0.40217   0.01908   0.02317
 0.40531   0.01938   0.02352
 0.40826   0.01965   0.02385
 0.41122   0.01993   0.02419
 0.41396   0.02019   0.02450
 0.41697   0.02047   0.02484
 0.42000   0.02076   0.02519
 0.42305   0.02106   0.02554
 0.42613   0.02135   0.02590
 0.42922   0.02166   0.02626
 0.43235   0.02196   0.02663
 0.43575   0.02230   0.02703
 0.43892   0.02261   0.02741
 0.44212   0.02293   0.02779
 0.44556   0.02328   0.02821
 0.44881   0.02361   0.02860
 0.45207   0.02394   0.02900
 0.45552   0.02430   0.02943
 0.45884   0.02464   0.02984
 0.46218   0.02498   0.03025
 0.46577   0.02536   0.03070
 0.46917   0.02572   0.03113
 0.47259   0.02608   0.03156
 0.47636   0.02648   0.03204
 0.47984   0.02685   0.03248
 0.48334   0.02723   0.03293
 0.48692   0.02762   0.03340
 0.49048   0.02801   0.03386
 0.49425   0.02842   0.03435
 0.49786   0.02882   0.03483
 0.50150   0.02922   0.03531
 0.50479   0.02959   0.03575
 0.50848   0.03001   0.03624
 0.51220   0.03043   0.03674
 0.51600   0.03086   0.03726
 0.51978   0.03129   0.03777
 0.52359   0.03173   0.03829
 0.52751   0.03218   0.03883
 0.53089   0.03258   0.03930
 0.53397   0.03294   0.03972
 0.53789   0.03340   0.04027
 0.54184   0.03387   0.04082
 0.54548   0.03430   0.04134
 0.54949   0.03478   0.04190
 0.55353   0.03526   0.04248
 0.55783   0.03578   0.04309
 0.56194   0.03628   0.04368
 0.56573   0.03675   0.04423
 0.56990   0.03726   0.04484
 0.57410   0.03778   0.04545
 0.57838   0.03831   0.04607
 0.58264   0.03884   0.04670
 0.58716   0.03941   0.04737
 0.59043   0.03982   0.04786
 0.59370   0.04024   0.04834
 0.59808   0.04080   0.04900
 0.60251   0.04136   0.04967
 0.60691   0.04193   0.05033
 0.61066   0.04241   0.05090
 0.61441   0.04290   0.05147
 0.61896   0.04350   0.05217
 0.62355   0.04410   0.05287
 0.62822   0.04472   0.05359
 0.63288   0.04533   0.05432
 0.63785   0.04600   0.05509
 0.64260   0.04663   0.05583
 0.64721   0.04726   0.05656
 0.65143   0.04783   0.05722
 0.65523   0.04834   0.05782
 0.66011   0.04901   0.05860
 0.66509   0.04969   0.05939
 0.67005   0.05038   0.06019
 0.67555   0.05114   0.06107
 0.67965   0.05171   0.06173
 0.68374   0.05228   0.06239
 0.68947   0.05309   0.06333
 0.69464   0.05382   0.06417
 0.70022   0.05461   0.06508
 0.70599   0.05543   0.06603
 0.71014   0.05602   0.06671
 0.71428   0.05662   0.06740
 0.71965   0.05739   0.06829
 0.72507   0.05818   0.06919
 0.73010   0.05891   0.07003
 0.73512   0.05964   0.07087
 0.73946   0.06028   0.07160
 0.74381   0.06092   0.07233
 0.74877   0.06165   0.07316
 0.75373   0.06239   0.07400
 0.76025   0.06336   0.07511
 0.76607   0.06423   0.07610
 0.77070   0.06492   0.07689
 0.77532   0.06562   0.07768
 0.77973   0.06628   0.07843
 0.78414   0.06695   0.07919
 0.79100   0.06799   0.08036
 0.79736   0.06896   0.08146
 0.80345   0.06990   0.08251
 0.80948   0.07082   0.08355
 0.81568   0.07178   0.08463
 0.82083   0.07258   0.08552
 0.82598   0.07338   0.08642
 0.83013   0.07402   0.08714
 0.83428   0.07467   0.08786
 0.83884   0.07538   0.08866
 0.84340   0.07610   0.08946
 0.84891   0.07697   0.09042
 0.85546   0.07800   0.09156
 0.86005   0.07872   0.09237
 0.86464   0.07945   0.09317
 0.86948   0.08022   0.09402
 0.87432   0.08099   0.09487
 0.87962   0.08183   0.09580
 0.88492   0.08268   0.09673
 0.89016   0.08352   0.09766
 0.89540   0.08436   0.09858
 0.90013   0.08512   0.09941
 0.90486   0.08588   0.10024
 0.91006   0.08672   0.10116
 0.91526   0.08757   0.10207
 0.91979   0.08830   0.10287
 0.92431   0.08903   0.10366
 0.92904   0.08980   0.10449
 0.93376   0.09057   0.10532
 0.93959   0.09152   0.10635
 0.94700   0.09273   0.10765
 0.95502   0.09404   0.10906
 0.95991   0.09484   0.10992
 0.96480   0.09564   0.11077
 0.97095   0.09665   0.11185
 0.97706   0.09766   0.11292
 0.98484   0.09894   0.11427
 0.99004   0.09980   0.11518
 0.99523   0.10065   0.11608
 1.00005   0.10145   0.11692
 1.00486   0.10225   0.11776
 1.01090   0.10325   0.11880
 1.01652   0.10418   0.11977
 1.02470   0.10553   0.12119
 1.02942   0.10631   0.12200
 1.03415   0.10710   0.12281
 1.03882   0.10788   0.12361
 1.04350   0.10865   0.12441
 1.04893   0.10955   0.12534
 1.05745   0.11097   0.12679
 1.06875   0.11285   0.12870
 1.07971   0.11467   0.13055
 1.08959   0.11631   0.13220
 1.09888   0.11786   0.13374
 1.10863   0.11948   0.13536
 1.12018   0.12140   0.13725
 1.12709   0.12254   0.13838
 1.13399   0.12369   0.13950
 1.13867   0.12446   0.14025
 1.14335   0.12524   0.14101
 1.14863   0.12611   0.14185
 1.15828   0.12771   0.14339
 1.16884   0.12945   0.14506
 1.17941   0.13119   0.14671
 1.18692   0.13242   0.14787
 1.19442   0.13365   0.14902
 1.20007   0.13458   0.14989
 1.20571   0.13550   0.15074
 1.21607   0.13719   0.15230
 1.22704   0.13898   0.15393
 1.23933   0.14097   0.15573
 1.24641   0.14212   0.15675
 1.25349   0.14326   0.15777
 1.25876   0.14410   0.15852
 1.26403   0.14495   0.15926
 1.26993   0.14589   0.16009
 1.27643   0.14693   0.16099
 1.28294   0.14797   0.16189
 1.28916   0.14896   0.16273
 1.29653   0.15013   0.16373
 1.30389   0.15129   0.16471
 1.30964   0.15220   0.16546
 1.31539   0.15310   0.16621
 1.32018   0.15385   0.16683
 1.32491   0.15459   0.16744
 1.33694   0.15646   0.16896
 1.34550   0.15778   0.17002
 1.35086   0.15861   0.17067
 1.35621   0.15943   0.17132
 1.36617   0.16095   0.17251
 1.37613   0.16246   0.17367
 1.38627   0.16399   0.17482
 1.39641   0.16551   0.17595
 1.40669   0.16704   0.17707
 1.41630   0.16846   0.17809
 1.42533   0.16979   0.17902
 1.43675   0.17145   0.18017
 1.44597   0.17279   0.18107
 1.45494   0.17407   0.18193
 1.45925   0.17469   0.18233
 1.46357   0.17530   0.18273
 1.46913   0.17609   0.18323
 1.47767   0.17729   0.18399
 1.48620   0.17848   0.18472
 1.49389   0.17955   0.18536
 1.49955   0.18033   0.18582
 1.50522   0.18111   0.18627
 1.50957   0.18170   0.18661
 1.51393   0.18229   0.18695
 1.52020   0.18314   0.18742
 1.52599   0.18392   0.18784
 1.53383   0.18496   0.18840
 1.53915   0.18567   0.18877
 1.54448   0.18637   0.18912
 1.54978   0.18706   0.18947
 1.55508   0.18775   0.18981
 1.55961   0.18834   0.19009
 1.56414   0.18892   0.19036
 1.56878   0.18951   0.19064
 1.57343   0.19011   0.19090
 1.57877   0.19078   0.19120
 1.58907   0.19208   0.19175
 1.59930   0.19335   0.19226
 1.61008   0.19466   0.19275
 1.61980   0.19584   0.19317
 1.62710   0.19671   0.19346
 1.63440   0.19757   0.19372
 1.64005   0.19824   0.19392
 1.64570   0.19889   0.19410
 1.65666   0.20015   0.19443
 1.66548   0.20115   0.19466
 1.67430   0.20214   0.19486
 1.67914   0.20267   0.19496
 1.68399   0.20321   0.19505
 1.68993   0.20385   0.19514
 1.69685   0.20460   0.19524
 1.70377   0.20534   0.19532
 1.71004   0.20600   0.19538
 1.71630   0.20665   0.19542
 1.72630   0.20768   0.19546
 1.73610   0.20867   0.19545
 1.74611   0.20967   0.19541
 1.75691   0.21072   0.19533
 1.76529   0.21152   0.19523
 1.77014   0.21198   0.19516
 1.77500   0.21244   0.19508
 1.78826   0.21366   0.19482
 1.79707   0.21445   0.19461
 1.80537   0.21518   0.19439
 1.80977   0.21556   0.19425
 1.81418   0.21594   0.19411
 1.82008   0.21645   0.19392
 1.82599   0.21694   0.19370
 1.83578   0.21775   0.19332
 1.84558   0.21854   0.19290
 1.85593   0.21936   0.19241
 1.86628   0.22015   0.19188
 1.87565   0.22085   0.19136
 1.88502   0.22153   0.19081
 1.88974   0.22187   0.19052
 1.89446   0.22220   0.19022
 1.90005   0.22259   0.18985
 1.90564   0.22297   0.18947
 1.91608   0.22367   0.18872
 1.92652   0.22434   0.18793
 1.93555   0.22491   0.18722
 1.94458   0.22546   0.18646
 1.94980   0.22577   0.18601
 1.95501   0.22607   0.18555
 1.95935   0.22632   0.18516
 1.96368   0.22656   0.18476
 1.96939   0.22688   0.18423
 1.97877   0.22738   0.18332
 1.98815   0.22787   0.18237
 1.99746   0.22833   0.18139
 2.00495   0.22869   0.18058
 2.00919   0.22889   0.18012
 2.01343   0.22909   0.17964
 2.01727   0.22926   0.17920
 2.03815   0.23015   0.17672
 2.05918   0.23095   0.17404
 2.08017   0.23166   0.17118
 2.10114   0.23228   0.16816
 2.10810   0.23246   0.16711
 2.11234   0.23257   0.16647
 2.11658   0.23267   0.16582
 2.13743   0.23312   0.16251
 2.15842   0.23348   0.15900
 2.17942   0.23374   0.15532
 2.20043   0.23392   0.15147
 2.20446   0.23394   0.15071
 2.20849   0.23396   0.14995
 2.21250   0.23398   0.14918
 2.21612   0.23399   0.14848
 2.23711   0.23400   0.14435
 2.25822   0.23392   0.14002
 2.27937   0.23374   0.13552
 2.30055   0.23347   0.13085
 2.30576   0.23339   0.12967
 2.30878   0.23334   0.12899
 2.31179   0.23329   0.12830
 2.31551   0.23323   0.12745
 2.33670   0.23280   0.12251
 2.35801   0.23228   0.11739
 2.37935   0.23166   0.11211
 2.40072   0.23095   0.10667
 2.40567   0.23078   0.10539
 2.40822   0.23069   0.10473
 2.40973   0.23063   0.10434
 2.41123   0.23057   0.10395
 2.41303   0.23051   0.10347
 2.43105   0.22980   0.09871
 2.45253   0.22887   0.09290
 2.47404   0.22785   0.08694
 2.49558   0.22674   0.08084
 2.50254   0.22636   0.07885
 2.50950   0.22597   0.07684
 2.51270   0.22579   0.07591
 2.51560   0.22563   0.07506
 2.53715   0.22435   0.06872
 2.55879   0.22298   0.06223
 2.58044   0.22153   0.05563
 2.60209   0.21999   0.04891
 2.60620   0.21969   0.04763
 2.60849   0.21952   0.04691
 2.61030   0.21939   0.04634
 2.61210   0.21926   0.04577
 2.63016   0.21788   0.04005
 2.65184   0.21616   0.03310
 2.67352   0.21436   0.02605
 2.69519   0.21249   0.01893
 2.70193   0.21189   0.01669
 2.70867   0.21128   0.01445
 2.71170   0.21101   0.01344
 2.71473   0.21073   0.01243
 2.73630   0.20873   0.00519
 2.75793   0.20665  -0.00213
 2.77952   0.20450  -0.00951
 2.80107   0.20229  -0.01692
 2.80620   0.20176  -0.01869
 2.80888   0.20148  -0.01962
 2.81156   0.20120  -0.02055
 2.81592   0.20073  -0.02206
 2.83730   0.19844  -0.02949
 2.85873   0.19607  -0.03697
 2.88008   0.19366  -0.04446
 2.90135   0.19120  -0.05194
 2.90561   0.19070  -0.05344
 2.90986   0.19020  -0.05494
 2.91800   0.18924  -0.05781
 2.92547   0.18834  -0.06045
 2.94647   0.18580  -0.06787
 2.96747   0.18321  -0.07529
 2.98835   0.18059  -0.08266
 3.00911   0.17794  -0.08999
 3.01134   0.17765  -0.09077
 3.01357   0.17737  -0.09156
 3.03403   0.17470  -0.09876
 3.05451   0.17200  -0.10594
 3.07484   0.16928  -0.11305
 3.09500   0.16655  -0.12007
 3.10061   0.16578  -0.12201
 3.10622   0.16501  -0.12395
 3.10843   0.16471  -0.12472
 3.10995   0.16450  -0.12524
 3.11147   0.16429  -0.12577
 3.11372   0.16398  -0.12654
 3.13337   0.16126  -0.13331
 3.15303   0.15851  -0.14003
 3.17249   0.15576  -0.14663
 3.19173   0.15301  -0.15311
 3.19736   0.15221  -0.15499
 3.20298   0.15140  -0.15687
 3.20585   0.15099  -0.15782
 3.20873   0.15057  -0.15878
 3.20989   0.15040  -0.15917
 3.21105   0.15024  -0.15955
 3.21253   0.15002  -0.16004
 3.22728   0.14789  -0.16492
 3.24581   0.14519  -0.17098
 3.26414   0.14250  -0.17692
 3.28220   0.13984  -0.18271
 3.29997   0.13721  -0.18833
 3.30531   0.13642  -0.19001
 3.30735   0.13611  -0.19065
 3.30940   0.13581  -0.19128
 3.31093   0.13558  -0.19176
 3.31246   0.13535  -0.19224
 3.32779   0.13306  -0.19699
 3.34471   0.13053  -0.20216
 3.36130   0.12804  -0.20717
 3.37751   0.12559  -0.21199
 3.39330   0.12321  -0.21662
 3.40864   0.12088  -0.22105
 3.40963   0.12074  -0.22133
 3.41061   0.12059  -0.22161
 3.41164   0.12043  -0.22191
 3.42195   0.11887  -0.22484
 3.43611   0.11672  -0.22881
 3.44983   0.11463  -0.23260
 3.46281   0.11266  -0.23613
 3.47363   0.11101  -0.23903
 3.48263   0.10964  -0.24142
 3.49164   0.10827  -0.24378
 3.50145   0.10677  -0.24632
 3.50397   0.10639  -0.24697
 3.50649   0.10600  -0.24761
 3.50978   0.10550  -0.24845
 3.51040   0.10541  -0.24861
 3.51100   0.10531  -0.24876
 3.51701   0.10440  -0.25028
 3.52948   0.10250  -0.25339
 3.54270   0.10049  -0.25664
 3.55658   0.09837  -0.25997
 3.57102   0.09618  -0.26337
 3.58597   0.09391  -0.26680
 3.60139   0.09157  -0.27025
 3.60652   0.09079  -0.27138
 3.60875   0.09045  -0.27187
 3.61000   0.09026  -0.27214
 3.61125   0.09007  -0.27241
 3.62377   0.08818  -0.27510
 3.64016   0.08570  -0.27852
 3.65691   0.08318  -0.28190
 3.67399   0.08062  -0.28524
 3.69137   0.07801  -0.28850
 3.70901   0.07538  -0.29169
 3.71141   0.07502  -0.29211
 3.71380   0.07467  -0.29253
 3.73166   0.07202  -0.29558
 3.74972   0.06935  -0.29852
 3.76776   0.06669  -0.30131
 3.78546   0.06410  -0.30390
 3.79951   0.06206  -0.30586
 3.80253   0.06162  -0.30627
 3.80556   0.06118  -0.30668
 3.80957   0.06060  -0.30721
 3.80996   0.06054  -0.30726
 3.81035   0.06048  -0.30731
 3.81085   0.06041  -0.30738
 3.81587   0.05968  -0.30803
 3.83150   0.05743  -0.30998
 3.84872   0.05496  -0.31200
 3.86690   0.05237  -0.31398
 3.88574   0.04970  -0.31586
 3.90505   0.04699  -0.31761
 3.90799   0.04657  -0.31787
 3.90980   0.04632  -0.31802
 3.91160   0.04607  -0.31817
 3.91351   0.04580  -0.31832
 3.93254   0.04316  -0.31979
 3.95268   0.04039  -0.32115
 3.97308   0.03760  -0.32233
 3.99373   0.03481  -0.32331
 3.99993   0.03398  -0.32356
 4.00612   0.03315  -0.32379
 4.00930   0.03273  -0.32390
 4.01157   0.03242  -0.32398
 4.01362   0.03215  -0.32404
 4.03412   0.02944  -0.32460
 4.05539   0.02665  -0.32495
 4.07684   0.02387  -0.32506
 4.09847   0.02111  -0.32495
 4.10726   0.02000  -0.32483
 4.10956   0.01971  -0.32480
 4.11187   0.01941  -0.32476
 4.11430   0.01911  -0.32471
 4.13621   0.01637  -0.32418
 4.15823   0.01365  -0.32339
 4.18037   0.01096  -0.32235
 4.20262   0.00830  -0.32106
 4.20717   0.00776  -0.32076
 4.20930   0.00750  -0.32062
 4.21143   0.00725  -0.32047
 4.21379   0.00697  -0.32031
 4.23614   0.00436  -0.31863
 4.25855   0.00178  -0.31670
 4.28100  -0.00077  -0.31451
 4.30346  -0.00327  -0.31207
 4.30861  -0.00384  -0.31147
 4.31272  -0.00429  -0.31099
 4.31650  -0.00470  -0.31053
 4.33888  -0.00713  -0.30771
 4.36128  -0.00951  -0.30464
 4.38362  -0.01185  -0.30133
 4.40589  -0.01413  -0.29780
 4.40969  -0.01452  -0.29717
 4.41349  -0.01490  -0.29654
 4.41806  -0.01536  -0.29577
 4.44006  -0.01755  -0.29192
 4.46205  -0.01969  -0.28785
 4.48392  -0.02179  -0.28359
 4.50564  -0.02382  -0.27914
 4.50893  -0.02412  -0.27845
 4.51221  -0.02443  -0.27775
 4.51578  -0.02476  -0.27699
 4.53713  -0.02669  -0.27232
 4.55845  -0.02859  -0.26745
 4.57960  -0.03043  -0.26244
 4.60057  -0.03222  -0.25728
 4.60823  -0.03286  -0.25535
 4.61359  -0.03331  -0.25398
 4.61867  -0.03373  -0.25268
 4.63912  -0.03540  -0.24733
 4.65953  -0.03703  -0.24182
 4.67973  -0.03861  -0.23621
 4.69972  -0.04014  -0.23051
 4.70585  -0.04060  -0.22873
 4.70958  -0.04088  -0.22764
 4.71331  -0.04116  -0.22655
 4.71830  -0.04153  -0.22508
 4.73768  -0.04294  -0.21928
 4.75700  -0.04432  -0.21337
 4.77609  -0.04566  -0.20741
 4.79493  -0.04694  -0.20140
 4.80475  -0.04760  -0.19823
 4.80905  -0.04788  -0.19683
 4.81335  -0.04817  -0.19542
 4.81838  -0.04850  -0.19377
 4.83642  -0.04967  -0.18778
 4.85439  -0.05080  -0.18172
 4.87206  -0.05189  -0.17566
 4.88943  -0.05294  -0.16963
 4.90646  -0.05394  -0.16363
 4.91593  -0.05449  -0.16027
 4.92539  -0.05503  -0.15688
 4.94148  -0.05593  -0.15106
 4.95733  -0.05680  -0.14527
 4.97275  -0.05763  -0.13959
 4.98767  -0.05841  -0.13403
 5.00204  -0.05915  -0.12864
 5.00956  -0.05953  -0.12580
 5.01708  -0.05991  -0.12295
 5.02743  -0.06042  -0.11900
 5.03936  -0.06100  -0.11443
 5.04811  -0.06142  -0.11106
 5.05686  -0.06183  -0.10768
 5.06689  -0.06229  -0.10378
 5.07824  -0.06281  -0.09936
 5.09059  -0.06336  -0.09451
 5.10376  -0.06394  -0.08932
 5.11762  -0.06454  -0.08383
 5.13174  -0.06513  -0.07821
 5.14676  -0.06575  -0.07221
 5.16228  -0.06637  -0.06597
 5.17827  -0.06699  -0.05952
 5.19468  -0.06761  -0.05287
 5.20415  -0.06796  -0.04903
 5.21012  -0.06818  -0.04660
 5.21608  -0.06840  -0.04416
 5.23341  -0.06901  -0.03709
 5.25105  -0.06961  -0.02986
 5.26902  -0.07021  -0.02248
 5.28730  -0.07080  -0.01496
 5.30587  -0.07138  -0.00731
 5.31633  -0.07169  -0.00300
 5.32679  -0.07200   0.00132
 5.34590  -0.07255   0.00920
 5.36520  -0.07308   0.01717
 5.38466  -0.07360   0.02520
 5.40425  -0.07410   0.03327
 5.41652  -0.07441   0.03832
 5.42771  -0.07468   0.04292
 5.44725  -0.07514   0.05093
 5.46673  -0.07557   0.05889
 5.48596  -0.07599   0.06673
 5.50477  -0.07637   0.07436
 5.51596  -0.07660   0.07889
 5.52611  -0.07679   0.08298
 5.54265  -0.07710   0.08963
 5.55614  -0.07735   0.09502
 5.56963  -0.07759   0.10039
 5.58295  -0.07781   0.10568
 5.59828  -0.07807   0.11173
 5.60692  -0.07820   0.11512
 5.61464  -0.07832   0.11814
 5.62235  -0.07844   0.12115
 5.64059  -0.07871   0.12823
 5.65962  -0.07898   0.13556
 5.67929  -0.07925   0.14306
 5.69946  -0.07950   0.15067
 5.70523  -0.07957   0.15284
 5.71100  -0.07964   0.15500
 5.71657  -0.07971   0.15707
 5.73737  -0.07995   0.16476
 5.75843  -0.08017   0.17245
 5.77966  -0.08039   0.18009
 5.80100  -0.08059   0.18766
 5.82240  -0.08078   0.19514
 5.84345  -0.08095   0.20238
 5.86485  -0.08111   0.20961
 5.88620  -0.08126   0.21670
 5.90748  -0.08140   0.22363
 5.91339  -0.08144   0.22554
 5.91930  -0.08148   0.22743
 5.94030  -0.08160   0.23406
 5.96130  -0.08171   0.24055
 5.98216  -0.08181   0.24686
 6.00287  -0.08191   0.25298
 6.00854  -0.08193   0.25462
 6.01261  -0.08195   0.25580
 6.01668  -0.08196   0.25697
 6.03695  -0.08204   0.26273
 6.05721  -0.08211   0.26833
 6.07728  -0.08217   0.27374
 6.09716  -0.08223   0.27896
 6.10509  -0.08225   0.28099
 6.10981  -0.08226   0.28219
 6.11452  -0.08227   0.28339
 6.12014  -0.08229   0.28480
 6.13940  -0.08233   0.28954
 6.15861  -0.08236   0.29413
 6.17759  -0.08239   0.29853
 6.19633  -0.08242   0.30273
 6.20300  -0.08243   0.30419
 6.20968  -0.08244   0.30563
 6.21758  -0.08244   0.30732
 6.22471  -0.08245   0.30882
 6.24261  -0.08247   0.31249
 6.26039  -0.08248   0.31602
 6.27788  -0.08249   0.31936
 6.29505  -0.08249   0.32251
 6.30000  -0.08249   0.32339
 6.30495  -0.08250   0.32427
 6.30815  -0.08250   0.32483
 6.30983  -0.08250   0.32512
 6.31151  -0.08250   0.32541
 6.31359  -0.08250   0.32577
 6.32964  -0.08250   0.32848
 6.34565  -0.08250   0.33108
 6.36123  -0.08249   0.33350
 6.37631  -0.08249   0.33574
 6.39085  -0.08248   0.33781
 6.40475  -0.08247   0.33970
 6.40698  -0.08247   0.34000
 6.40922  -0.08247   0.34029
 6.41096  -0.08247   0.34052
 6.41267  -0.08247   0.34074
 6.42433  -0.08246   0.34222
 6.43428  -0.08245   0.34344
 6.44422  -0.08245   0.34462
 6.45385  -0.08244   0.34571
 6.46497  -0.08243   0.34693
 6.47718  -0.08242   0.34820
 6.49026  -0.08241   0.34948
 6.50409  -0.08239   0.35076
 6.50764  -0.08239   0.35108
 6.50974  -0.08238   0.35126
 6.51185  -0.08238   0.35144
 6.51395  -0.08238   0.35162
 6.52884  -0.08236   0.35284
 6.54425  -0.08235   0.35400
 6.56016  -0.08233   0.35508
 6.57652  -0.08230   0.35607
 6.59332  -0.08228   0.35697
 6.60020  -0.08227   0.35730
 6.60709  -0.08226   0.35762
 6.60957  -0.08226   0.35772
 6.61206  -0.08226   0.35783
 6.61464  -0.08225   0.35793
 6.63235  -0.08223   0.35857
 6.65038  -0.08220   0.35909
 6.66876  -0.08217   0.35946
 6.68747  -0.08214   0.35968
 6.70651  -0.08211   0.35975
 6.70957  -0.08211   0.35975
 6.71263  -0.08210   0.35974
 6.71597  -0.08210   0.35973
 6.73551  -0.08207   0.35955
 6.75530  -0.08203   0.35920
 6.77537  -0.08200   0.35868
 6.79572  -0.08197   0.35796
 6.80399  -0.08195   0.35762
 6.80864  -0.08195   0.35741
 6.81262  -0.08194   0.35723
 6.81652  -0.08193   0.35704
 6.83746  -0.08190   0.35593
 6.85859  -0.08186   0.35462
 6.87996  -0.08182   0.35311
 6.90157  -0.08179   0.35138
 6.90856  -0.08177   0.35077
 6.91288  -0.08177   0.35039
 6.91712  -0.08176   0.35001
 6.93916  -0.08172   0.34790
 6.96135  -0.08168   0.34558
 6.98373  -0.08164   0.34303
 7.00630  -0.08160   0.34026
 7.01426  -0.08159   0.33923
 7.02170  -0.08157   0.33825
 7.04458  -0.08153   0.33510
 7.06758  -0.08149   0.33172
 7.09072  -0.08145   0.32812
 7.10489  -0.08142   0.32582
 7.10957  -0.08142   0.32504
 7.11424  -0.08141   0.32426
 7.11994  -0.08140   0.32329
 7.14334  -0.08135   0.31919
 7.16682  -0.08131   0.31488
 7.19036  -0.08127   0.31036
 7.20872  -0.08123   0.30669
 7.21614  -0.08122   0.30518
 7.22294  -0.08120   0.30378
 7.24657  -0.08116   0.29878
 7.27024  -0.08111   0.29359
 7.29392  -0.08106   0.28822
 7.30464  -0.08104   0.28572
 7.30861  -0.08103   0.28479
 7.31257  -0.08103   0.28386
 7.31730  -0.08102   0.28273
 7.34089  -0.08097   0.27703
 7.36450  -0.08092   0.27115
 7.38806  -0.08086   0.26512
 7.39802  -0.08084   0.26253
 7.40797  -0.08082   0.25991
 7.41428  -0.08080   0.25823
 7.42014  -0.08079   0.25666
 7.44346  -0.08074   0.25033
 7.46679  -0.08068   0.24385
 7.49002  -0.08062   0.23726
 7.50007  -0.08060   0.23436
 7.50853  -0.08058   0.23191
 7.51599  -0.08056   0.22973
 7.52276  -0.08054   0.22774
 7.54563  -0.08048   0.22094
 7.56848  -0.08042   0.21402
 7.59121  -0.08035   0.20703
 7.60848  -0.08030   0.20164
 7.61514  -0.08028   0.19954
 7.62121  -0.08026   0.19763
 7.64346  -0.08019   0.19053
 7.66570  -0.08012   0.18335
 7.68777  -0.08005   0.17613
 7.70967  -0.07998   0.16888
 7.72915  -0.07991   0.16237
 7.74755  -0.07984   0.15616
 7.76887  -0.07976   0.14890
 7.79001  -0.07968   0.14163
 7.79963  -0.07964   0.13831
 7.80924  -0.07960   0.13497
 7.81997  -0.07956   0.13123
 7.82981  -0.07952   0.12779
 7.85007  -0.07944   0.12067
 7.87020  -0.07935   0.11354
 7.89003  -0.07926   0.10648
 7.90952  -0.07917   0.09950
 7.92399  -0.07910   0.09430
 7.93731  -0.07904   0.08950
 7.95569  -0.07894   0.08284
 7.97374  -0.07885   0.07628
 7.99126  -0.07876   0.06989
 8.00816  -0.07867   0.06371
 8.01326  -0.07864   0.06184
 8.01836  -0.07861   0.05997
 8.03332  -0.07853   0.05448
 8.04793  -0.07845   0.04910
 8.05885  -0.07839   0.04508
 8.06976  -0.07832   0.04106
 8.08174  -0.07825   0.03664
 8.09536  -0.07817   0.03160
 8.10422  -0.07811   0.02833
 8.10962  -0.07808   0.02633
 8.11503  -0.07804   0.02433
 8.12113  -0.07801   0.02207
 8.13773  -0.07790   0.01592
 8.15512  -0.07779   0.00948
 8.17326  -0.07766   0.00276
 8.19210  -0.07753  -0.00422
 8.19953  -0.07748  -0.00697
 8.20696  -0.07743  -0.00973
 8.21398  -0.07738  -0.01233
 8.22101  -0.07733  -0.01493
 8.24143  -0.07718  -0.02248
 8.26235  -0.07702  -0.03020
 8.28379  -0.07686  -0.03810
 8.30571  -0.07668  -0.04616
 8.30976  -0.07665  -0.04765
 8.31382  -0.07662  -0.04914
 8.31891  -0.07658  -0.05100
 8.34162  -0.07639  -0.05932
 8.36466  -0.07619  -0.06771
 8.38804  -0.07599  -0.07620
 8.39625  -0.07592  -0.07917
 8.40445  -0.07584  -0.08214
 8.40856  -0.07581  -0.08362
 8.41267  -0.07577  -0.08510
 8.41671  -0.07573  -0.08656
 8.44077  -0.07551  -0.09520
 8.46499  -0.07528  -0.10384
 8.48938  -0.07505  -0.11249
 8.50078  -0.07493  -0.11651
 8.50641  -0.07488  -0.11849
 8.50913  -0.07485  -0.11945
 8.51186  -0.07482  -0.12041
 8.51477  -0.07479  -0.12143
 8.53937  -0.07454  -0.13003
 8.56405  -0.07428  -0.13858
 8.58878  -0.07402  -0.14708
 8.59781  -0.07392  -0.15016
 8.60684  -0.07382  -0.15323
 8.61407  -0.07374  -0.15568
 8.62129  -0.07366  -0.15813
 8.64605  -0.07339  -0.16645
 8.67084  -0.07310  -0.17469
 8.69564  -0.07281  -0.18285
 8.70581  -0.07269  -0.18617
 8.71598  -0.07256  -0.18947
 8.72615  -0.07244  -0.19276
 8.75099  -0.07214  -0.20071
 8.77589  -0.07182  -0.20859
 8.80083  -0.07150  -0.21637
 8.80683  -0.07143  -0.21823
 8.80935  -0.07139  -0.21901
 8.81188  -0.07136  -0.21978
 8.81470  -0.07132  -0.22065
 8.83967  -0.07099  -0.22827
 8.86472  -0.07066  -0.23581
 8.88984  -0.07032  -0.24325
 8.89875  -0.07019  -0.24586
 8.90767  -0.07007  -0.24846
 8.91368  -0.06998  -0.25020
 8.91969  -0.06990  -0.25193
 8.94487  -0.06954  -0.25912
 8.97017  -0.06918  -0.26622
 8.99553  -0.06881  -0.27321
 9.00654  -0.06864  -0.27621
 9.00981  -0.06860  -0.27709
 9.01307  -0.06855  -0.27797
 9.01766  -0.06848  -0.27920
 9.04302  -0.06810  -0.28594
 9.06851  -0.06771  -0.29258
 9.09402  -0.06731  -0.29908
 9.10451  -0.06715  -0.30172
 9.10882  -0.06708  -0.30279
 9.11314  -0.06701  -0.30387
 9.11719  -0.06695  -0.30487
 9.14258  -0.06654  -0.31108
 9.16809  -0.06613  -0.31717
 9.19356  -0.06571  -0.32311
 9.20382  -0.06555  -0.32546
 9.21002  -0.06544  -0.32687
 9.21622  -0.06534  -0.32827
 9.24139  -0.06492  -0.33386
 9.26661  -0.06449  -0.33932
 9.29170  -0.06406  -0.34461
 9.30100  -0.06390  -0.34654
 9.30672  -0.06381  -0.34771
 9.30995  -0.06375  -0.34837
 9.31318  -0.06369  -0.34903
 9.31902  -0.06359  -0.35021
 9.34348  -0.06316  -0.35507
 9.36795  -0.06273  -0.35979
 9.39215  -0.06230  -0.36432
 9.40068  -0.06215  -0.36589
 9.40921  -0.06200  -0.36744
 9.41444  -0.06190  -0.36838
 9.41915  -0.06182  -0.36922
 9.44229  -0.06140  -0.37328
 9.46538  -0.06098  -0.37721
 9.48804  -0.06056  -0.38094
 9.49881  -0.06036  -0.38267
 9.50958  -0.06016  -0.38437
 9.51495  -0.06006  -0.38521
 9.51983  -0.05997  -0.38597
 9.54058  -0.05958  -0.38912
 9.56120  -0.05919  -0.39216
 9.58104  -0.05882  -0.39498
 9.59993  -0.05846  -0.39759
 9.60557  -0.05835  -0.39835
 9.60785  -0.05831  -0.39865
 9.60919  -0.05828  -0.39883
 9.61001  -0.05827  -0.39894
 9.61083  -0.05825  -0.39905
 9.61906  -0.05809  -0.40014
 9.63391  -0.05781  -0.40206
 9.64735  -0.05755  -0.40376
 9.66155  -0.05728  -0.40550
 9.67767  -0.05696  -0.40743
 9.69524  -0.05662  -0.40945
 9.70114  -0.05651  -0.41012
 9.70705  -0.05639  -0.41078
 9.70914  -0.05635  -0.41101
 9.71123  -0.05631  -0.41124
 9.71446  -0.05625  -0.41159
 9.73427  -0.05586  -0.41371
 9.75496  -0.05545  -0.41582
 9.77644  -0.05503  -0.41791
 9.79866  -0.05459  -0.41996
 9.80954  -0.05437  -0.42093
 9.81683  -0.05423  -0.42156
 9.82352  -0.05409  -0.42212
 9.84710  -0.05362  -0.42405
 9.87123  -0.05314  -0.42589
 9.89591  -0.05264  -0.42764
 9.90698  -0.05242  -0.42838
 9.91398  -0.05228  -0.42884
 9.92099  -0.05214  -0.42928
 9.94668  -0.05162  -0.43082
 9.97278  -0.05109  -0.43224
 9.99931  -0.05055  -0.43353
 10.00776  -0.05038  -0.43391
 10.01414  -0.05025  -0.43419
 10.02000  -0.05013  -0.43444
 10.04724  -0.04958  -0.43550
 10.07480  -0.04902  -0.43641
 10.10269  -0.04845  -0.43718
 10.10818  -0.04834  -0.43731
 10.11367  -0.04823  -0.43744
 10.11903  -0.04812  -0.43756
 10.14740  -0.04754  -0.43809
 10.17602  -0.04695  -0.43847
 10.20488  -0.04636  -0.43869
 10.20963  -0.04627  -0.43871
 10.21437  -0.04617  -0.43872
 10.22070  -0.04604  -0.43874
 10.24987  -0.04545  -0.43872
 10.27922  -0.04485  -0.43853
 10.30872  -0.04425  -0.43820
 10.31989  -0.04402  -0.43803
 10.33011  -0.04381  -0.43785
 10.35977  -0.04321  -0.43725
 10.38955  -0.04261  -0.43649
 10.40313  -0.04234  -0.43609
 10.40839  -0.04223  -0.43593
 10.41365  -0.04212  -0.43576
 10.41927  -0.04201  -0.43558
 10.44908  -0.04141  -0.43453
 10.47898  -0.04081  -0.43333
 10.50888  -0.04021  -0.43199
 10.52699  -0.03985  -0.43112
 10.54353  -0.03952  -0.43027
 10.57330  -0.03893  -0.42866
 10.60308  -0.03834  -0.42691
 10.62074  -0.03800  -0.42582
 10.63690  -0.03768  -0.42478
 10.66644  -0.03710  -0.42279
 10.69595  -0.03653  -0.42069
 10.70804  -0.03630  -0.41980
 10.72013  -0.03606  -0.41889
 10.73164  -0.03584  -0.41801
 10.76078  -0.03528  -0.41570
 10.78991  -0.03473  -0.41329
 10.80516  -0.03444  -0.41199
 10.81766  -0.03420  -0.41091
 10.83017  -0.03396  -0.40981
 10.85880  -0.03343  -0.40722
 10.88741  -0.03289  -0.40455
 10.90208  -0.03262  -0.40315
 10.90991  -0.03248  -0.40239
 10.91774  -0.03233  -0.40163
 10.93388  -0.03204  -0.40004
 10.96189  -0.03152  -0.39722
 10.98982  -0.03102  -0.39433
 11.00546  -0.03073  -0.39269
 11.01886  -0.03049  -0.39126
 11.03194  -0.03026  -0.38986
 11.05913  -0.02978  -0.38689
 11.08625  -0.02930  -0.38387
 11.10037  -0.02905  -0.38228
 11.11023  -0.02888  -0.38116
 11.12009  -0.02871  -0.38003
 11.14634  -0.02825  -0.37699
 11.17251  -0.02780  -0.37392
 11.19834  -0.02736  -0.37084
 11.20993  -0.02717  -0.36944
 11.22152  -0.02697  -0.36804
 11.24531  -0.02657  -0.36514
 11.26993  -0.02617  -0.36210
 11.29406  -0.02577  -0.35909
 11.30798  -0.02554  -0.35734
 11.32190  -0.02531  -0.35558
 11.33815  -0.02505  -0.35351
 11.36019  -0.02470  -0.35069
 11.38165  -0.02436  -0.34793
 11.40215  -0.02403  -0.34527
 11.42150  -0.02373  -0.34274
 11.43907  -0.02346  -0.34044
 11.45209  -0.02326  -0.33872
 11.46448  -0.02307  -0.33708
 11.47946  -0.02284  -0.33510
 11.49629  -0.02258  -0.33286
 11.51024  -0.02237  -0.33100
 11.52419  -0.02216  -0.32913
 11.54390  -0.02187  -0.32648
 11.56444  -0.02157  -0.32371
 11.58563  -0.02126  -0.32085
 11.60739  -0.02094  -0.31790
 11.62961  -0.02062  -0.31487
 11.65194  -0.02030  -0.31183
 11.67487  -0.01998  -0.30869
 11.69807  -0.01966  -0.30552
 11.71054  -0.01949  -0.30381
 11.72209  -0.01933  -0.30222
 11.74560  -0.01901  -0.29899
 11.76935  -0.01869  -0.29573
 11.79321  -0.01837  -0.29244
 11.80919  -0.01816  -0.29024
 11.82516  -0.01796  -0.28805
 11.84687  -0.01767  -0.28506
 11.87092  -0.01737  -0.28175
 11.89501  -0.01706  -0.27844
 11.90603  -0.01693  -0.27693
 11.91706  -0.01679  -0.27542
 11.93050  -0.01662  -0.27357
 11.95452  -0.01633  -0.27028
 11.97861  -0.01604  -0.26699
 12.00268  -0.01575  -0.26371
 12.02145  -0.01553  -0.26115
 12.04023  -0.01531  -0.25860
 12.06418  -0.01503  -0.25536
 12.08813  -0.01476  -0.25212
 12.10177  -0.01461  -0.25028
 12.11164  -0.01450  -0.24896
 12.12151  -0.01439  -0.24763
 12.14525  -0.01412  -0.24445
 12.16905  -0.01387  -0.24128
 12.19280  -0.01361  -0.23812
 12.20729  -0.01346  -0.23621
 12.22177  -0.01331  -0.23429
 12.23619  -0.01315  -0.23240
 12.25971  -0.01291  -0.22931
 12.28325  -0.01267  -0.22624
 12.30673  -0.01244  -0.22320
 12.32502  -0.01226  -0.22084
 12.34165  -0.01209  -0.21870
 12.36493  -0.01187  -0.21572
 12.38820  -0.01165  -0.21276
 12.40203  -0.01152  -0.21101
 12.41176  -0.01143  -0.20978
 12.42128  -0.01134  -0.20859
 12.44429  -0.01113  -0.20570
 12.46735  -0.01092  -0.20283
 12.49036  -0.01071  -0.19999
 12.50479  -0.01058  -0.19822
 12.51923  -0.01046  -0.19645
 12.53385  -0.01033  -0.19467
 12.55661  -0.01014  -0.19192
 12.57937  -0.00994  -0.18918
 12.60208  -0.00976  -0.18647
 12.62076  -0.00960  -0.18426
 12.63944  -0.00945  -0.18206
 12.66196  -0.00927  -0.17944
 12.68444  -0.00909  -0.17683
 12.70687  -0.00892  -0.17425
 12.72404  -0.00879  -0.17230
 12.73956  -0.00867  -0.17054
 12.76179  -0.00851  -0.16804
 12.78401  -0.00834  -0.16556
 12.80618  -0.00818  -0.16311
 12.81856  -0.00810  -0.16175
 12.83014  -0.00801  -0.16048
 12.85210  -0.00786  -0.15810
 12.87410  -0.00771  -0.15574
 12.89603  -0.00756  -0.15340
 12.91013  -0.00747  -0.15191
 12.92423  -0.00737  -0.15043
 12.94598  -0.00723  -0.14816
 12.96774  -0.00709  -0.14592
 12.98944  -0.00696  -0.14370
 13.00295  -0.00687  -0.14233
 13.01646  -0.00679  -0.14097
 13.02883  -0.00671  -0.13973
 13.05031  -0.00658  -0.13760
 13.07181  -0.00645  -0.13549
 13.09325  -0.00633  -0.13340
 13.10587  -0.00626  -0.13218
 13.11849  -0.00618  -0.13097
 13.13064  -0.00612  -0.12982
 13.15187  -0.00600  -0.12781
 13.17312  -0.00588  -0.12582
 13.19432  -0.00577  -0.12386
 13.20717  -0.00570  -0.12268
 13.22002  -0.00563  -0.12151
 13.23248  -0.00556  -0.12038
 13.25347  -0.00546  -0.11850
 13.27449  -0.00535  -0.11664
 13.29546  -0.00524  -0.11480
 13.30863  -0.00518  -0.11365
 13.32180  -0.00511  -0.11252
 13.33663  -0.00504  -0.11125
 13.35741  -0.00494  -0.10948
 13.37819  -0.00485  -0.10774
 13.39892  -0.00475  -0.10602
 13.40978  -0.00470  -0.10513
 13.42064  -0.00465  -0.10425
 13.43918  -0.00457  -0.10275
 13.45976  -0.00448  -0.10110
 13.48031  -0.00439  -0.09947
 13.50082  -0.00431  -0.09787
 13.52128  -0.00422  -0.09629
 13.53993  -0.00415  -0.09487
 13.56029  -0.00406  -0.09333
 13.58063  -0.00398  -0.09182
 13.60092  -0.00391  -0.09032
 13.62117  -0.00383  -0.08885
 13.63970  -0.00376  -0.08752
 13.65986  -0.00368  -0.08609
 13.67998  -0.00361  -0.08468
 13.70007  -0.00354  -0.08329
 13.70931  -0.00351  -0.08266
 13.71856  -0.00347  -0.08203
 13.73152  -0.00343  -0.08115
 13.75145  -0.00336  -0.07982
 13.77139  -0.00329  -0.07850
 13.79129  -0.00323  -0.07720
 13.80410  -0.00319  -0.07637
 13.81692  -0.00315  -0.07555
 13.83154  -0.00310  -0.07463
 13.85128  -0.00304  -0.07339
 13.87102  -0.00298  -0.07217
 13.89072  -0.00292  -0.07096
 13.90680  -0.00287  -0.06999
 13.92288  -0.00282  -0.06903
 13.93804  -0.00278  -0.06814
 13.95758  -0.00272  -0.06700
 13.97711  -0.00267  -0.06587
 13.99661  -0.00262  -0.06477
 14.00963  -0.00258  -0.06404
 14.02265  -0.00255  -0.06331
 14.04194  -0.00250  -0.06225
 14.06132  -0.00245  -0.06120
 14.08066  -0.00240  -0.06016
 14.09996  -0.00235  -0.05914
 14.11033  -0.00232  -0.05860
 14.12018  -0.00230  -0.05809
 14.13935  -0.00225  -0.05711
 14.15854  -0.00221  -0.05614
 14.17771  -0.00216  -0.05518
 14.19684  -0.00212  -0.05424
 14.20982  -0.00209  -0.05361
 14.22281  -0.00206  -0.05298
 14.24228  -0.00202  -0.05206
 14.26130  -0.00198  -0.05116
 14.28028  -0.00194  -0.05029
 14.29923  -0.00190  -0.04942
 14.30993  -0.00188  -0.04894
 14.32063  -0.00186  -0.04846
 14.33987  -0.00182  -0.04761
 14.35872  -0.00178  -0.04679
 14.37753  -0.00175  -0.04598
 14.39631  -0.00171  -0.04519
 14.40895  -0.00169  -0.04466
 14.42158  -0.00167  -0.04414
 14.43774  -0.00164  -0.04347
 14.45640  -0.00160  -0.04272
 14.47505  -0.00157  -0.04198
 14.49367  -0.00154  -0.04125
 14.50536  -0.00152  -0.04079
 14.51704  -0.00150  -0.04035
 14.53363  -0.00147  -0.03972
 14.55213  -0.00144  -0.03902
 14.57062  -0.00141  -0.03834
 14.58908  -0.00139  -0.03767
 14.60751  -0.00136  -0.03701
 14.62591  -0.00133  -0.03636
 14.64412  -0.00130  -0.03573
 14.66246  -0.00128  -0.03510
 14.68077  -0.00125  -0.03449
 14.69906  -0.00123  -0.03388
 14.70953  -0.00121  -0.03353
 14.71999  -0.00120  -0.03319
 14.73657  -0.00117  -0.03266
 14.75476  -0.00115  -0.03208
 14.77293  -0.00113  -0.03152
 14.79107  -0.00110  -0.03096
 14.80918  -0.00108  -0.03041
 14.82727  -0.00106  -0.02987
 14.84576  -0.00104  -0.02933
 14.86379  -0.00102  -0.02881
 14.88180  -0.00100  -0.02830
 14.89977  -0.00098  -0.02779
 14.90863  -0.00097  -0.02755
 14.91749  -0.00096  -0.02730
 14.92918  -0.00094  -0.02699
 14.94704  -0.00093  -0.02650
 14.96492  -0.00091  -0.02603
 14.98277  -0.00089  -0.02557
 15.00060  -0.00087  -0.02511
 15.00944  -0.00086  -0.02488
 15.01828  -0.00085  -0.02466
 15.03249  -0.00084  -0.02431
 15.05022  -0.00082  -0.02387
 15.06795  -0.00081  -0.02344
 15.08565  -0.00079  -0.02302
 15.10333  -0.00077  -0.02261
 15.12098  -0.00076  -0.02220
 15.13908  -0.00074  -0.02179
 15.15669  -0.00073  -0.02140
 15.17426  -0.00071  -0.02101
 15.19182  -0.00070  -0.02063
 15.20934  -0.00069  -0.02026
 15.22685  -0.00067  -0.01989
 15.24466  -0.00066  -0.01953
 15.26211  -0.00065  -0.01917
 15.27954  -0.00063  -0.01882
 15.29695  -0.00062  -0.01848
 15.30941  -0.00061  -0.01824
 15.32187  -0.00060  -0.01800
 15.33953  -0.00059  -0.01767
 15.35686  -0.00058  -0.01735
 15.37416  -0.00057  -0.01703
 15.39144  -0.00056  -0.01672
 15.40869  -0.00055  -0.01642
 15.42592  -0.00053  -0.01612
 15.44362  -0.00052  -0.01581
 15.46081  -0.00051  -0.01552
 15.47797  -0.00050  -0.01524
 15.49511  -0.00049  -0.01496
 15.50749  -0.00049  -0.01476
 15.51987  -0.00048  -0.01456
 15.53409  -0.00047  -0.01434
 15.55114  -0.00046  -0.01408
 15.56819  -0.00045  -0.01382
 15.58521  -0.00045  -0.01357
 15.60221  -0.00044  -0.01332
 15.61919  -0.00043  -0.01307
 15.63533  -0.00042  -0.01284
 15.65226  -0.00041  -0.01260
 15.66918  -0.00041  -0.01237
 15.68608  -0.00040  -0.01214
 15.70295  -0.00039  -0.01192
 15.71981  -0.00038  -0.01170
 15.73676  -0.00038  -0.01148
 15.75357  -0.00037  -0.01127
 15.77036  -0.00036  -0.01106
 15.78713  -0.00036  -0.01085
 15.80388  -0.00035  -0.01065
 15.82061  -0.00034  -0.01045
 15.83780  -0.00034  -0.01025
 15.85449  -0.00033  -0.01006
 15.87116  -0.00032  -0.00987
 15.88781  -0.00032  -0.00969
 15.90444  -0.00031  -0.00951
 15.92104  -0.00031  -0.00933
 15.93773  -0.00030  -0.00916
 15.95429  -0.00030  -0.00899
 15.97084  -0.00029  -0.00882
 15.98737  -0.00029  -0.00865
 16.00388  -0.00028  -0.00849
 16.02037  -0.00028  -0.00833
 16.03737  -0.00027  -0.00817
 16.05382  -0.00027  -0.00802
 16.07026  -0.00026  -0.00787
 16.08667  -0.00026  -0.00772
 16.10306  -0.00025  -0.00757
 16.11944  -0.00025  -0.00743
 16.13580  -0.00024  -0.00729
 16.15214  -0.00024  -0.00715
 16.16846  -0.00024  -0.00702
 16.18476  -0.00023  -0.00689
 16.20104  -0.00023  -0.00675
 16.21206  -0.00023  -0.00667
 16.22282  -0.00022  -0.00658
 16.23902  -0.00022  -0.00646
 16.25524  -0.00022  -0.00634
 16.27145  -0.00021  -0.00622
 16.28763  -0.00021  -0.00610
 16.30380  -0.00021  -0.00598
 16.31995  -0.00021  -0.00587
 16.33656  -0.00020  -0.00575
 16.35267  -0.00020  -0.00564
 16.36877  -0.00020  -0.00554
 16.38485  -0.00020  -0.00543
 16.40091  -0.00019  -0.00533
 16.41173  -0.00019  -0.00526
 16.42255  -0.00019  -0.00519
 16.43853  -0.00019  -0.00509
 16.45453  -0.00019  -0.00499
 16.47052  -0.00018  -0.00490
 16.48649  -0.00018  -0.00480
 16.50244  -0.00018  -0.00471
 16.51838  -0.00018  -0.00462
 16.53351  -0.00017  -0.00454
 16.54940  -0.00017  -0.00445
 16.56529  -0.00017  -0.00436
 16.58116  -0.00017  -0.00428
 16.59701  -0.00016  -0.00420
 16.60906  -0.00016  -0.00413
 16.62111  -0.00016  -0.00407
 16.63734  -0.00016  -0.00399
 16.65314  -0.00016  -0.00392
 16.66892  -0.00016  -0.00384
 16.68468  -0.00015  -0.00376
 16.70043  -0.00015  -0.00369
 16.71209  -0.00015  -0.00364
 16.72375  -0.00015  -0.00358
 16.73943  -0.00015  -0.00352
 16.75512  -0.00015  -0.00345
 16.77079  -0.00015  -0.00338
 16.78645  -0.00015  -0.00331
 16.80209  -0.00015  -0.00325
 16.81772  -0.00015  -0.00318
 16.83222  -0.00015  -0.00313
 16.84781  -0.00015  -0.00306
 16.86339  -0.00014  -0.00300
 16.87895  -0.00014  -0.00294
 16.89450  -0.00014  -0.00289
 16.91004  -0.00014  -0.00283
 16.92570  -0.00014  -0.00277
 16.94120  -0.00014  -0.00272
 16.95669  -0.00014  -0.00266
 16.97217  -0.00013  -0.00261
 16.98762  -0.00013  -0.00256
 17.00307  -0.00013  -0.00251
 17.01850  -0.00013  -0.00246
 17.03360  -0.00013  -0.00241
 17.04899  -0.00012  -0.00236
 17.06438  -0.00012  -0.00231
 17.07975  -0.00012  -0.00227
 17.09510  -0.00012  -0.00222
 17.11045  -0.00012  -0.00218
 17.12547  -0.00011  -0.00213
 17.14078  -0.00011  -0.00209
 17.15608  -0.00011  -0.00205
 17.17136  -0.00011  -0.00201
 17.18663  -0.00010  -0.00197
 17.20189  -0.00010  -0.00193
 17.21713  -0.00010  -0.00189
 17.23112  -0.00009  -0.00185
 17.24632  -0.00009  -0.00181
 17.26152  -0.00009  -0.00178
 17.27671  -0.00008  -0.00174
 17.29188  -0.00008  -0.00170
 17.30704  -0.00008  -0.00167
 17.32218  -0.00007  -0.00163
 17.33779  -0.00007  -0.00160
 17.35291  -0.00007  -0.00157
 17.36801  -0.00007  -0.00153
 17.38309  -0.00006  -0.00150
 17.39817  -0.00006  -0.00147
 17.41028  -0.00006  -0.00144
 17.42239  -0.00006  -0.00142
 17.43741  -0.00005  -0.00139
 17.45244  -0.00005  -0.00136
 17.46745  -0.00004  -0.00133
 17.48245  -0.00004  -0.00130
 17.49743  -0.00004  -0.00127
 17.51240  -0.00003  -0.00125
 17.52771  -0.00003  -0.00122
 17.54266  -0.00003  -0.00119
 17.55759  -0.00003  -0.00117
 17.57251  -0.00003  -0.00114
 17.58742  -0.00003  -0.00111
 17.60231  -0.00003  -0.00109
 17.61719  -0.00002  -0.00106
 17.63114  -0.00002  -0.00104
 17.64599  -0.00002  -0.00102
 17.66083  -0.00001  -0.00100
 17.67566  -0.00001  -0.00097
 17.69047  -0.00001  -0.00095
 17.70528   0.00000  -0.00093
 17.72007   0.00000  -0.00091
 17.73532   0.00000  -0.00088
 17.75009   0.00000  -0.00086
 17.76484   0.00001  -0.00084
 17.77958   0.00001  -0.00082
 17.79431   0.00001  -0.00080
 17.80902   0.00001  -0.00078
 17.82372   0.00001  -0.00076
 17.83863   0.00001  -0.00074
 17.85331   0.00001  -0.00072
 17.86797   0.00001  -0.00070
 17.88263   0.00001  -0.00068
 17.89727   0.00001  -0.00067
 17.91003   0.00002  -0.00065
 17.92279   0.00002  -0.00063
 17.93739   0.00002  -0.00062
 17.95198   0.00002  -0.00060
 17.96657   0.00002  -0.00058
 17.98114   0.00002  -0.00057
 17.99570   0.00002  -0.00055
 18.01025   0.00002  -0.00053
 18.02520   0.00001  -0.00052
 18.03973   0.00001  -0.00050
 18.05424   0.00001  -0.00048
 18.06874   0.00001  -0.00047
 18.08323   0.00001  -0.00045
 18.09771   0.00001  -0.00044
 18.11218   0.00001  -0.00042
 18.12668   0.00001  -0.00041
 18.14113   0.00001  -0.00039
 18.15556   0.00000  -0.00038
 18.16998   0.00000  -0.00036
 18.18439   0.00000  -0.00035
 18.19878  -0.00000  -0.00033
 18.21082   0.00000  -0.00032
 18.22245   0.00000  -0.00031
 18.23680   0.00000  -0.00029
 18.25116   0.00000  -0.00028
 18.26550   0.00000  -0.00027
 18.27984  -0.00000  -0.00025
 18.29416  -0.00000  -0.00024
 18.30847  -0.00000  -0.00022
 18.32277  -0.00000  -0.00021
 18.33733  -0.00000  -0.00020
 18.35161  -0.00000  -0.00018
 18.36588  -0.00000  -0.00017
 18.38013  -0.00000  -0.00016
 18.39438  -0.00000  -0.00015
 18.40448   0.00000  -0.00014
