 0.00018   0.00000
 0.00023   0.00000
 0.00028   0.00000
 0.00034   0.00000
 0.00041   0.00000
 0.00049   0.00000
 0.00059   0.00000
 0.00069   0.00000
 0.00082   0.00000
 0.00096   0.00000
 0.00112   0.00000
 0.00131   0.00000
 0.00151   0.00000
 0.00174   0.00000
 0.00201   0.00000
 0.00230   0.00000
 0.00262   0.00000
 0.00299   0.00000
 0.00339   0.00000
 0.00383   0.00000
 0.00433   0.00000
 0.00487   0.00001
 0.00547   0.00001
 0.00612   0.00001
 0.00684   0.00001
 0.00762   0.00001
 0.00848   0.00002
 0.00941   0.00002
 0.01043   0.00002
 0.01153   0.00003
 0.01272   0.00004
 0.01402   0.00004
 0.01542   0.00005
 0.01693   0.00006
 0.01857   0.00008
 0.02032   0.00009
 0.02219   0.00011
 0.02422   0.00013
 0.02641   0.00016
 0.02875   0.00019
 0.03126   0.00022
 0.03393   0.00026
 0.03680   0.00031
 0.03987   0.00036
 0.04315   0.00042
 0.04665   0.00049
 0.05038   0.00057
 0.05456   0.00067
 0.05881   0.00078
 0.06332   0.00090
 0.06817   0.00105
 0.07328   0.00121
 0.07874   0.00140
 0.08450   0.00161
 0.09068   0.00185
 0.09768   0.00215
 0.10459   0.00246
 0.11200   0.00282
 0.11954   0.00322
 0.12778   0.00367
 0.13654   0.00419
 0.14593   0.00479
 0.15582   0.00545
 0.16625   0.00620
 0.17733   0.00705
 0.18923   0.00803
 0.20189   0.00913
 0.21580   0.01042
 0.22954   0.01177
 0.24506   0.01340
 0.26038   0.01510
 0.27915   0.01733
 0.29722   0.01960
 0.31611   0.02212
 0.33606   0.02494
 0.35738   0.02812
 0.38066   0.03179
 0.41068   0.03683
 0.44268   0.04255
 0.47458   0.04862
 0.50739   0.05520
 0.53826   0.06171
 0.56914   0.06851
 0.61077   0.07809
 0.65119   0.08781
 0.69035   0.09760
 0.73175   0.10827
 0.77035   0.11850
 0.81073   0.12944
 0.85110   0.14057
 0.89935   0.15405
 0.93745   0.16478
 0.97555   0.17555
 1.01159   0.18572
 1.05173   0.19699
 1.09701   0.20958
 1.14206   0.22188
 1.18283   0.23277
 1.22062   0.24261
 1.25728   0.25188
 1.29120   0.26019
 1.32611   0.26843
 1.36102   0.27633
 1.39567   0.28381
 1.43033   0.29090
 1.46074   0.29677
 1.49115   0.30230
 1.52585   0.30817
 1.56145   0.31369
 1.58816   0.31747
 1.61486   0.32094
 1.64580   0.32455
 1.67735   0.32778
 1.70710   0.33037
 1.73579   0.33247
 1.75926   0.33387
 1.78272   0.33499
 1.80401   0.33576
 1.82971   0.33637
 1.86196   0.33664
 1.89110   0.33640
 1.92199   0.33564
 1.95009   0.33450
 1.97754   0.33296
 2.00498   0.33100
 2.03741   0.32816
 2.06695   0.32505
 2.09088   0.32219
 2.10723   0.32005
 2.12358   0.31776
 2.14184   0.31504
 2.18914   0.30713
 2.23694   0.29792
 2.28583   0.28727
 2.30682   0.28232
 2.32780   0.27715
 2.35166   0.27101
 2.40118   0.25739
 2.43015   0.24889
 2.45685   0.24072
 2.50687   0.22459
 2.55698   0.20741
 2.60229   0.19106
 2.64480   0.17506
 2.68396   0.15980
 2.73303   0.14006
 2.77879   0.12108
 2.80926   0.10818
 2.83974   0.09510
 2.88535   0.07521
 2.93184   0.05464
 2.97725   0.03434
 3.02228   0.01407
 3.06626  -0.00577
 3.10980  -0.02539
 3.15373  -0.04510
 3.19835  -0.06495
 3.24366  -0.08486
 3.28915  -0.10453
 3.33580  -0.12428
 3.38375  -0.14406
 3.43167  -0.16321
 3.47684  -0.18062
 3.51614  -0.19523
 3.55379  -0.20869
 3.60334  -0.22558
 3.64792  -0.23991
 3.69042  -0.25275
 3.74010  -0.26669
 3.78667  -0.27868
 3.83579  -0.29012
 3.88389  -0.30009
 3.90946  -0.30488
 3.93504  -0.30930
 3.97501  -0.31549
 4.00628  -0.31970
 4.03756  -0.32334
 4.07069  -0.32657
 4.09732  -0.32871
 4.12396  -0.33043
 4.15491  -0.33190
 4.19836  -0.33301
 4.22985  -0.33311
 4.26047  -0.33265
 4.30292  -0.33109
 4.33480  -0.32923
 4.36433  -0.32698
 4.40887  -0.32264
 4.45420  -0.31707
 4.49838  -0.31055
 4.53234  -0.30482
 4.56631  -0.29848
 4.59731  -0.29218
 4.62832  -0.28539
 4.67114  -0.27524
 4.70832  -0.26572
 4.74550  -0.25558
 4.79126  -0.24228
 4.84177  -0.22660
 4.88818  -0.21133
 4.93915  -0.19369
 4.98970  -0.17537
 5.04067  -0.15614
 5.08988  -0.13693
 5.14038  -0.11666
 5.18944  -0.09651
 5.23915  -0.07570
 5.28784  -0.05502
 5.33652  -0.03414
 5.38446  -0.01345
 5.43198   0.00710
 5.47877   0.02732
 5.52637   0.04779
 5.57429   0.06823
 5.62381   0.08909
 5.67199   0.10907
 5.72342   0.12996
 5.77146   0.14901
 5.82476   0.16954
 5.87319   0.18756
 5.92819   0.20723
 5.97844   0.22439
 6.03478   0.24265
 6.09128   0.25983
 6.14200   0.27423
 6.19273   0.28762
 6.24078   0.29934
 6.28884   0.31008
 6.34507   0.32138
 6.39634   0.33044
 6.44208   0.33752
 6.48352   0.34310
 6.53737   0.34915
 6.58707   0.35353
 6.63677   0.35674
 6.68788   0.35882
 6.73895   0.35967
 6.79149   0.35927
 6.83607   0.35793
 6.88066   0.35567
 6.93263   0.35191
 6.98226   0.34721
 7.03621   0.34088
 7.09219   0.33302
 7.14014   0.32528
 7.18809   0.31663
 7.24552   0.30513
 7.29939   0.29325
 7.35827   0.27913
 7.40637   0.26675
 7.45448   0.25367
 7.51060   0.23758
 7.56728   0.22046
 7.62818   0.20121
 7.68639   0.18203
 7.74748   0.16120
 7.80686   0.14033
 7.86778   0.11838
 7.92804   0.09622
 7.98858   0.07360
 8.04874   0.05085
 8.10779   0.02835
 8.16717   0.00562
 8.22606  -0.01694
 8.28482  -0.03940
 8.34550  -0.06245
 8.40804  -0.08599
 8.47231  -0.10987
 8.53860  -0.13407
 8.60520  -0.15788
 8.67558  -0.18238
 8.74820  -0.20688
 8.82392  -0.23147
 8.89464  -0.25349
 8.97461  -0.27720
 9.04998  -0.29832
 9.11159  -0.31466
 9.17190  -0.32981
 9.25736  -0.34984
 9.35232  -0.37004
 9.42061  -0.38321
 9.48212  -0.39409
 9.55167  -0.40528
 9.62122  -0.41527
 9.68873  -0.42384
 9.75461  -0.43114
 9.79799  -0.43538
 9.84137  -0.43918
 9.88784  -0.44276
 9.95132  -0.44685
 10.00206  -0.44947
 10.05281  -0.45153
 10.10736  -0.45312
 10.18795  -0.45435
 10.24709  -0.45443
 10.30623  -0.45384
 10.38765  -0.45197
 10.44942  -0.44978
 10.51120  -0.44696
 10.56824  -0.44382
 10.65498  -0.43812
 10.69993  -0.43476
 10.74488  -0.43114
 10.79618  -0.42669
 10.87442  -0.41933
 10.94664  -0.41196
 11.00560  -0.40556
 11.06456  -0.39886
 11.11306  -0.39314
 11.15691  -0.38781
 11.25504  -0.37544
 11.31193  -0.36801
 11.36777  -0.36056
 11.46989  -0.34661
 11.56921  -0.33274
 11.66721  -0.31884
 11.77039  -0.30409
 11.87523  -0.28908
 11.97319  -0.27512
 12.06666  -0.26191
 12.16841  -0.24773
 12.27231  -0.23352
 12.37621  -0.21965
 12.47934  -0.20626
 12.57868  -0.19375
 12.67594  -0.18191
 12.77615  -0.17014
 12.88321  -0.15810
 12.99265  -0.14634
 13.10910  -0.13449
 13.20617  -0.12511
 13.30324  -0.11620
 13.41380  -0.10662
 13.52437  -0.09762
 13.61808  -0.09045
 13.71071  -0.08376
 13.81149  -0.07692
 13.91227  -0.07052
 14.01216  -0.06460
 14.11205  -0.05908
 14.22757  -0.05317
 14.32420  -0.04861
 14.42083  -0.04437
 14.51776  -0.04042
 14.61468  -0.03676
 14.72427  -0.03296
 14.81964  -0.02992
 14.91501  -0.02711
 15.02066  -0.02425
 15.12732  -0.02161
 15.22710  -0.01936
 15.32597  -0.01731
 15.42605  -0.01540
 15.52634  -0.01366
 15.62665  -0.01205
 15.72709  -0.01058
 15.82773  -0.00923
 15.92863  -0.00797
 16.02983  -0.00681
 16.13141  -0.00573
 16.23383  -0.00472
 16.33732  -0.00376
 16.44188  -0.00284
 16.54745  -0.00195
 16.65391  -0.00109
 16.76098  -0.00024
 16.78492  -0.00005
