 0.00018   0.00000
 0.00023   0.00000
 0.00028   0.00000
 0.00034   0.00000
 0.00041   0.00000
 0.00049   0.00000
 0.00059   0.00000
 0.00069   0.00000
 0.00082   0.00000
 0.00096   0.00000
 0.00112   0.00000
 0.00131   0.00000
 0.00151   0.00000
 0.00174   0.00000
 0.00201   0.00000
 0.00230   0.00000
 0.00262   0.00000
 0.00299   0.00000
 0.00339   0.00000
 0.00383   0.00000
 0.00433   0.00000
 0.00487   0.00001
 0.00547   0.00001
 0.00612   0.00001
 0.00684   0.00001
 0.00762   0.00001
 0.00848   0.00002
 0.00941   0.00002
 0.01043   0.00003
 0.01153   0.00003
 0.01272   0.00004
 0.01402   0.00005
 0.01542   0.00006
 0.01693   0.00007
 0.01857   0.00009
 0.02033   0.00010
 0.02219   0.00012
 0.02422   0.00015
 0.02641   0.00018
 0.02875   0.00021
 0.03126   0.00025
 0.03393   0.00029
 0.03680   0.00034
 0.03987   0.00040
 0.04315   0.00047
 0.04666   0.00055
 0.05039   0.00064
 0.05459   0.00076
 0.05883   0.00088
 0.06335   0.00102
 0.06821   0.00118
 0.07333   0.00136
 0.07880   0.00157
 0.08458   0.00181
 0.09076   0.00209
 0.09767   0.00241
 0.10460   0.00277
 0.11203   0.00317
 0.11959   0.00362
 0.12787   0.00413
 0.13666   0.00472
 0.14610   0.00539
 0.15608   0.00615
 0.16662   0.00700
 0.17787   0.00797
 0.19000   0.00908
 0.20279   0.01033
 0.21549   0.01165
 0.22933   0.01318
 0.24502   0.01502
 0.26059   0.01696
 0.28096   0.01966
 0.30109   0.02251
 0.32458   0.02607
 0.34606   0.02953
 0.36930   0.03349
 0.39595   0.03830
 0.42315   0.04350
 0.44934   0.04878
 0.48666   0.05672
 0.51629   0.06335
 0.54593   0.07027
 0.57763   0.07795
 0.60932   0.08591
 0.64124   0.09417
 0.66898   0.10152
 0.69671   0.10903
 0.73094   0.11847
 0.76863   0.12905
 0.79774   0.13733
 0.82685   0.14567
 0.86000   0.15522
 0.89745   0.16603
 0.92999   0.17541
 0.96253   0.18473
 0.99282   0.19333
 1.02072   0.20116
 1.05774   0.21138
 1.08840   0.21966
 1.11905   0.22776
 1.14812   0.23523
 1.17718   0.24248
 1.20803   0.24991
 1.24049   0.25741
 1.27447   0.26487
 1.30509   0.27123
 1.35143   0.28015
 1.38765   0.28647
 1.42086   0.29175
 1.47166   0.29878
 1.51065   0.30329
 1.54964   0.30699
 1.58547   0.30965
 1.62003   0.31152
 1.65048   0.31259
 1.68093   0.31311
 1.71550   0.31302
 1.75107   0.31216
 1.78600   0.31056
 1.82092   0.30819
 1.87076   0.30350
 1.90973   0.29874
 1.94870   0.29304
 1.98871   0.28622
 2.03107   0.27793
 2.07966   0.26712
 2.10895   0.25994
 2.13823   0.25227
 2.17465   0.24209
 2.20380   0.23342
 2.23296   0.22432
 2.26149   0.21500
 2.30742   0.19920
 2.35339   0.18244
 2.39611   0.16609
 2.43365   0.15116
 2.47119   0.13574
 2.50586   0.12112
 2.54053   0.10616
 2.58019   0.08870
 2.62385   0.06912
 2.66389   0.05089
 2.70636   0.03135
 2.74823   0.01196
 2.78928  -0.00710
 2.82986  -0.02591
 2.87064  -0.04471
 2.91212  -0.06367
 2.95068  -0.08106
 2.99317  -0.09990
 3.03616  -0.11854
 3.07982  -0.13695
 3.10755  -0.14833
 3.13527  -0.15944
 3.17400  -0.17450
 3.20971  -0.18784
 3.24542  -0.20062
 3.28987  -0.21571
 3.33475  -0.22994
 3.38320  -0.24410
 3.40634  -0.25040
 3.42948  -0.25640
 3.45823  -0.26340
 3.50173  -0.27304
 3.53754  -0.28008
 3.56999  -0.28575
 3.59890  -0.29022
 3.62781  -0.29413
 3.66046  -0.29787
 3.70109  -0.30151
 3.72877  -0.30334
 3.75519  -0.30459
 3.79406  -0.30554
 3.83245  -0.30545
 3.86917  -0.30441
 3.90766  -0.30231
 3.94685  -0.29913
 3.98353  -0.29522
 4.00989  -0.29185
 4.03626  -0.28802
 4.07684  -0.28125
 4.10836  -0.27527
 4.13988  -0.26867
 4.17825  -0.25984
 4.20404  -0.25342
 4.22982  -0.24662
 4.26011  -0.23818
 4.30456  -0.22490
 4.34937  -0.21053
 4.39125  -0.19624
 4.43659  -0.17992
 4.48109  -0.16311
 4.52653  -0.14521
 4.57191  -0.12668
 4.61703  -0.10770
 4.66073  -0.08885
 4.70517  -0.06931
 4.74920  -0.04966
 4.79245  -0.03016
 4.83552  -0.01061
 4.87793   0.00867
 4.91995   0.02775
 4.96228   0.04686
 5.00561   0.06624
 5.04963   0.08566
 5.09436   0.10504
 5.13975   0.12424
 5.18555   0.14308
 5.23221   0.16164
 5.28004   0.17990
 5.32773   0.19727
 5.37479   0.21350
 5.42303   0.22914
 5.46672   0.24237
 5.50080   0.25204
 5.53488   0.26112
 5.57218   0.27036
 5.61129   0.27923
 5.64700   0.28659
 5.69348   0.29508
 5.73480   0.30156
 5.77611   0.30703
 5.80462   0.31021
 5.83313   0.31289
 5.86588   0.31536
 5.90916   0.31761
 5.95193   0.31870
 5.99319   0.31869
 6.03451   0.31763
 6.07512   0.31559
 6.11804   0.31235
 6.15716   0.30845
 6.20157   0.30294
 6.24673   0.29619
 6.28768   0.28910
 6.33424   0.27994
 6.38682   0.26825
 6.43472   0.25642
 6.48742   0.24216
 6.53646   0.22780
 6.58743   0.21182
 6.63721   0.19527
 6.68781   0.17756
 6.73788   0.15924
 6.78796   0.14023
 6.83785   0.12067
 6.88742   0.10072
 6.93679   0.08042
 6.98575   0.05997
 7.03434   0.03943
 7.08249   0.01892
 7.13016  -0.00147
 7.17730  -0.02161
 7.22476  -0.04182
 7.27285  -0.06213
 7.32215  -0.08272
 7.37144  -0.10297
 7.42261  -0.12357
 7.47309  -0.14338
 7.52612  -0.16357
 7.57864  -0.18285
 7.63340  -0.20212
 7.68990  -0.22102
 7.74599  -0.23870
 7.80064  -0.25484
 7.85731  -0.27036
 7.91083  -0.28384
 7.96212  -0.29562
 8.00802  -0.30519
 8.05392  -0.31384
 8.10689  -0.32262
 8.16152  -0.33033
 8.20077  -0.33500
 8.24002  -0.33895
 8.28224  -0.34238
 8.33451  -0.34545
 8.38610  -0.34721
 8.43712  -0.34772
 8.48783  -0.34701
 8.53842  -0.34512
 8.59183  -0.34185
 8.64446  -0.33738
 8.69267  -0.33223
 8.74714  -0.32521
 8.79618  -0.31785
 8.85237  -0.30823
 8.90355  -0.29841
 8.96131  -0.28618
 9.00653  -0.27579
 9.05175  -0.26472
 9.10780  -0.25011
 9.16775  -0.23347
 9.22743  -0.21593
 9.28965  -0.19670
 9.35055  -0.17705
 9.40918  -0.15744
 9.47022  -0.13640
 9.53113  -0.11485
 9.59306  -0.09247
 9.65380  -0.07016
 9.71340  -0.04800
 9.77295  -0.02570
 9.83291  -0.00314
 9.89255   0.01930
 9.95255   0.04181
 10.01435   0.06485
 10.07702   0.08797
 10.14221   0.11169
 10.20914   0.13559
 10.27831   0.15972
 10.34967   0.18393
 10.42393   0.20826
 10.49612   0.23102
 10.57469   0.25467
 10.65252   0.27687
 10.73925   0.30010
 10.80449   0.31647
 10.86972   0.33186
 10.94733   0.34886
 11.05323   0.36973
 11.14021   0.38483
 11.19934   0.39404
 11.25847   0.40239
 11.30709   0.40863
 11.35571   0.41429
 11.41169   0.42012
 11.46634   0.42509
 11.54859   0.43128
 11.62157   0.43549
 11.68848   0.43832
 11.75578   0.44021
 11.80384   0.44099
 11.85190   0.44131
 11.91049   0.44109
 11.97605   0.44009
 12.05918   0.43773
 12.10266   0.43603
 12.14614   0.43402
 12.20167   0.43104
 12.28926   0.42541
 12.36205   0.41994
 12.40795   0.41615
 12.45385   0.41211
 12.50321   0.40750
 12.55258   0.40263
 12.60535   0.39716
 12.65812   0.39144
 12.70620   0.38603
 12.75429   0.38043
 12.80673   0.37414
 12.85917   0.36767
 12.93895   0.35753
 13.00259   0.34922
 13.06623   0.34074
 13.14778   0.32967
 13.24193   0.31670
 13.30302   0.30819
 13.36411   0.29965
 13.44788   0.28792
 13.54544   0.27427
 13.64160   0.26091
 13.73371   0.24826
 13.80345   0.23880
 13.87318   0.22947
 13.97119   0.21660
 14.07914   0.20281
 14.18913   0.18921
 14.29591   0.17649
 14.40910   0.16355
 14.53199   0.15017
 14.65437   0.13756
 14.77067   0.12625
 14.90431   0.11407
 15.02712   0.10363
 15.13694   0.09491
 15.23898   0.08730
 15.33964   0.08027
 15.44011   0.07369
 15.54053   0.06755
 15.64085   0.06183
 15.74097   0.05651
 15.84079   0.05158
 15.94025   0.04703
 16.03930   0.04283
 16.13794   0.03896
 16.23619   0.03540
 16.33409   0.03213
 16.43171   0.02913
 16.52914   0.02637
 16.62693   0.02383
 16.72768   0.02143
 16.82823   0.01924
 16.92840   0.01724
 17.02864   0.01543
 17.12911   0.01377
 17.22978   0.01225
 17.33069   0.01087
 17.43213   0.00961
 17.53441   0.00846
 17.63761   0.00740
 17.74183   0.00642
 17.84715   0.00553
 17.95365   0.00471
 18.06140   0.00394
 18.17047   0.00323
 18.28092   0.00257
 18.39277   0.00194
 18.50597   0.00134
 18.62042   0.00076
 18.73608   0.00019
 18.79911  -0.00012
