 0.00018   0.00000
 0.00023   0.00000
 0.00028   0.00000
 0.00034   0.00000
 0.00041   0.00000
 0.00049   0.00000
 0.00059   0.00000
 0.00069   0.00000
 0.00082   0.00000
 0.00096   0.00000
 0.00112   0.00000
 0.00131   0.00000
 0.00151   0.00000
 0.00174   0.00000
 0.00201   0.00000
 0.00230   0.00000
 0.00262   0.00000
 0.00299   0.00000
 0.00339   0.00000
 0.00383   0.00000
 0.00433   0.00000
 0.00487   0.00001
 0.00547   0.00001
 0.00612   0.00001
 0.00684   0.00001
 0.00762   0.00001
 0.00848   0.00002
 0.00941   0.00002
 0.01043   0.00002
 0.01153   0.00003
 0.01272   0.00003
 0.01402   0.00004
 0.01542   0.00005
 0.01693   0.00006
 0.01857   0.00007
 0.02032   0.00009
 0.02219   0.00011
 0.02422   0.00013
 0.02641   0.00015
 0.02875   0.00018
 0.03125   0.00021
 0.03392   0.00025
 0.03680   0.00029
 0.03986   0.00034
 0.04314   0.00040
 0.04664   0.00047
 0.05037   0.00055
 0.05455   0.00064
 0.05878   0.00074
 0.06330   0.00086
 0.06814   0.00100
 0.07324   0.00116
 0.07869   0.00133
 0.08444   0.00154
 0.09060   0.00177
 0.09753   0.00205
 0.10442   0.00235
 0.11179   0.00269
 0.11927   0.00306
 0.12746   0.00350
 0.13619   0.00399
 0.14555   0.00456
 0.15531   0.00518
 0.16558   0.00589
 0.17645   0.00669
 0.18806   0.00759
 0.20065   0.00863
 0.21485   0.00989
 0.22822   0.01115
 0.24312   0.01264
 0.25776   0.01419
 0.27412   0.01603
 0.29053   0.01798
 0.31281   0.02080
 0.33409   0.02367
 0.35460   0.02661
 0.37570   0.02980
 0.39818   0.03338
 0.42294   0.03753
 0.44827   0.04202
 0.47674   0.04732
 0.50466   0.05279
 0.54703   0.06157
 0.59083   0.07124
 0.62710   0.07967
 0.65808   0.08715
 0.68907   0.09489
 0.71881   0.10253
 0.74855   0.11038
 0.78239   0.11953
 0.81003   0.12717
 0.83766   0.13495
 0.86913   0.14395
 0.89868   0.15253
 0.92823   0.16122
 0.96096   0.17096
 1.00666   0.18471
 1.04855   0.19743
 1.08627   0.20894
 1.13781   0.22468
 1.17893   0.23720
 1.21667   0.24863
 1.26245   0.26236
 1.31080   0.27664
 1.34677   0.28708
 1.38273   0.29732
 1.41704   0.30690
 1.44974   0.31583
 1.48512   0.32524
 1.52122   0.33456
 1.56866   0.34633
 1.61211   0.35658
 1.65121   0.36535
 1.69031   0.37366
 1.72926   0.38145
 1.76558   0.38826
 1.80590   0.39528
 1.84698   0.40182
 1.89922   0.40922
 1.94819   0.41519
 2.00317   0.42072
 2.03260   0.42317
 2.05950   0.42508
 2.08392   0.42655
 2.10834   0.42776
 2.15494   0.42935
 2.19724   0.42995
 2.22694   0.42990
 2.25663   0.42946
 2.29098   0.42845
 2.30846   0.42773
 2.32594   0.42688
 2.34772   0.42562
 2.40374   0.42141
 2.43041   0.41891
 2.45470   0.41636
 2.48794   0.41244
 2.50516   0.41023
 2.52238   0.40788
 2.54133   0.40515
 2.60049   0.39563
 2.62871   0.39057
 2.65694   0.38518
 2.69021   0.37840
 2.71410   0.37326
 2.73798   0.36790
 2.79952   0.35306
 2.83700   0.34332
 2.87150   0.33391
 2.91755   0.32071
 2.96360   0.30679
 3.00692   0.29307
 3.05025   0.27879
 3.10144   0.26121
 3.15708   0.24131
 3.20980   0.22175
 3.27224   0.19778
 3.33427   0.17320
 3.39039   0.15039
 3.45163   0.12497
 3.50776   0.10126
 3.56794   0.07550
 3.62724   0.04987
 3.68553   0.02450
 3.74381  -0.00094
 3.80102  -0.02591
 3.85909  -0.05117
 3.91909  -0.07711
 3.97856  -0.10258
 4.04183  -0.12932
 4.10613  -0.15605
 4.17321  -0.18334
 4.24244  -0.21078
 4.31009  -0.23680
 4.38328  -0.26396
 4.45917  -0.29095
 4.50530  -0.30673
 4.55143  -0.32201
 4.60241  -0.33831
 4.65339  -0.35395
 4.70215  -0.36830
 4.75092  -0.38202
 4.80744  -0.39712
 4.89148  -0.41797
 4.95009  -0.43135
 5.00598  -0.44320
 5.08875  -0.45914
 5.15024  -0.46973
 5.20927  -0.47889
 5.29026  -0.48987
 5.34531  -0.49630
 5.40035  -0.50190
 5.46749  -0.50763
 5.50186  -0.51010
 5.53623  -0.51227
 5.57544  -0.51437
 5.65367  -0.51741
 5.69359  -0.51839
 5.73352  -0.51899
 5.79398  -0.51919
 5.84614  -0.51871
 5.89346  -0.51777
 5.94814  -0.51609
 5.99768  -0.51406
 6.06613  -0.51047
 6.10251  -0.50821
 6.13889  -0.50572
 6.18299  -0.50240
 6.25088  -0.49666
 6.29935  -0.49214
 6.34783  -0.48728
 6.40141  -0.48153
 6.49077  -0.47114
 6.56209  -0.46220
 6.60797  -0.45617
 6.65386  -0.44995
 6.71171  -0.44183
 6.76873  -0.43358
 6.86488  -0.41916
 6.96308  -0.40389
 7.06292  -0.38795
 7.16275  -0.37169
 7.26101  -0.35552
 7.35927  -0.33927
 7.44734  -0.32471
 7.53541  -0.31024
 7.60507  -0.29888
 7.67472  -0.28764
 7.77002  -0.27248
 7.86979  -0.25694
 7.97830  -0.24049
 8.08525  -0.22478
 8.18620  -0.21047
 8.29012  -0.19628
 8.39912  -0.18203
 8.50078  -0.16933
 8.60245  -0.15722
 8.71187  -0.14486
 8.81022  -0.13434
 8.90858  -0.12438
 9.01236  -0.11446
 9.11614  -0.10515
 9.22196  -0.09625
 9.32779  -0.08795
 9.42524  -0.08081
 9.52270  -0.07414
 9.62245  -0.06778
 9.72220  -0.06187
 9.81838  -0.05658
 9.91455  -0.05167
 10.01904  -0.04675
 10.12359  -0.04222
 10.22508  -0.03819
 10.32327  -0.03461
 10.42243  -0.03129
 10.52157  -0.02825
 10.62068  -0.02547
 10.71940  -0.02294
 10.81724  -0.02065
 10.91426  -0.01859
 11.01049  -0.01672
 11.10599  -0.01504
 11.20171  -0.01350
 11.29790  -0.01210
 11.39461  -0.01082
 11.49190  -0.00966
 11.58984  -0.00860
 11.68850  -0.00764
 11.78795  -0.00677
 11.88827  -0.00598
 11.98953  -0.00527
 12.09180  -0.00462
 12.19518  -0.00404
 12.29975  -0.00351
 12.40561  -0.00304
 12.51286  -0.00261
 12.62172  -0.00222
 12.73247  -0.00187
 12.84439  -0.00155
 12.95830  -0.00126
 13.07430  -0.00099
 13.19253  -0.00074
 13.31310  -0.00050
 13.38084  -0.00038
