 0.05068   0.00308   0.00685
 0.05123   0.00323   0.00701
 0.05177   0.00338   0.00716
 0.05233   0.00352   0.00732
 0.05289   0.00367   0.00748
 0.05346   0.00382   0.00764
 0.05403   0.00397   0.00781
 0.05462   0.00412   0.00798
 0.05520   0.00428   0.00815
 0.05580   0.00443   0.00832
 0.05640   0.00459   0.00850
 0.05701   0.00474   0.00868
 0.05763   0.00490   0.00886
 0.05825   0.00506   0.00904
 0.05888   0.00522   0.00922
 0.05952   0.00538   0.00941
 0.06006   0.00551   0.00957
 0.06054   0.00564   0.00972
 0.06120   0.00580   0.00991
 0.06186   0.00596   0.01011
 0.06253   0.00613   0.01031
 0.06321   0.00630   0.01051
 0.06389   0.00647   0.01071
 0.06458   0.00664   0.01092
 0.06528   0.00681   0.01113
 0.06599   0.00698   0.01134
 0.06670   0.00715   0.01156
 0.06743   0.00733   0.01177
 0.06816   0.00751   0.01199
 0.06889   0.00769   0.01222
 0.06964   0.00786   0.01244
 0.07039   0.00805   0.01267
 0.07112   0.00822   0.01289
 0.07189   0.00840   0.01312
 0.07266   0.00859   0.01336
 0.07345   0.00878   0.01360
 0.07424   0.00897   0.01384
 0.07504   0.00916   0.01408
 0.07585   0.00935   0.01433
 0.07667   0.00954   0.01458
 0.07749   0.00974   0.01483
 0.07833   0.00993   0.01509
 0.07917   0.01013   0.01535
 0.08002   0.01033   0.01561
 0.08090   0.01054   0.01588
 0.08177   0.01074   0.01615
 0.08265   0.01095   0.01642
 0.08353   0.01115   0.01669
 0.08443   0.01136   0.01697
 0.08534   0.01157   0.01725
 0.08625   0.01179   0.01753
 0.08718   0.01200   0.01781
 0.08811   0.01222   0.01810
 0.08906   0.01244   0.01839
 0.09001   0.01266   0.01869
 0.09104   0.01289   0.01901
 0.09202   0.01312   0.01931
 0.09300   0.01335   0.01961
 0.09399   0.01358   0.01992
 0.09500   0.01381   0.02023
 0.09601   0.01404   0.02055
 0.09704   0.01428   0.02087
 0.09808   0.01451   0.02119
 0.09912   0.01475   0.02151
 0.10018   0.01499   0.02184
 0.10122   0.01523   0.02217
 0.10230   0.01548   0.02250
 0.10339   0.01573   0.02284
 0.10449   0.01598   0.02318
 0.10560   0.01623   0.02353
 0.10672   0.01649   0.02388
 0.10786   0.01675   0.02423
 0.10901   0.01701   0.02459
 0.11016   0.01727   0.02495
 0.11135   0.01754   0.02532
 0.11253   0.01781   0.02569
 0.11373   0.01808   0.02606
 0.11493   0.01835   0.02644
 0.11615   0.01863   0.02682
 0.11739   0.01891   0.02720
 0.11863   0.01919   0.02759
 0.11989   0.01947   0.02799
 0.12116   0.01976   0.02838
 0.12248   0.02006   0.02880
 0.12378   0.02035   0.02920
 0.12509   0.02065   0.02961
 0.12641   0.02095   0.03002
 0.12775   0.02125   0.03044
 0.12910   0.02155   0.03086
 0.13030   0.02182   0.03124
 0.13139   0.02207   0.03158
 0.13278   0.02238   0.03202
 0.13418   0.02270   0.03245
 0.13560   0.02302   0.03290
 0.13703   0.02334   0.03334
 0.13847   0.02366   0.03380
 0.13993   0.02399   0.03425
 0.14141   0.02432   0.03471
 0.14292   0.02466   0.03519
 0.14443   0.02500   0.03566
 0.14595   0.02534   0.03614
 0.14749   0.02568   0.03662
 0.14904   0.02603   0.03710
 0.15044   0.02635   0.03754
 0.15174   0.02664   0.03795
 0.15334   0.02699   0.03845
 0.15495   0.02736   0.03895
 0.15658   0.02772   0.03946
 0.15822   0.02809   0.03997
 0.15988   0.02846   0.04049
 0.16156   0.02883   0.04102
 0.16331   0.02922   0.04156
 0.16502   0.02961   0.04210
 0.16675   0.02999   0.04264
 0.16850   0.03038   0.04319
 0.17027   0.03078   0.04374
 0.17208   0.03118   0.04431
 0.17388   0.03158   0.04487
 0.17570   0.03199   0.04544
 0.17754   0.03240   0.04602
 0.17940   0.03281   0.04660
 0.18128   0.03323   0.04719
 0.18320   0.03366   0.04779
 0.18512   0.03408   0.04838
 0.18706   0.03451   0.04899
 0.18901   0.03495   0.04960
 0.19099   0.03539   0.05022
 0.19287   0.03580   0.05080
 0.19488   0.03625   0.05143
 0.19692   0.03670   0.05207
 0.19898   0.03716   0.05271
 0.20106   0.03762   0.05336
 0.20304   0.03806   0.05398
 0.20516   0.03853   0.05464
 0.20730   0.03901   0.05531
 0.20947   0.03949   0.05598
 0.21165   0.03997   0.05666
 0.21389   0.04046   0.05736
 0.21612   0.04096   0.05806
 0.21838   0.04146   0.05876
 0.22029   0.04188   0.05936
 0.22220   0.04230   0.05995
 0.22452   0.04281   0.06067
 0.22686   0.04333   0.06140
 0.22923   0.04385   0.06214
 0.23162   0.04438   0.06288
 0.23407   0.04492   0.06364
 0.23651   0.04546   0.06440
 0.23897   0.04600   0.06516
 0.24146   0.04655   0.06594
 0.24401   0.04711   0.06673
 0.24655   0.04767   0.06752
 0.24912   0.04824   0.06831
 0.25172   0.04881   0.06912
 0.25438   0.04939   0.06994
 0.25703   0.04997   0.07076
 0.25970   0.05056   0.07159
 0.26241   0.05115   0.07243
 0.26531   0.05179   0.07333
 0.26808   0.05240   0.07418
 0.27040   0.05290   0.07490
 0.27273   0.05341   0.07562
 0.27557   0.05403   0.07650
 0.27844   0.05466   0.07738
 0.28134   0.05530   0.07828
 0.28397   0.05587   0.07909
 0.28693   0.05652   0.08000
 0.28992   0.05717   0.08092
 0.29294   0.05783   0.08185
 0.29604   0.05850   0.08280
 0.29912   0.05917   0.08375
 0.30224   0.05985   0.08471
 0.30543   0.06055   0.08569
 0.30862   0.06124   0.08667
 0.31183   0.06193   0.08765
 0.31505   0.06263   0.08864
 0.31833   0.06334   0.08964
 0.32165   0.06406   0.09066
 0.32471   0.06472   0.09159
 0.32809   0.06546   0.09263
 0.33110   0.06611   0.09355
 0.33382   0.06669   0.09438
 0.33731   0.06744   0.09544
 0.34005   0.06804   0.09627
 0.34280   0.06863   0.09711
 0.34638   0.06940   0.09820
 0.34999   0.07018   0.09930
 0.35365   0.07096   0.10040
 0.35734   0.07175   0.10153
 0.35980   0.07228   0.10227
 0.36225   0.07281   0.10301
 0.36609   0.07363   0.10417
 0.36991   0.07444   0.10533
 0.37377   0.07527   0.10650
 0.37774   0.07612   0.10769
 0.38037   0.07668   0.10848
 0.38300   0.07724   0.10928
 0.38700   0.07809   0.11048
 0.39013   0.07875   0.11142
 0.39325   0.07942   0.11236
 0.39736   0.08029   0.11359
 0.40019   0.08089   0.11444
 0.40282   0.08144   0.11522
 0.40703   0.08233   0.11648
 0.40967   0.08289   0.11727
 0.41231   0.08345   0.11806
 0.41651   0.08433   0.11931
 0.41975   0.08502   0.12027
 0.42300   0.08570   0.12124
 0.42750   0.08664   0.12257
 0.43037   0.08725   0.12343
 0.43298   0.08779   0.12420
 0.43752   0.08874   0.12554
 0.44054   0.08938   0.12644
 0.44357   0.09001   0.12733
 0.44823   0.09098   0.12870
 0.45293   0.09196   0.13009
 0.45775   0.09296   0.13150
 0.46256   0.09396   0.13292
 0.46705   0.09489   0.13423
 0.46975   0.09544   0.13502
 0.47246   0.09600   0.13581
 0.47693   0.09693   0.13711
 0.48020   0.09760   0.13807
 0.48319   0.09821   0.13894
 0.48828   0.09926   0.14041
 0.49342   0.10031   0.14190
 0.49869   0.10139   0.14343
 0.50395   0.10246   0.14494
 0.50940   0.10357   0.14651
 0.51478   0.10466   0.14806
 0.51960   0.10564   0.14944
 0.52441   0.10661   0.15081
 0.53107   0.10796   0.15271
 0.53738   0.10922   0.15451
 0.54307   0.11037   0.15612
 0.54836   0.11142   0.15761
 0.55417   0.11258   0.15925
 0.55885   0.11351   0.16057
 0.56352   0.11444   0.16188
 0.56867   0.11546   0.16332
 0.57471   0.11665   0.16501
 0.57931   0.11756   0.16629
 0.58391   0.11846   0.16757
 0.58975   0.11961   0.16918
 0.59603   0.12083   0.17092
 0.59988   0.12158   0.17198
 0.60373   0.12233   0.17304
 0.60875   0.12331   0.17441
 0.61376   0.12428   0.17578
 0.61909   0.12530   0.17723
 0.62571   0.12657   0.17903
 0.62945   0.12729   0.18004
 0.63319   0.12801   0.18105
 0.63804   0.12893   0.18236
 0.64489   0.13023   0.18420
 0.64946   0.13110   0.18542
 0.65402   0.13196   0.18664
 0.65996   0.13308   0.18822
 0.66706   0.13441   0.19010
 0.67430   0.13577   0.19201
 0.67945   0.13672   0.19336
 0.68460   0.13768   0.19471
 0.68930   0.13855   0.19594
 0.69400   0.13941   0.19716
 0.69965   0.14045   0.19862
 0.70722   0.14184   0.20058
 0.71568   0.14338   0.20274
 0.71954   0.14408   0.20373
 0.72341   0.14478   0.20472
 0.72861   0.14571   0.20603
 0.73653   0.14713   0.20803
 0.74504   0.14865   0.21017
 0.74949   0.14944   0.21128
 0.75394   0.15023   0.21239
 0.75969   0.15124   0.21382
 0.76800   0.15270   0.21587
 0.77720   0.15430   0.21812
 0.78513   0.15567   0.22005
 0.79095   0.15667   0.22145
 0.79676   0.15767   0.22285
 0.80553   0.15916   0.22495
 0.80943   0.15982   0.22587
 0.81332   0.16048   0.22680
 0.81830   0.16132   0.22797
 0.82735   0.16283   0.23009
 0.83476   0.16406   0.23182
 0.84002   0.16493   0.23304
 0.84528   0.16580   0.23425
 0.85018   0.16660   0.23537
 0.85463   0.16732   0.23639
 0.85945   0.16811   0.23748
 0.86426   0.16889   0.23857
 0.86908   0.16966   0.23966
 0.87390   0.17044   0.24073
 0.87930   0.17130   0.24194
 0.88914   0.17286   0.24411
 0.89638   0.17400   0.24570
 0.90361   0.17513   0.24728
 0.90892   0.17595   0.24842
 0.91424   0.17677   0.24956
 0.91992   0.17765   0.25078
 0.92744   0.17879   0.25237
 0.93497   0.17993   0.25395
 0.93960   0.18063   0.25492
 0.94423   0.18133   0.25588
 0.94873   0.18200   0.25681
 0.95323   0.18267   0.25774
 0.95803   0.18337   0.25872
 0.96473   0.18436   0.26008
 0.96929   0.18502   0.26100
 0.97385   0.18569   0.26191
 0.97931   0.18648   0.26300
 0.98630   0.18748   0.26438
 0.99083   0.18813   0.26527
 0.99515   0.18874   0.26611
 1.00660   0.19035   0.26832
 1.01523   0.19155   0.26996
 1.01926   0.19210   0.27072
 1.02329   0.19266   0.27148
 1.02819   0.19333   0.27240
 1.03605   0.19439   0.27385
 1.04014   0.19494   0.27460
 1.04423   0.19549   0.27535
 1.05109   0.19640   0.27659
 1.05758   0.19726   0.27775
 1.06459   0.19818   0.27900
 1.06952   0.19882   0.27986
 1.07445   0.19946   0.28072
 1.07893   0.20003   0.28150
 1.08340   0.20060   0.28227
 1.08838   0.20123   0.28312
 1.09494   0.20206   0.28423
 1.09984   0.20267   0.28505
 1.10474   0.20328   0.28586
 1.10884   0.20378   0.28654
 1.11294   0.20428   0.28721
 1.11751   0.20484   0.28796
 1.12469   0.20571   0.28911
 1.12979   0.20632   0.28992
 1.13489   0.20693   0.29073
 1.13897   0.20741   0.29137
 1.14306   0.20789   0.29200
 1.14774   0.20843   0.29273
 1.15448   0.20921   0.29375
 1.16104   0.20997   0.29474
 1.16746   0.21069   0.29570
 1.17432   0.21146   0.29671
 1.18117   0.21223   0.29770
 1.18866   0.21305   0.29877
 1.19659   0.21391   0.29988
 1.20421   0.21473   0.30094
 1.20873   0.21521   0.30156
 1.21325   0.21568   0.30217
 1.21814   0.21619   0.30282
 1.22542   0.21695   0.30379
 1.22933   0.21735   0.30429
 1.23323   0.21775   0.30480
 1.23815   0.21824   0.30543
 1.24562   0.21899   0.30637
 1.24995   0.21942   0.30691
 1.25428   0.21984   0.30744
 1.25933   0.22033   0.30806
 1.26439   0.22082   0.30866
 1.26885   0.22125   0.30919
 1.27332   0.22167   0.30972
 1.27826   0.22214   0.31029
 1.28619   0.22287   0.31119
 1.29343   0.22354   0.31200
 1.30004   0.22413   0.31273
 1.30794   0.22484   0.31357
 1.31489   0.22544   0.31430
 1.32005   0.22589   0.31483
 1.32520   0.22633   0.31536
 1.32939   0.22669   0.31578
 1.33357   0.22704   0.31619
 1.33890   0.22748   0.31671
 1.34878   0.22829   0.31765
 1.35831   0.22906   0.31852
 1.36643   0.22969   0.31924
 1.37387   0.23027   0.31989
 1.37956   0.23070   0.32037
 1.38525   0.23113   0.32084
 1.39097   0.23155   0.32130
 1.39669   0.23197   0.32176
 1.40501   0.23256   0.32240
 1.40992   0.23291   0.32276
 1.41483   0.23325   0.32312
 1.42019   0.23362   0.32351
 1.42507   0.23395   0.32385
 1.42914   0.23422   0.32413
 1.43321   0.23449   0.32440
 1.43811   0.23481   0.32472
 1.44553   0.23529   0.32519
 1.45095   0.23563   0.32553
 1.45636   0.23597   0.32585
 1.46519   0.23651   0.32636
 1.46958   0.23677   0.32660
 1.47397   0.23703   0.32684
 1.47998   0.23738   0.32716
 1.48689   0.23777   0.32750
 1.49379   0.23816   0.32783
 1.49961   0.23848   0.32810
 1.50542   0.23879   0.32836
 1.50960   0.23901   0.32853
 1.51379   0.23922   0.32871
 1.51964   0.23952   0.32894
 1.52973   0.24002   0.32931
 1.53982   0.24051   0.32964
 1.54726   0.24085   0.32987
 1.55469   0.24118   0.33008
 1.55899   0.24137   0.33019
 1.56330   0.24156   0.33030
 1.56828   0.24177   0.33041
 1.57645   0.24210   0.33058
 1.58393   0.24240   0.33072
 1.58941   0.24261   0.33081
 1.59489   0.24282   0.33089
 1.59996   0.24301   0.33095
 1.60503   0.24319   0.33101
 1.61593   0.24356   0.33110
 1.62657   0.24391   0.33115
 1.63512   0.24418   0.33116
 1.63925   0.24430   0.33116
 1.64339   0.24442   0.33115
 1.64851   0.24456   0.33113
 1.65640   0.24478   0.33109
 1.66390   0.24497   0.33103
 1.66929   0.24511   0.33097
 1.67468   0.24523   0.33091
 1.68110   0.24538   0.33082
 1.68828   0.24554   0.33070
 1.69570   0.24569   0.33056
 1.69957   0.24576   0.33048
 1.70343   0.24583   0.33039
 1.70885   0.24593   0.33027
 1.71745   0.24608   0.33004
 1.72461   0.24619   0.32984
 1.72990   0.24626   0.32968
 1.73519   0.24633   0.32951
 1.74006   0.24640   0.32934
 1.74494   0.24645   0.32917
 1.75806   0.24659   0.32866
 1.76566   0.24665   0.32834
 1.76973   0.24669   0.32816
 1.77380   0.24671   0.32798
 1.78002   0.24675   0.32768
 1.78870   0.24679   0.32725
 1.79528   0.24682   0.32691
 1.79934   0.24683   0.32669
 1.80340   0.24684   0.32647
 1.80860   0.24684   0.32617
 1.81924   0.24685   0.32554
 1.82891   0.24683   0.32493
 1.83904   0.24680   0.32427
 1.84882   0.24675   0.32359
 1.85856   0.24669   0.32288
 1.86789   0.24661   0.32218
 1.87468   0.24655   0.32165
 1.88107   0.24649   0.32113
 1.88683   0.24642   0.32066
 1.89259   0.24635   0.32017
 1.89821   0.24628   0.31969
 1.90695   0.24616   0.31892
 1.91483   0.24604   0.31820
 1.92002   0.24595   0.31771
 1.92521   0.24586   0.31722
 1.93619   0.24566   0.31615
 1.94542   0.24548   0.31522
 1.95466   0.24528   0.31426
 1.96099   0.24514   0.31359
 1.96708   0.24500   0.31293
 1.97475   0.24481   0.31208
 1.97901   0.24470   0.31160
 1.98326   0.24459   0.31112
 1.98824   0.24446   0.31055
 1.99680   0.24422   0.30954
 2.00457   0.24400   0.30861
 2.00821   0.24389   0.30817
 2.01185   0.24378   0.30772
 2.01529   0.24367   0.30730
 2.04647   0.24264   0.30326
 2.07787   0.24146   0.29889
 2.10908   0.24015   0.29425
 2.11157   0.24004   0.29387
 2.11406   0.23993   0.29348
 2.13896   0.23877   0.28953
 2.17007   0.23722   0.28434
 2.20118   0.23554   0.27886
 2.20488   0.23533   0.27819
 2.20858   0.23512   0.27751
 2.21177   0.23494   0.27693
 2.21495   0.23476   0.27634
 2.24597   0.23291   0.27048
 2.27721   0.23094   0.26431
 2.30847   0.22885   0.25786
 2.31181   0.22862   0.25716
 2.31510   0.22839   0.25646
 2.34639   0.22617   0.24969
 2.37788   0.22384   0.24261
 2.40943   0.22139   0.23528
 2.41211   0.22118   0.23464
 2.41453   0.22099   0.23407
 2.43877   0.21903   0.22823
 2.47056   0.21638   0.22037
 2.50246   0.21364   0.21224
 2.50675   0.21326   0.21112
 2.50921   0.21304   0.21049
 2.51166   0.21283   0.20985
 2.51390   0.21263   0.20926
 2.53626   0.21063   0.20337
 2.56842   0.20768   0.19471
 2.60069   0.20464   0.18579
 2.60453   0.20427   0.18472
 2.60837   0.20391   0.18364
 2.61193   0.20357   0.18264
 2.61538   0.20323   0.18167
 2.64782   0.20007   0.17240
 2.68043   0.19682   0.16289
 2.68794   0.19606   0.16067
 2.69544   0.19530   0.15844
 2.70937   0.19388   0.15429
 2.71165   0.19364   0.15360
 2.71373   0.19343   0.15297
 2.73451   0.19128   0.14669
 2.76744   0.18783   0.13659
 2.80048   0.18431   0.12629
 2.80446   0.18388   0.12503
 2.80844   0.18345   0.12378
 2.81180   0.18309   0.12272
 2.81498   0.18275   0.12171
 2.84680   0.17929   0.11157
 2.88015   0.17562   0.10079
 2.88754   0.17480   0.09839
 2.89493   0.17398   0.09597
 2.90837   0.17248   0.09156
 2.91213   0.17206   0.09033
 2.91589   0.17164   0.08909
 2.94941   0.16787   0.07798
 2.98308   0.16404   0.06670
 2.99122   0.16312   0.06396
 2.99935   0.16219   0.06121
 3.00981   0.16099   0.05767
 3.01662   0.16021   0.05536
 3.02286   0.15949   0.05324
 3.05668   0.15560   0.04169
 3.09063   0.15167   0.03001
 3.10042   0.15053   0.02662
 3.10525   0.14997   0.02495
 3.10857   0.14958   0.02380
 3.11189   0.14920   0.02265
 3.11630   0.14869   0.02113
 3.15032   0.14472   0.00930
 3.18449   0.14074  -0.00264
 3.19284   0.13976  -0.00556
 3.20119   0.13878  -0.00849
 3.20608   0.13821  -0.01020
 3.20865   0.13791  -0.01110
 3.20992   0.13776  -0.01155
 3.21119   0.13762  -0.01200
 3.21312   0.13739  -0.01267
 3.23242   0.13514  -0.01945
 3.26666   0.13114  -0.03150
 3.30096   0.12714  -0.04358
 3.30475   0.12670  -0.04492
 3.30853   0.12626  -0.04625
 3.31166   0.12589  -0.04736
 3.31456   0.12555  -0.04838
 3.34360   0.12218  -0.05861
 3.37794   0.11820  -0.07071
 3.38597   0.11727  -0.07353
 3.39401   0.11635  -0.07636
 3.40616   0.11495  -0.08063
 3.40900   0.11462  -0.08163
 3.41150   0.11433  -0.08251
 3.41401   0.11404  -0.08339
 3.43905   0.11117  -0.09218
 3.47334   0.10725  -0.10418
 3.50762   0.10337  -0.11612
 3.50945   0.10316  -0.11676
 3.51128   0.10295  -0.11739
 3.51298   0.10276  -0.11799
 3.53005   0.10084  -0.12391
 3.56418   0.09702  -0.13570
 3.59833   0.09323  -0.14742
 3.60899   0.09206  -0.15106
 3.61173   0.09175  -0.15200
 3.61428   0.09147  -0.15287
 3.63973   0.08869  -0.16152
 3.67366   0.08501  -0.17297
 3.70754   0.08138  -0.18429
 3.71337   0.08076  -0.18623
 3.71920   0.08014  -0.18816
 3.75277   0.07660  -0.19924
 3.78639   0.07310  -0.21020
 3.79439   0.07227  -0.21280
 3.80240   0.07145  -0.21538
 3.80609   0.07107  -0.21657
 3.80979   0.07069  -0.21776
 3.81440   0.07022  -0.21924
 3.81856   0.06980  -0.22058
 3.85174   0.06644  -0.23114
 3.88497   0.06312  -0.24158
 3.89254   0.06238  -0.24394
 3.90011   0.06163  -0.24629
 3.90931   0.06073  -0.24913
 3.91116   0.06055  -0.24970
 3.91301   0.06037  -0.25027
 3.93147   0.05857  -0.25594
 3.96423   0.05543  -0.26587
 3.99694   0.05235  -0.27562
 4.00974   0.05116  -0.27939
 4.01290   0.05086  -0.28032
 4.01577   0.05060  -0.28116
 4.04441   0.04797  -0.28948
 4.07667   0.04506  -0.29869
 4.10879   0.04222  -0.30769
 4.11004   0.04211  -0.30804
 4.11118   0.04201  -0.30836
 4.12257   0.04102  -0.31150
 4.15427   0.03830  -0.32013
 4.18594   0.03563  -0.32857
 4.19284   0.03506  -0.33039
 4.19973   0.03449  -0.33220
 4.20859   0.03376  -0.33450
 4.20994   0.03365  -0.33485
 4.21129   0.03354  -0.33520
 4.21313   0.03339  -0.33568
 4.23160   0.03188  -0.34043
 4.26269   0.02940  -0.34827
 4.29368   0.02698  -0.35591
 4.30202   0.02634  -0.35793
 4.30525   0.02609  -0.35872
 4.30849   0.02584  -0.35950
 4.30976   0.02575  -0.35980
 4.31102   0.02565  -0.36010
 4.31232   0.02555  -0.36041
 4.32529   0.02457  -0.36351
 4.35572   0.02230  -0.37064
 4.38607   0.02009  -0.37756
 4.39232   0.01964  -0.37896
 4.39857   0.01919  -0.38036
 4.40823   0.01851  -0.38250
 4.41253   0.01821  -0.38344
 4.41649   0.01793  -0.38431
 4.44619   0.01587  -0.39072
 4.47586   0.01386  -0.39694
 4.50532   0.01192  -0.40294
 4.50864   0.01170  -0.40360
 4.51196   0.01149  -0.40426
 4.51505   0.01129  -0.40488
 4.54393   0.00945  -0.41051
 4.57277   0.00766  -0.41597
 4.60138   0.00594  -0.42120
 4.60829   0.00553  -0.42244
 4.60968   0.00545  -0.42269
 4.61071   0.00538  -0.42287
 4.61166   0.00533  -0.42304
 4.62122   0.00477  -0.42473
 4.64912   0.00316  -0.42954
 4.67693   0.00160  -0.43417
 4.70443   0.00010  -0.43859
 4.70709  -0.00004  -0.43900
 4.70974  -0.00018  -0.43942
 4.71066  -0.00023  -0.43956
 4.71149  -0.00027  -0.43969
 4.71979  -0.00071  -0.44098
 4.74649  -0.00210  -0.44502
 4.77306  -0.00345  -0.44888
 4.79926  -0.00474  -0.45254
 4.80950  -0.00523  -0.45393
 4.81059  -0.00528  -0.45408
 4.81164  -0.00533  -0.45422
 4.82214  -0.00583  -0.45561
 4.84718  -0.00699  -0.45884
 4.87199  -0.00812  -0.46191
 4.89625  -0.00918  -0.46478
 4.90098  -0.00938  -0.46532
 4.90571  -0.00959  -0.46586
 4.90713  -0.00965  -0.46603
 4.90855  -0.00971  -0.46619
 4.90942  -0.00974  -0.46628
 4.90995  -0.00977  -0.46634
 4.91049  -0.00979  -0.46641
 4.91110  -0.00982  -0.46647
 4.91720  -0.01007  -0.46715
 4.93950  -0.01100  -0.46958
 4.96154  -0.01189  -0.47187
 4.98257  -0.01271  -0.47395
 5.00224  -0.01347  -0.47582
 5.00605  -0.01361  -0.47617
 5.00987  -0.01375  -0.47652
 5.00996  -0.01376  -0.47653
 5.01005  -0.01376  -0.47654
 5.01021  -0.01377  -0.47655
 5.01178  -0.01382  -0.47669
 5.02462  -0.01430  -0.47784
 5.04094  -0.01489  -0.47925
 5.05962  -0.01555  -0.48079
 5.08014  -0.01625  -0.48239
 5.10225  -0.01699  -0.48403
 5.10711  -0.01715  -0.48437
 5.10874  -0.01720  -0.48448
 5.10948  -0.01723  -0.48454
 5.10995  -0.01724  -0.48457
 5.11043  -0.01726  -0.48460
 5.11096  -0.01727  -0.48464
 5.11633  -0.01745  -0.48501
 5.14101  -0.01823  -0.48664
 5.16660  -0.01900  -0.48819
 5.19357  -0.01979  -0.48969
 5.19925  -0.01995  -0.48998
 5.20494  -0.02011  -0.49027
 5.20690  -0.02016  -0.49037
 5.20886  -0.02022  -0.49047
 5.20992  -0.02025  -0.49052
 5.21099  -0.02027  -0.49057
 5.21203  -0.02030  -0.49062
 5.22252  -0.02059  -0.49112
 5.25317  -0.02140  -0.49246
 5.28458  -0.02219  -0.49363
 5.29128  -0.02235  -0.49386
 5.29799  -0.02251  -0.49407
 5.30546  -0.02269  -0.49430
 5.30795  -0.02275  -0.49438
 5.30932  -0.02278  -0.49442
 5.30986  -0.02279  -0.49443
 5.31040  -0.02281  -0.49445
 5.31098  -0.02282  -0.49447
 5.31676  -0.02295  -0.49463
 5.35450  -0.02379  -0.49555
 5.39208  -0.02457  -0.49618
 5.40114  -0.02475  -0.49630
 5.40426  -0.02481  -0.49633
 5.40738  -0.02487  -0.49637
 5.40889  -0.02490  -0.49638
 5.40978  -0.02492  -0.49639
 5.41066  -0.02493  -0.49640
 5.41147  -0.02495  -0.49641
 5.41956  -0.02510  -0.49648
 5.45426  -0.02573  -0.49666
 5.48909  -0.02632  -0.49661
 5.49568  -0.02642  -0.49658
 5.50226  -0.02653  -0.49654
 5.50916  -0.02663  -0.49648
 5.50996  -0.02665  -0.49648
 5.51076  -0.02666  -0.49647
 5.51182  -0.02667  -0.49646
 5.52240  -0.02683  -0.49636
 5.55287  -0.02727  -0.49596
 5.58321  -0.02767  -0.49540
 5.58908  -0.02775  -0.49528
 5.59494  -0.02782  -0.49515
 5.60133  -0.02790  -0.49500
 5.60771  -0.02798  -0.49484
 5.60906  -0.02799  -0.49481
 5.60992  -0.02800  -0.49478
 5.61079  -0.02801  -0.49476
 5.61179  -0.02802  -0.49474
 5.62179  -0.02814  -0.49447
 5.64939  -0.02844  -0.49365
 5.67687  -0.02872  -0.49270
 5.70359  -0.02896  -0.49167
 5.70970  -0.02902  -0.49142
 5.71053  -0.02902  -0.49139
 5.71135  -0.02903  -0.49135
 5.71959  -0.02910  -0.49100
 5.74465  -0.02930  -0.48987
 5.76959  -0.02948  -0.48864
 5.79383  -0.02963  -0.48737
 5.79854  -0.02966  -0.48711
 5.80324  -0.02969  -0.48685
 5.80837  -0.02972  -0.48656
 5.80939  -0.02972  -0.48650
 5.81013  -0.02973  -0.48646
 5.81081  -0.02973  -0.48642
 5.81757  -0.02977  -0.48603
 5.83983  -0.02988  -0.48470
 5.86194  -0.02998  -0.48332
 5.88328  -0.03006  -0.48191
 5.90377  -0.03013  -0.48051
 5.90799  -0.03014  -0.48021
 5.90990  -0.03015  -0.48008
 5.91057  -0.03015  -0.48003
 5.91118  -0.03015  -0.47999
 5.91726  -0.03017  -0.47955
 5.93538  -0.03022  -0.47823
 5.95316  -0.03025  -0.47689
 5.96782  -0.03028  -0.47575
 5.97991  -0.03029  -0.47480
 5.99191  -0.03031  -0.47383
 6.00583  -0.03032  -0.47268
 6.00928  -0.03032  -0.47240
 6.00972  -0.03032  -0.47236
 6.01006  -0.03032  -0.47233
 6.01039  -0.03032  -0.47230
 6.01374  -0.03032  -0.47202
 6.02989  -0.03033  -0.47065
 6.04724  -0.03033  -0.46914
 6.06551  -0.03032  -0.46751
 6.08454  -0.03030  -0.46578
 6.10424  -0.03027  -0.46393
 6.10943  -0.03027  -0.46344
 6.11066  -0.03026  -0.46333
 6.11182  -0.03026  -0.46321
 6.12341  -0.03024  -0.46210
 6.14414  -0.03020  -0.46008
 6.16542  -0.03015  -0.45795
 6.18714  -0.03009  -0.45573
 6.20924  -0.03001  -0.45342
 6.21104  -0.03001  -0.45323
 6.21283  -0.03000  -0.45304
 6.23074  -0.02994  -0.45113
 6.25349  -0.02984  -0.44866
 6.27658  -0.02974  -0.44611
 6.29995  -0.02963  -0.44347
 6.30430  -0.02961  -0.44298
 6.30864  -0.02959  -0.44248
 6.31002  -0.02958  -0.44232
 6.31136  -0.02957  -0.44217
 6.32473  -0.02950  -0.44063
 6.34851  -0.02937  -0.43785
 6.37260  -0.02923  -0.43498
 6.39688  -0.02908  -0.43205
 6.40465  -0.02903  -0.43110
 6.40793  -0.02901  -0.43070
 6.40998  -0.02900  -0.43045
 6.41204  -0.02899  -0.43020
 6.41561  -0.02896  -0.42976
 6.43999  -0.02880  -0.42674
 6.46475  -0.02863  -0.42363
 6.48965  -0.02844  -0.42046
 6.49691  -0.02839  -0.41953
 6.50418  -0.02833  -0.41859
 6.50796  -0.02831  -0.41810
 6.50971  -0.02829  -0.41788
 6.51146  -0.02828  -0.41765
 6.51333  -0.02826  -0.41741
 6.53205  -0.02812  -0.41497
 6.55721  -0.02792  -0.41166
 6.58252  -0.02771  -0.40829
 6.60792  -0.02749  -0.40488
 6.61004  -0.02747  -0.40460
 6.61203  -0.02745  -0.40433
 6.63190  -0.02728  -0.40163
 6.65740  -0.02705  -0.39814
 6.68300  -0.02682  -0.39461
 6.70865  -0.02658  -0.39104
 6.71218  -0.02655  -0.39055
 6.71569  -0.02651  -0.39006
 6.74118  -0.02627  -0.38648
 6.76692  -0.02602  -0.38284
 6.79268  -0.02576  -0.37917
 6.80105  -0.02568  -0.37798
 6.80942  -0.02559  -0.37678
 6.81356  -0.02555  -0.37619
 6.81731  -0.02551  -0.37565
 6.84290  -0.02525  -0.37197
 6.86870  -0.02499  -0.36824
 6.89450  -0.02472  -0.36449
 6.90379  -0.02462  -0.36314
 6.90850  -0.02457  -0.36245
 6.91223  -0.02453  -0.36191
 6.91595  -0.02449  -0.36137
 6.94154  -0.02422  -0.35762
 6.96731  -0.02395  -0.35384
 6.99306  -0.02367  -0.35006
 7.00214  -0.02357  -0.34872
 7.00658  -0.02352  -0.34806
 7.00950  -0.02349  -0.34763
 7.01243  -0.02346  -0.34720
 7.01557  -0.02342  -0.34674
 7.04107  -0.02314  -0.34297
 7.06675  -0.02286  -0.33917
 7.09240  -0.02258  -0.33537
 7.10152  -0.02248  -0.33402
 7.10605  -0.02243  -0.33335
 7.10893  -0.02240  -0.33292
 7.11181  -0.02237  -0.33249
 7.11523  -0.02233  -0.33199
 7.14061  -0.02205  -0.32822
 7.16615  -0.02176  -0.32443
 7.19164  -0.02148  -0.32065
 7.20077  -0.02137  -0.31929
 7.20989  -0.02127  -0.31794
 7.23516  -0.02099  -0.31419
 7.26231  -0.02069  -0.31017
 7.28764  -0.02040  -0.30643
 7.29580  -0.02031  -0.30522
 7.30397  -0.02022  -0.30402
 7.30874  -0.02017  -0.30331
 7.31295  -0.02012  -0.30269
 7.31676  -0.02008  -0.30213
 7.34178  -0.01980  -0.29844
 7.36692  -0.01952  -0.29475
 7.39201  -0.01924  -0.29107
 7.40152  -0.01913  -0.28967
 7.40613  -0.01908  -0.28900
 7.41074  -0.01903  -0.28833
 7.41526  -0.01898  -0.28766
 7.44006  -0.01871  -0.28405
 7.46498  -0.01843  -0.28042
 7.48984  -0.01816  -0.27682
 7.50001  -0.01805  -0.27535
 7.50706  -0.01797  -0.27433
 7.51412  -0.01790  -0.27332
 7.52412  -0.01779  -0.27188
 7.54871  -0.01752  -0.26835
 7.57336  -0.01725  -0.26482
 7.59795  -0.01699  -0.26133
 7.60416  -0.01692  -0.26044
 7.60837  -0.01688  -0.25985
 7.61257  -0.01683  -0.25925
 7.61783  -0.01678  -0.25851
 7.64216  -0.01652  -0.25508
 7.66657  -0.01626  -0.25165
 7.69093  -0.01600  -0.24825
 7.70048  -0.01590  -0.24692
 7.71002  -0.01580  -0.24560
 7.72050  -0.01570  -0.24415
 7.74460  -0.01545  -0.24083
 7.76875  -0.01520  -0.23752
 7.79285  -0.01495  -0.23424
 7.80293  -0.01485  -0.23287
 7.80898  -0.01479  -0.23205
 7.81502  -0.01473  -0.23123
 7.82090  -0.01467  -0.23044
 7.84471  -0.01443  -0.22724
 7.86861  -0.01420  -0.22405
 7.89244  -0.01396  -0.22090
 7.90246  -0.01386  -0.21957
 7.90838  -0.01381  -0.21880
 7.91429  -0.01375  -0.21802
 7.91965  -0.01370  -0.21732
 7.94320  -0.01347  -0.21424
 7.96684  -0.01324  -0.21118
 7.99042  -0.01302  -0.20815
 8.00858  -0.01285  -0.20583
 8.01573  -0.01278  -0.20492
 8.02223  -0.01272  -0.20410
 8.04553  -0.01251  -0.20115
 8.06891  -0.01229  -0.19823
 8.09223  -0.01208  -0.19533
 8.10226  -0.01199  -0.19409
 8.10828  -0.01194  -0.19335
 8.11431  -0.01189  -0.19261
 8.11986  -0.01184  -0.19193
 8.14290  -0.01163  -0.18912
 8.16603  -0.01143  -0.18632
 8.18911  -0.01123  -0.18356
 8.19842  -0.01115  -0.18245
 8.20774  -0.01107  -0.18134
 8.21408  -0.01102  -0.18059
 8.22043  -0.01096  -0.17984
 8.24323  -0.01077  -0.17716
 8.26611  -0.01058  -0.17450
 8.28893  -0.01039  -0.17187
 8.29871  -0.01032  -0.17075
 8.30850  -0.01024  -0.16964
 8.31709  -0.01017  -0.16866
 8.32485  -0.01010  -0.16779
 8.34741  -0.00992  -0.16525
 8.37003  -0.00975  -0.16273
 8.39259  -0.00957  -0.16024
 8.40275  -0.00949  -0.15913
 8.40930  -0.00944  -0.15842
 8.41585  -0.00939  -0.15770
 8.42322  -0.00934  -0.15691
 8.44554  -0.00917  -0.15450
 8.46792  -0.00900  -0.15212
 8.49025  -0.00884  -0.14976
 8.49946  -0.00877  -0.14880
 8.50866  -0.00871  -0.14784
 8.51980  -0.00863  -0.14668
 8.52982  -0.00855  -0.14564
 8.55191  -0.00840  -0.14338
 8.57404  -0.00824  -0.14114
 8.59612  -0.00809  -0.13892
 8.60748  -0.00801  -0.13779
 8.61505  -0.00796  -0.13704
 8.62216  -0.00792  -0.13634
 8.64401  -0.00777  -0.13420
 8.66593  -0.00763  -0.13207
 8.68780  -0.00748  -0.12998
 8.70961  -0.00734  -0.12791
 8.73138  -0.00721  -0.12587
 8.75361  -0.00707  -0.12381
 8.77528  -0.00694  -0.12183
 8.79690  -0.00680  -0.11987
 8.80861  -0.00673  -0.11882
 8.82031  -0.00667  -0.11778
 8.83101  -0.00660  -0.11683
 8.85242  -0.00648  -0.11495
 8.87387  -0.00636  -0.11309
 8.89527  -0.00623  -0.11126
 8.90619  -0.00617  -0.11033
 8.91571  -0.00612  -0.10952
 8.92522  -0.00607  -0.10872
 8.94642  -0.00595  -0.10696
 8.96767  -0.00584  -0.10521
 8.98887  -0.00573  -0.10349
 9.01002  -0.00562  -0.10179
 9.03177  -0.00551  -0.10006
 9.05284  -0.00540  -0.09841
 9.07386  -0.00530  -0.09679
 9.09483  -0.00519  -0.09519
 9.10556  -0.00514  -0.09437
 9.11628  -0.00509  -0.09357
 9.13170  -0.00502  -0.09242
 9.15251  -0.00492  -0.09089
 9.17332  -0.00482  -0.08937
 9.19409  -0.00473  -0.08788
 9.20456  -0.00468  -0.08713
 9.21016  -0.00466  -0.08674
 9.21575  -0.00463  -0.08634
 9.23632  -0.00454  -0.08490
 9.25696  -0.00446  -0.08348
 9.27756  -0.00437  -0.08207
 9.29812  -0.00428  -0.08069
 9.30715  -0.00424  -0.08009
 9.31618  -0.00421  -0.07949
 9.32433  -0.00417  -0.07895
 9.34470  -0.00409  -0.07762
 9.36512  -0.00401  -0.07631
 9.38551  -0.00393  -0.07501
 9.40586  -0.00385  -0.07374
 9.41649  -0.00381  -0.07308
 9.42712  -0.00377  -0.07242
 9.44731  -0.00370  -0.07119
 9.46754  -0.00363  -0.06997
 9.48773  -0.00355  -0.06877
 9.50788  -0.00348  -0.06760
 9.51856  -0.00345  -0.06698
 9.52825  -0.00341  -0.06642
 9.54824  -0.00334  -0.06528
 9.56828  -0.00328  -0.06416
 9.58828  -0.00321  -0.06305
 9.60824  -0.00315  -0.06196
 9.62178  -0.00310  -0.06123
 9.63412  -0.00306  -0.06057
 9.65394  -0.00300  -0.05952
 9.67378  -0.00294  -0.05849
 9.69358  -0.00288  -0.05747
 9.70957  -0.00284  -0.05666
 9.72555  -0.00279  -0.05586
 9.74463  -0.00273  -0.05491
 9.76430  -0.00268  -0.05395
 9.78395  -0.00262  -0.05301
 9.80355  -0.00257  -0.05208
 9.81765  -0.00253  -0.05142
 9.83115  -0.00250  -0.05079
 9.85063  -0.00245  -0.04990
 9.87012  -0.00240  -0.04902
 9.88957  -0.00235  -0.04815
 9.90900  -0.00230  -0.04730
 9.92839  -0.00225  -0.04646
 9.94739  -0.00221  -0.04565
 9.96671  -0.00216  -0.04484
 9.98600  -0.00212  -0.04404
 10.00526  -0.00207  -0.04326
 10.01710  -0.00205  -0.04278
 10.02894  -0.00202  -0.04231
 10.04807  -0.00198  -0.04156
 10.06722  -0.00194  -0.04081
 10.08634  -0.00190  -0.04008
 10.10543  -0.00186  -0.03936
 10.11701  -0.00183  -0.03893
 10.12858  -0.00181  -0.03850
 10.14755  -0.00177  -0.03781
 10.16653  -0.00174  -0.03713
 10.18549  -0.00170  -0.03646
 10.20442  -0.00167  -0.03580
 10.21788  -0.00164  -0.03534
 10.23134  -0.00162  -0.03488
 10.25015  -0.00158  -0.03425
 10.26897  -0.00155  -0.03362
 10.28777  -0.00152  -0.03301
 10.30653  -0.00149  -0.03241
 10.31695  -0.00147  -0.03208
 10.32689  -0.00145  -0.03177
 10.34552  -0.00142  -0.03119
 10.36419  -0.00139  -0.03061
 10.38284  -0.00136  -0.03005
 10.40145  -0.00133  -0.02950
 10.40980  -0.00132  -0.02925
 10.41815  -0.00131  -0.02901
 10.43201  -0.00129  -0.02861
 10.45051  -0.00126  -0.02808
 10.46902  -0.00123  -0.02756
 10.48750  -0.00121  -0.02705
 10.50596  -0.00118  -0.02655
 10.51769  -0.00116  -0.02624
 10.52885  -0.00115  -0.02594
 10.54719  -0.00112  -0.02546
 10.56555  -0.00110  -0.02498
 10.58389  -0.00108  -0.02452
 10.60220  -0.00105  -0.02406
 10.62048  -0.00103  -0.02361
 10.63848  -0.00101  -0.02317
 10.65671  -0.00099  -0.02273
 10.67491  -0.00096  -0.02230
 10.69308  -0.00094  -0.02188
 10.70373  -0.00093  -0.02164
 10.71117  -0.00092  -0.02147
 10.71861  -0.00091  -0.02130
 10.73664  -0.00089  -0.02090
 10.75472  -0.00087  -0.02050
 10.77278  -0.00085  -0.02011
 10.79082  -0.00084  -0.01972
 10.80883  -0.00082  -0.01935
 10.82681  -0.00080  -0.01898
 10.84487  -0.00078  -0.01861
 10.86280  -0.00076  -0.01825
 10.88071  -0.00075  -0.01790
 10.89859  -0.00073  -0.01755
 10.90852  -0.00072  -0.01736
 10.91845  -0.00071  -0.01717
 10.92933  -0.00070  -0.01697
 10.94710  -0.00069  -0.01663
 10.96489  -0.00067  -0.01631
 10.98265  -0.00066  -0.01599
 11.00039  -0.00064  -0.01567
 11.00956  -0.00063  -0.01551
 11.01872  -0.00063  -0.01535
 11.03192  -0.00062  -0.01513
 11.04956  -0.00060  -0.01483
 11.06721  -0.00059  -0.01453
 11.08484  -0.00057  -0.01424
 11.10244  -0.00056  -0.01396
 11.12002  -0.00055  -0.01368
 11.13717  -0.00054  -0.01341
 11.15470  -0.00052  -0.01313
 11.17221  -0.00051  -0.01287
 11.18970  -0.00050  -0.01260
 11.20716  -0.00049  -0.01235
 11.22280  -0.00048  -0.01212
 11.23705  -0.00047  -0.01191
 11.25443  -0.00046  -0.01167
 11.27181  -0.00045  -0.01142
 11.28917  -0.00044  -0.01118
 11.30650  -0.00043  -0.01095
 11.31837  -0.00042  -0.01079
 11.32921  -0.00041  -0.01065
 11.34645  -0.00040  -0.01042
 11.36371  -0.00039  -0.01020
 11.38095  -0.00038  -0.00998
 11.39817  -0.00037  -0.00977
 11.40952  -0.00036  -0.00963
 11.42087  -0.00036  -0.00949
 11.43681  -0.00035  -0.00930
 11.45395  -0.00034  -0.00909
 11.47107  -0.00033  -0.00889
 11.48818  -0.00032  -0.00869
 11.50526  -0.00031  -0.00850
 11.51932  -0.00030  -0.00834
 11.53249  -0.00030  -0.00819
 11.54950  -0.00029  -0.00801
 11.56650  -0.00028  -0.00782
 11.58349  -0.00027  -0.00764
 11.60046  -0.00026  -0.00746
 11.60973  -0.00026  -0.00737
 11.61900  -0.00025  -0.00727
 11.63438  -0.00024  -0.00711
 11.65128  -0.00023  -0.00694
 11.66817  -0.00022  -0.00677
 11.68503  -0.00022  -0.00661
 11.70188  -0.00021  -0.00644
 11.70889  -0.00021  -0.00638
 11.71589  -0.00020  -0.00631
 11.72500  -0.00020  -0.00622
 11.74174  -0.00019  -0.00607
 11.75852  -0.00018  -0.00591
 11.77528  -0.00017  -0.00576
 11.79202  -0.00016  -0.00561
 11.80874  -0.00015  -0.00546
 11.82544  -0.00015  -0.00531
 11.84253  -0.00014  -0.00516
 11.85919  -0.00013  -0.00502
 11.87583  -0.00012  -0.00488
 11.89245  -0.00011  -0.00474
 11.90906  -0.00011  -0.00460
 11.92564  -0.00010  -0.00446
 11.94271  -0.00010  -0.00433
 11.95925  -0.00009  -0.00419
 11.97578  -0.00009  -0.00406
 11.99229  -0.00008  -0.00393
 12.00878  -0.00008  -0.00380
 12.02525  -0.00007  -0.00368
 12.04216  -0.00007  -0.00355
 12.05860  -0.00007  -0.00342
 12.07502  -0.00006  -0.00330
 12.09141  -0.00006  -0.00318
 12.10779  -0.00006  -0.00306
 12.12416  -0.00005  -0.00294
 12.14033  -0.00005  -0.00282
 12.15665  -0.00005  -0.00270
 12.17296  -0.00005  -0.00259
 12.18925  -0.00005  -0.00247
 12.20552  -0.00005  -0.00236
 12.21981  -0.00004  -0.00226
 12.23305  -0.00004  -0.00216
 12.24925  -0.00003  -0.00205
 12.26546  -0.00003  -0.00194
 12.28165  -0.00002  -0.00183
 12.29783  -0.00002  -0.00172
 12.30881  -0.00001  -0.00165
 12.31980  -0.00001  -0.00158
 12.33346  -0.00001  -0.00149
 12.34956  -0.00001  -0.00138
 12.36566  -0.00001  -0.00127
 12.38174  -0.00000  -0.00117
 12.39781  -0.00000  -0.00106
 12.40877  -0.00000  -0.00099
 12.41974  -0.00000  -0.00092
 12.43335   0.00000  -0.00083
 12.44935   0.00000  -0.00072
 12.46534   0.00001  -0.00062
 12.48133   0.00001  -0.00052
 12.49729   0.00001  -0.00041
 12.50805   0.00001  -0.00034
 12.51882   0.00001  -0.00027
 12.53103   0.00001  -0.00020
 12.54691   0.00000  -0.00009
 12.56281   0.00000   0.00001
 12.57051   0.00000   0.00006
