 0.00032   0.00000
 0.00047   0.00000
 0.00069   0.00000
 0.00096   0.00000
 0.00130   0.00000
 0.00169   0.00000
 0.00215   0.00000
 0.00269   0.00000
 0.00330   0.00000
 0.00399   0.00000
 0.00476   0.00000
 0.00562   0.00000
 0.00656   0.00000
 0.00760   0.00000
 0.00874   0.00000
 0.00997   0.00000
 0.01130   0.00000
 0.01274   0.00000
 0.01428   0.00000
 0.01593   0.00000
 0.01769   0.00000
 0.01957   0.00000
 0.02156   0.00000
 0.02368   0.00000
 0.02591   0.00000
 0.02827   0.00000
 0.03076   0.00000
 0.03337   0.00000
 0.03611   0.00000
 0.03899   0.00000
 0.04200   0.00000
 0.04515   0.00000
 0.04844   0.00000
 0.05187   0.00000
 0.05545   0.00000
 0.05917   0.00001
 0.06304   0.00001
 0.06706   0.00001
 0.07124   0.00001
 0.07556   0.00001
 0.08005   0.00001
 0.08470   0.00002
 0.08951   0.00002
 0.09448   0.00002
 0.09962   0.00002
 0.10493   0.00003
 0.11042   0.00003
 0.11609   0.00004
 0.12192   0.00005
 0.12792   0.00005
 0.13411   0.00006
 0.14049   0.00007
 0.14709   0.00008
 0.15384   0.00009
 0.16079   0.00010
 0.16799   0.00012
 0.17534   0.00013
 0.18290   0.00015
 0.19063   0.00017
 0.19865   0.00019
 0.20683   0.00022
 0.21524   0.00025
 0.22386   0.00028
 0.23269   0.00031
 0.24171   0.00035
 0.25096   0.00039
 0.26065   0.00044
 0.27053   0.00049
 0.28066   0.00055
 0.29107   0.00061
 0.30182   0.00068
 0.31265   0.00076
 0.32364   0.00084
 0.33491   0.00093
 0.34651   0.00103
 0.35846   0.00114
 0.37078   0.00126
 0.38359   0.00139
 0.39631   0.00154
 0.40946   0.00169
 0.42308   0.00187
 0.43671   0.00205
 0.45086   0.00226
 0.46594   0.00249
 0.48074   0.00273
 0.49663   0.00301
 0.51221   0.00330
 0.52900   0.00363
 0.54555   0.00398
 0.56224   0.00435
 0.58090   0.00479
 0.59942   0.00526
 0.61776   0.00575
 0.63640   0.00627
 0.65539   0.00684
 0.67477   0.00746
 0.69456   0.00812
 0.71483   0.00884
 0.73561   0.00961
 0.75700   0.01046
 0.77911   0.01137
 0.80208   0.01238
 0.82854   0.01361
 0.85301   0.01482
 0.87868   0.01615
 0.90436   0.01756
 0.93161   0.01914
 0.96435   0.02114
 0.99275   0.02299
 1.02115   0.02492
 1.05166   0.02712
 1.08217   0.02942
 1.11628   0.03214
 1.14830   0.03482
 1.17942   0.03755
 1.21176   0.04052
 1.25084   0.04428
 1.28822   0.04807
 1.32212   0.05166
 1.36293   0.05619
 1.41268   0.06199
 1.46324   0.06822
 1.52863   0.07676
 1.58962   0.08521
 1.63600   0.09195
 1.67465   0.09776
 1.70964   0.10317
 1.74608   0.10896
 1.81068   0.11960
 1.87499   0.13064
 1.92784   0.14003
 1.97134   0.14796
 1.99611   0.15256
 2.02087   0.15721
 2.04493   0.16178
 2.07708   0.16796
 2.10924   0.17423
 2.17898   0.18809
 2.20442   0.19323
 2.22986   0.19841
 2.25290   0.20314
 2.28521   0.20982
 2.30545   0.21403
 2.32569   0.21827
 2.34561   0.22245
 2.37597   0.22887
 2.40633   0.23531
 2.44157   0.24284
 2.47376   0.24975
 2.49968   0.25533
 2.52560   0.26092
 2.55567   0.26743
 2.59100   0.27508
 2.60909   0.27901
 2.62719   0.28293
 2.65200   0.28832
 2.68702   0.29591
 2.70960   0.30080
 2.73217   0.30569
 2.76675   0.31316
 2.79909   0.32012
 2.82532   0.32574
 2.85155   0.33135
 2.88810   0.33912
 2.90325   0.34232
 2.91841   0.34552
 2.93983   0.35002
 2.98247   0.35891
 3.00770   0.36413
 3.03294   0.36931
 3.05927   0.37467
 3.10098   0.38308
 3.12388   0.38764
 3.14677   0.39216
 3.18403   0.39943
 3.20608   0.40368
 3.22813   0.40789
 3.24908   0.41185
 3.28772   0.41904
 3.30235   0.42173
 3.31698   0.42439
 3.33221   0.42715
 3.39794   0.43875
 3.42453   0.44331
 3.45111   0.44780
 3.49167   0.45448
 3.50831   0.45716
 3.52495   0.45982
 3.54419   0.46284
 3.58255   0.46873
 3.60388   0.47193
 3.62185   0.47457
 3.63927   0.47710
 3.67632   0.48234
 3.69480   0.48488
 3.70724   0.48657
 3.71968   0.48823
 3.73319   0.49001
 3.76864   0.49457
 3.80410   0.49895
 3.82233   0.50113
 3.83879   0.50306
 3.87480   0.50714
 3.89812   0.50968
 3.91019   0.51096
 3.92225   0.51222
 3.95364   0.51539
 3.98502   0.51842
 4.00895   0.52063
 4.03287   0.52274
 4.05906   0.52496
 4.10009   0.52822
 4.12531   0.53010
 4.14935   0.53179
 4.18357   0.53404
 4.20077   0.53511
 4.21168   0.53576
 4.22204   0.53636
 4.26106   0.53846
 4.30009   0.54033
 4.32476   0.54139
 4.34866   0.54233
 4.37769   0.54334
 4.40673   0.54422
 4.41747   0.54451
 4.42723   0.54477
 4.50819   0.54627
 4.52139   0.54642
 4.53343   0.54654
 4.60842   0.54675
 4.62155   0.54670
 4.63340   0.54663
 4.70661   0.54575
 4.71664   0.54557
 4.72650   0.54538
 4.80502   0.54335
 4.81837   0.54292
 4.83171   0.54246
 4.86189   0.54133
 4.89208   0.54009
 4.90654   0.53944
 4.92101   0.53877
 4.93442   0.53813
 4.96415   0.53661
 4.99388   0.53498
 5.00792   0.53417
 5.02196   0.53333
 5.03709   0.53241
 5.07661   0.52985
 5.10183   0.52812
 5.12208   0.52667
 5.14234   0.52518
 5.17816   0.52242
 5.19599   0.52100
 5.20903   0.51993
 5.22208   0.51884
 5.23991   0.51733
 5.27692   0.51408
 5.29581   0.51236
 5.31000   0.51105
 5.32420   0.50971
 5.35939   0.50631
 5.39458   0.50280
 5.42787   0.49936
 5.45910   0.49605
 5.50935   0.49053
 5.55960   0.48480
 5.62017   0.47763
 5.67561   0.47082
 5.70932   0.46658
 5.74302   0.46226
 5.78911   0.45624
 5.80595   0.45401
 5.82278   0.45176
 5.84174   0.44921
 5.88850   0.44284
 5.93527   0.43636
 5.97891   0.43022
 6.00399   0.42666
 6.02907   0.42307
 6.05410   0.41947
 6.09266   0.41387
 6.13122   0.40822
 6.17414   0.40189
 6.20003   0.39805
 6.22592   0.39419
 6.25782   0.38941
 6.29420   0.38394
 6.33058   0.37846
 6.38154   0.37074
 6.40708   0.36686
 6.43263   0.36298
 6.46396   0.35821
 6.57029   0.34202
 6.61763   0.33481
 6.66255   0.32800
 6.77045   0.31171
 6.80388   0.30669
 6.83731   0.30170
 6.87280   0.29642
 6.90875   0.29110
 6.94471   0.28581
 6.99691   0.27819
 7.03573   0.27257
 7.07448   0.26700
 7.10641   0.26245
 7.13835   0.25792
 7.17796   0.25236
 7.24811   0.24264
 7.28796   0.23720
 7.32781   0.23182
 7.36559   0.22677
 7.40498   0.22157
 7.44436   0.21643
 7.48983   0.21058
 7.54293   0.20386
 7.59603   0.19727
 7.65064   0.19061
 7.69992   0.18473
 7.75886   0.17783
 7.79616   0.17355
 7.83346   0.16934
 7.87960   0.16422
 7.95175   0.15642
 8.00148   0.15118
 8.05120   0.14607
 8.10433   0.14074
 8.18217   0.13317
 8.26001   0.12589
 8.30315   0.12199
 8.34629   0.11817
 8.39771   0.11373
 8.50739   0.10467
 8.57757   0.09917
 8.64775   0.09389
 8.69707   0.09031
 8.74638   0.08683
 8.79938   0.08321
 8.89487   0.07699
 9.00527   0.07027
 9.10747   0.06447
 9.19970   0.05957
 9.28883   0.05513
 9.38334   0.05073
 9.47680   0.04666
 9.56749   0.04298
 9.61898   0.04100
 9.67048   0.03910
 9.75035   0.03630
 9.82259   0.03391
 9.89150   0.03176
 9.96914   0.02948
 10.04192   0.02747
 10.10847   0.02574
 10.18444   0.02388
 10.26045   0.02214
 10.31980   0.02086
 10.37915   0.01964
 10.45366   0.01820
 10.51627   0.01706
 10.57538   0.01605
 10.64920   0.01486
 10.72070   0.01378
 10.79385   0.01275
 10.86701   0.01179
 10.94335   0.01086
 11.01271   0.01007
 11.08583   0.00929
 11.15896   0.00857
 11.23476   0.00787
 11.30314   0.00729
 11.37677   0.00671
 11.45131   0.00616
 11.52479   0.00566
 11.59283   0.00523
 11.66743   0.00480
 11.74378   0.00439
 11.81706   0.00402
 11.89301   0.00368
 11.96896   0.00336
 12.04659   0.00305
 12.12245   0.00279
 12.20040   0.00253
 12.27858   0.00230
 12.35784   0.00208
 12.43756   0.00188
 12.51599   0.00171
 12.60074   0.00153
 12.68248   0.00138
 12.76543   0.00124
 12.84954   0.00111
 12.93351   0.00099
 13.01761   0.00089
 13.10685   0.00079
 13.19455   0.00070
 13.28355   0.00062
 13.37397   0.00054
 13.46589   0.00048
 13.55892   0.00041
 13.65322   0.00036
 13.73925   0.00031
