 0.00018   0.00000
 0.00023   0.00000
 0.00028   0.00000
 0.00034   0.00000
 0.00041   0.00000
 0.00049   0.00000
 0.00059   0.00000
 0.00069   0.00000
 0.00082   0.00000
 0.00096   0.00000
 0.00112   0.00000
 0.00131   0.00000
 0.00151   0.00000
 0.00174   0.00000
 0.00201   0.00000
 0.00230   0.00000
 0.00262   0.00000
 0.00299   0.00000
 0.00339   0.00000
 0.00383   0.00000
 0.00433   0.00000
 0.00487   0.00000
 0.00547   0.00000
 0.00612   0.00001
 0.00684   0.00001
 0.00762   0.00001
 0.00848   0.00001
 0.00941   0.00001
 0.01043   0.00002
 0.01153   0.00002
 0.01272   0.00002
 0.01402   0.00003
 0.01542   0.00004
 0.01693   0.00004
 0.01856   0.00005
 0.02032   0.00006
 0.02219   0.00008
 0.02422   0.00009
 0.02640   0.00011
 0.02874   0.00013
 0.03125   0.00015
 0.03392   0.00018
 0.03679   0.00021
 0.03986   0.00024
 0.04313   0.00029
 0.04663   0.00033
 0.05035   0.00039
 0.05452   0.00046
 0.05875   0.00053
 0.06326   0.00062
 0.06809   0.00071
 0.07318   0.00082
 0.07861   0.00095
 0.08435   0.00109
 0.09050   0.00126
 0.09729   0.00146
 0.10415   0.00167
 0.11144   0.00191
 0.11887   0.00217
 0.12701   0.00248
 0.13568   0.00283
 0.14488   0.00323
 0.15446   0.00367
 0.16449   0.00416
 0.17506   0.00471
 0.18626   0.00533
 0.19825   0.00603
 0.21125   0.00684
 0.22538   0.00779
 0.23923   0.00877
 0.25471   0.00993
 0.26999   0.01115
 0.28737   0.01262
 0.30477   0.01418
 0.32268   0.01588
 0.34386   0.01801
 0.36494   0.02025
 0.38635   0.02266
 0.40907   0.02536
 0.43384   0.02846
 0.46576   0.03271
 0.49477   0.03680
 0.52942   0.04198
 0.56141   0.04703
 0.59959   0.05339
 0.63543   0.05968
 0.66989   0.06600
 0.70435   0.07258
 0.73598   0.07885
 0.77131   0.08609
 0.80883   0.09404
 0.84636   0.10224
 0.89913   0.11417
 0.96087   0.12867
 1.02125   0.14332
 1.08101   0.15821
 1.14077   0.17340
 1.18647   0.18518
 1.21909   0.19364
 1.25171   0.20214
 1.28711   0.21138
 1.32000   0.21998
 1.35547   0.22923
 1.39534   0.23961
 1.43153   0.24897
 1.47797   0.26087
 1.51525   0.27032
 1.55082   0.27923
 1.58067   0.28660
 1.61051   0.29387
 1.65248   0.30391
 1.68616   0.31179
 1.71984   0.31949
 1.74814   0.32582
 1.77643   0.33201
 1.80479   0.33807
 1.83798   0.34496
 1.86931   0.35125
 1.90175   0.35754
 1.93536   0.36381
 1.97771   0.37133
 2.01654   0.37783
 2.05623   0.38406
 2.08991   0.38902
 2.10400   0.39100
 2.11810   0.39292
 2.14646   0.39662
 2.18082   0.40078
 2.20225   0.40320
 2.22367   0.40548
 2.24364   0.40747
 2.30724   0.41298
 2.33104   0.41470
 2.35290   0.41612
 2.37775   0.41754
 2.40261   0.41876
 2.42073   0.41951
 2.43885   0.42015
 2.49873   0.42147
 2.50880   0.42157
 2.51886   0.42163
 2.53119   0.42166
 2.58862   0.42110
 2.60975   0.42059
 2.63088   0.41993
 2.66253   0.41865
 2.68877   0.41732
 2.70564   0.41633
 2.72251   0.41524
 2.73821   0.41414
 2.79966   0.40898
 2.82660   0.40630
 2.85313   0.40341
 2.87999   0.40023
 2.90686   0.39681
 2.94494   0.39153
 2.97978   0.38626
 3.00061   0.38292
 3.02144   0.37944
 3.04789   0.37481
 3.08079   0.36872
 3.10023   0.36497
 3.11967   0.36109
 3.14100   0.35670
 3.20822   0.34196
 3.26861   0.32756
 3.30271   0.31897
 3.33682   0.31005
 3.36836   0.30153
 3.39923   0.29294
 3.43009   0.28411
 3.46202   0.27473
 3.50346   0.26220
 3.54491   0.24927
 3.58541   0.23629
 3.63958   0.21842
 3.69375   0.20001
 3.73893   0.18426
 3.78412   0.16821
 3.84972   0.14439
 3.90897   0.12243
 3.97326   0.09821
 4.03625   0.07415
 4.09421   0.05181
 4.15579   0.02791
 4.21348   0.00545
 4.27272  -0.01763
 4.33185  -0.04062
 4.38990  -0.06308
 4.45282  -0.08724
 4.49922  -0.10490
 4.54562  -0.12239
 4.59985  -0.14257
 4.66935  -0.16799
 4.71161  -0.18317
 4.75109  -0.19713
 4.79973  -0.21404
 4.84838  -0.23059
 4.89803  -0.24710
 4.95761  -0.26635
 4.99907  -0.27938
 5.04052  -0.29208
 5.08164  -0.30435
 5.14492  -0.32258
 5.20820  -0.33998
 5.29538  -0.36254
 5.33751  -0.37284
 5.37958  -0.38273
 5.40541  -0.38860
 5.43124  -0.39432
 5.46229  -0.40098
 5.50294  -0.40937
 5.54360  -0.41737
 5.58373  -0.42489
 5.63908  -0.43462
 5.69048  -0.44302
 5.73713  -0.45009
 5.78377  -0.45664
 5.81093  -0.46022
 5.83577  -0.46334
 5.87387  -0.46784
 5.90151  -0.47090
 5.92915  -0.47378
 5.95643  -0.47644
 6.00243  -0.48055
 6.04277  -0.48376
 6.07917  -0.48634
 6.10821  -0.48819
 6.13725  -0.48985
 6.17394  -0.49169
 6.25466  -0.49472
 6.29267  -0.49568
 6.33068  -0.49634
 6.37054  -0.49672
 6.40098  -0.49681
 6.42749  -0.49673
 6.45384  -0.49653
 6.49508  -0.49595
 6.53632  -0.49506
 6.57381  -0.49399
 6.65626  -0.49079
 6.70469  -0.48839
 6.75313  -0.48563
 6.79907  -0.48268
 6.83161  -0.48041
 6.86416  -0.47799
 6.90162  -0.47502
 6.93908  -0.47187
 6.97488  -0.46870
 7.00279  -0.46612
 7.03070  -0.46344
 7.06046  -0.46050
 7.09898  -0.45654
 7.13750  -0.45242
 7.17351  -0.44844
 7.20603  -0.44474
 7.23855  -0.44094
 7.27780  -0.43623
 7.30836  -0.43248
 7.33893  -0.42866
 7.38420  -0.42286
 7.45001  -0.41420
 7.48979  -0.40883
 7.52957  -0.40337
 7.57160  -0.39752
 7.60242  -0.39317
 7.63324  -0.38878
 7.66853  -0.38371
 7.75671  -0.37086
 7.79734  -0.36486
 7.83797  -0.35883
 7.88000  -0.35255
 7.95309  -0.34158
 8.00211  -0.33419
 8.05113  -0.32680
 8.10473  -0.31871
 8.17241  -0.30851
 8.20747  -0.30325
 8.24252  -0.29800
 8.29558  -0.29009
 8.37413  -0.27847
 8.44543  -0.26803
 8.49442  -0.26095
 8.54340  -0.25393
 8.59593  -0.24648
 8.67575  -0.23535
 8.75163  -0.22498
 8.80917  -0.21727
 8.86671  -0.20970
 8.96745  -0.19679
 9.06717  -0.18446
 9.16690  -0.17260
 9.25002  -0.16309
 9.30255  -0.15725
 9.35508  -0.15155
 9.41298  -0.14544
 9.46752  -0.13983
 9.58661  -0.12810
 9.70570  -0.11709
 9.79971  -0.10889
 9.89371  -0.10113
 9.98911  -0.09368
 10.08450  -0.08666
 10.20252  -0.07854
 10.30744  -0.07184
 10.41236  -0.06560
 10.50118  -0.06066
 10.59000  -0.05603
 10.69670  -0.05084
 10.80084  -0.04617
 10.90179  -0.04199
 11.00073  -0.03819
 11.09852  -0.03473
 11.19567  -0.03154
 11.29246  -0.02862
 11.38900  -0.02593
 11.48540  -0.02346
 11.58177  -0.02118
 11.67821  -0.01908
 11.77475  -0.01716
 11.87057  -0.01540
 11.96575  -0.01380
 12.06036  -0.01233
 12.15453  -0.01099
 12.24840  -0.00976
 12.34214  -0.00863
 12.43593  -0.00758
 12.52998  -0.00661
 12.62451  -0.00570
 12.72374  -0.00481
 12.82426  -0.00398
 12.92506  -0.00319
 13.02616  -0.00244
 13.12762  -0.00172
 13.22950  -0.00103
 13.33180  -0.00034
 13.38084  -0.00002
