 0.05068  -0.00001  -0.00000
 0.05123  -0.00001  -0.00000
 0.05177  -0.00001  -0.00000
 0.05233  -0.00001  -0.00000
 0.05289  -0.00001  -0.00000
 0.05346  -0.00001  -0.00000
 0.05403  -0.00001  -0.00000
 0.05462  -0.00001  -0.00000
 0.05521  -0.00001  -0.00000
 0.05580  -0.00001  -0.00000
 0.05640  -0.00001  -0.00000
 0.05701  -0.00001  -0.00000
 0.05763  -0.00001  -0.00000
 0.05825  -0.00001  -0.00000
 0.05888  -0.00001  -0.00000
 0.05952  -0.00001  -0.00000
 0.06000  -0.00002  -0.00000
 0.06048  -0.00002  -0.00000
 0.06114  -0.00002  -0.00000
 0.06180  -0.00002  -0.00000
 0.06247  -0.00002  -0.00000
 0.06315  -0.00002  -0.00000
 0.06383  -0.00002  -0.00001
 0.06452  -0.00002  -0.00001
 0.06522  -0.00002  -0.00001
 0.06593  -0.00002  -0.00001
 0.06664  -0.00002  -0.00001
 0.06736  -0.00002  -0.00001
 0.06809  -0.00002  -0.00001
 0.06883  -0.00002  -0.00001
 0.06957  -0.00002  -0.00001
 0.07033  -0.00002  -0.00001
 0.07102  -0.00002  -0.00001
 0.07178  -0.00002  -0.00001
 0.07256  -0.00002  -0.00001
 0.07334  -0.00002  -0.00001
 0.07414  -0.00003  -0.00001
 0.07494  -0.00003  -0.00001
 0.07574  -0.00003  -0.00001
 0.07656  -0.00003  -0.00001
 0.07739  -0.00003  -0.00001
 0.07822  -0.00003  -0.00001
 0.07906  -0.00003  -0.00001
 0.07991  -0.00003  -0.00001
 0.08077  -0.00003  -0.00001
 0.08168  -0.00003  -0.00001
 0.08255  -0.00003  -0.00001
 0.08344  -0.00003  -0.00001
 0.08434  -0.00003  -0.00001
 0.08524  -0.00004  -0.00001
 0.08616  -0.00004  -0.00001
 0.08708  -0.00004  -0.00001
 0.08802  -0.00004  -0.00001
 0.08896  -0.00004  -0.00001
 0.08991  -0.00004  -0.00001
 0.09088  -0.00004  -0.00000
 0.09188  -0.00004  -0.00000
 0.09287  -0.00004  -0.00000
 0.09386  -0.00004  -0.00000
 0.09486  -0.00005  -0.00000
 0.09588  -0.00005  -0.00000
 0.09690  -0.00005  -0.00000
 0.09794  -0.00005  -0.00000
 0.09898  -0.00005  -0.00000
 0.10004  -0.00005  -0.00000
 0.10112  -0.00005  -0.00000
 0.10220  -0.00006  -0.00000
 0.10329  -0.00006  -0.00000
 0.10439  -0.00006  -0.00000
 0.10550  -0.00006  -0.00000
 0.10663  -0.00006  -0.00000
 0.10776  -0.00006  -0.00000
 0.10891  -0.00006   0.00000
 0.11006  -0.00007   0.00000
 0.11125  -0.00007   0.00000
 0.11243  -0.00007   0.00000
 0.11363  -0.00007   0.00000
 0.11483  -0.00007   0.00000
 0.11605  -0.00008   0.00000
 0.11728  -0.00008   0.00000
 0.11853  -0.00008   0.00001
 0.11978  -0.00008   0.00001
 0.12105  -0.00008   0.00001
 0.12243  -0.00009   0.00001
 0.12372  -0.00009   0.00001
 0.12503  -0.00009   0.00001
 0.12636  -0.00009   0.00001
 0.12769  -0.00010   0.00001
 0.12904  -0.00010   0.00001
 0.13022  -0.00010   0.00001
 0.13135  -0.00010   0.00001
 0.13274  -0.00011   0.00002
 0.13414  -0.00011   0.00002
 0.13556  -0.00011   0.00002
 0.13699  -0.00012   0.00002
 0.13844  -0.00012   0.00002
 0.13990  -0.00012   0.00002
 0.14138  -0.00012   0.00002
 0.14290  -0.00013   0.00002
 0.14441  -0.00013   0.00003
 0.14593  -0.00014   0.00003
 0.14747  -0.00014   0.00003
 0.14902  -0.00014   0.00003
 0.15042  -0.00015   0.00003
 0.15172  -0.00015   0.00003
 0.15331  -0.00015   0.00004
 0.15493  -0.00016   0.00004
 0.15656  -0.00016   0.00004
 0.15820  -0.00017   0.00004
 0.15987  -0.00017   0.00004
 0.16155  -0.00018   0.00005
 0.16330  -0.00018   0.00005
 0.16502  -0.00019   0.00005
 0.16675  -0.00019   0.00006
 0.16850  -0.00020   0.00006
 0.17027  -0.00020   0.00006
 0.17208  -0.00021   0.00006
 0.17389  -0.00022   0.00007
 0.17571  -0.00022   0.00007
 0.17756  -0.00023   0.00007
 0.17942  -0.00023   0.00008
 0.18130  -0.00024   0.00008
 0.18322  -0.00025   0.00008
 0.18515  -0.00025   0.00009
 0.18709  -0.00026   0.00009
 0.18905  -0.00027   0.00010
 0.19103  -0.00028   0.00010
 0.19293  -0.00028   0.00010
 0.19495  -0.00029   0.00011
 0.19699  -0.00030   0.00011
 0.19906  -0.00031   0.00012
 0.20114  -0.00032   0.00012
 0.20319  -0.00033   0.00013
 0.20531  -0.00034   0.00013
 0.20746  -0.00035   0.00014
 0.20963  -0.00036   0.00014
 0.21183  -0.00037   0.00015
 0.21424  -0.00038   0.00016
 0.21648  -0.00039   0.00016
 0.21875  -0.00040   0.00017
 0.22103  -0.00041   0.00018
 0.22312  -0.00042   0.00018
 0.22545  -0.00044   0.00019
 0.22781  -0.00045   0.00020
 0.23019  -0.00046   0.00021
 0.23239  -0.00047   0.00021
 0.23482  -0.00049   0.00022
 0.23727  -0.00050   0.00023
 0.23975  -0.00052   0.00024
 0.24226  -0.00053   0.00025
 0.24492  -0.00055   0.00026
 0.24748  -0.00056   0.00027
 0.25007  -0.00058   0.00028
 0.25272  -0.00060   0.00029
 0.25536  -0.00062   0.00030
 0.25803  -0.00063   0.00031
 0.25994  -0.00065   0.00032
 0.26185  -0.00066   0.00033
 0.26472  -0.00068   0.00034
 0.26749  -0.00070   0.00035
 0.26981  -0.00072   0.00036
 0.27213  -0.00074   0.00038
 0.27524  -0.00076   0.00039
 0.27812  -0.00078   0.00040
 0.28028  -0.00080   0.00042
 0.28234  -0.00082   0.00043
 0.28529  -0.00084   0.00044
 0.28828  -0.00087   0.00046
 0.29094  -0.00089   0.00047
 0.29335  -0.00091   0.00049
 0.29642  -0.00094   0.00050
 0.29953  -0.00096   0.00052
 0.30266  -0.00099   0.00054
 0.30617  -0.00103   0.00056
 0.30938  -0.00106   0.00058
 0.31262  -0.00109   0.00060
 0.31594  -0.00112   0.00062
 0.31925  -0.00116   0.00064
 0.32259  -0.00119   0.00067
 0.32602  -0.00123   0.00069
 0.32943  -0.00126   0.00072
 0.33289  -0.00130   0.00074
 0.33642  -0.00134   0.00077
 0.33995  -0.00138   0.00079
 0.34352  -0.00143   0.00082
 0.34716  -0.00147   0.00085
 0.34997  -0.00150   0.00087
 0.35278  -0.00154   0.00090
 0.35655  -0.00159   0.00093
 0.35963  -0.00163   0.00095
 0.36272  -0.00167   0.00098
 0.36659  -0.00172   0.00101
 0.36951  -0.00176   0.00104
 0.37244  -0.00180   0.00107
 0.37640  -0.00185   0.00110
 0.37948  -0.00190   0.00113
 0.38256  -0.00194   0.00116
 0.38664  -0.00200   0.00120
 0.38966  -0.00205   0.00123
 0.39269  -0.00209   0.00126
 0.39689  -0.00216   0.00131
 0.40009  -0.00221   0.00134
 0.40329  -0.00226   0.00138
 0.40755  -0.00233   0.00142
 0.40989  -0.00237   0.00145
 0.41223  -0.00241   0.00148
 0.41665  -0.00248   0.00153
 0.41996  -0.00254   0.00156
 0.42327  -0.00260   0.00160
 0.42786  -0.00268   0.00166
 0.43239  -0.00276   0.00172
 0.43661  -0.00284   0.00177
 0.44010  -0.00291   0.00181
 0.44359  -0.00297   0.00186
 0.44829  -0.00307   0.00192
 0.45305  -0.00316   0.00199
 0.45793  -0.00326   0.00205
 0.46279  -0.00336   0.00212
 0.46767  -0.00346   0.00219
 0.47265  -0.00357   0.00227
 0.47727  -0.00367   0.00234
 0.48044  -0.00375   0.00238
 0.48341  -0.00381   0.00243
 0.48856  -0.00393   0.00251
 0.49378  -0.00405   0.00260
 0.49912  -0.00418   0.00268
 0.50446  -0.00431   0.00277
 0.50876  -0.00442   0.00285
 0.51307  -0.00453   0.00292
 0.51775  -0.00465   0.00300
 0.52330  -0.00480   0.00310
 0.52919  -0.00495   0.00321
 0.53488  -0.00511   0.00332
 0.53958  -0.00524   0.00341
 0.54428  -0.00537   0.00350
 0.54896  -0.00551   0.00359
 0.55364  -0.00565   0.00369
 0.55894  -0.00580   0.00380
 0.56497  -0.00599   0.00392
 0.57003  -0.00614   0.00403
 0.57510  -0.00630   0.00414
 0.57937  -0.00644   0.00424
 0.58364  -0.00658   0.00433
 0.58905  -0.00675   0.00445
 0.59545  -0.00697   0.00460
 0.59959  -0.00711   0.00470
 0.60373  -0.00725   0.00480
 0.60955  -0.00746   0.00494
 0.61620  -0.00769   0.00510
 0.61954  -0.00781   0.00519
 0.62287  -0.00794   0.00527
 0.62739  -0.00810   0.00539
 0.63426  -0.00836   0.00557
 0.63998  -0.00858   0.00572
 0.64569  -0.00880   0.00588
 0.64988  -0.00897   0.00599
 0.65407  -0.00914   0.00611
 0.65973  -0.00937   0.00627
 0.66540  -0.00960   0.00643
 0.66930  -0.00976   0.00654
 0.67321  -0.00993   0.00666
 0.67796  -0.01013   0.00680
 0.68547  -0.01046   0.00703
 0.68924  -0.01063   0.00714
 0.69301  -0.01079   0.00726
 0.69753  -0.01100   0.00740
 0.70529  -0.01135   0.00765
 0.70899  -0.01152   0.00777
 0.71268  -0.01170   0.00789
 0.71687  -0.01190   0.00803
 0.72490  -0.01228   0.00830
 0.72957  -0.01251   0.00846
 0.73424  -0.01274   0.00862
 0.73866  -0.01296   0.00877
 0.74309  -0.01319   0.00893
 0.74772  -0.01342   0.00909
 0.75436  -0.01377   0.00933
 0.75993  -0.01406   0.00954
 0.76550  -0.01436   0.00975
 0.77008  -0.01461   0.00992
 0.77466  -0.01486   0.01009
 0.77929  -0.01511   0.01027
 0.78391  -0.01537   0.01045
 0.78939  -0.01568   0.01067
 0.79841  -0.01619   0.01103
 0.80567  -0.01662   0.01133
 0.81019  -0.01689   0.01151
 0.81428  -0.01713   0.01168
 0.81847  -0.01738   0.01186
 0.82267  -0.01764   0.01204
 0.82789  -0.01796   0.01226
 0.83442  -0.01836   0.01255
 0.83860  -0.01863   0.01273
 0.84277  -0.01889   0.01292
 0.84758  -0.01920   0.01313
 0.85461  -0.01965   0.01345
 0.85943  -0.01997   0.01367
 0.86426  -0.02029   0.01389
 0.86932  -0.02063   0.01413
 0.87439  -0.02097   0.01437
 0.87892  -0.02128   0.01459
 0.88345  -0.02159   0.01481
 0.88838  -0.02194   0.01505
 0.89891  -0.02268   0.01557
 0.90883  -0.02339   0.01607
 0.91918  -0.02415   0.01660
 0.92980  -0.02495   0.01715
 0.93674  -0.02547   0.01752
 0.94368  -0.02601   0.01790
 0.94833  -0.02637   0.01815
 0.95297  -0.02674   0.01841
 0.95849  -0.02717   0.01871
 0.96676  -0.02783   0.01918
 0.97442  -0.02846   0.01961
 0.97864  -0.02880   0.01986
 0.98286  -0.02915   0.02010
 0.98759  -0.02955   0.02038
 0.99438  -0.03012   0.02078
 1.00116  -0.03070   0.02118
 1.00818  -0.03130   0.02160
 1.01510  -0.03190   0.02203
 1.01978  -0.03231   0.02231
 1.02446  -0.03273   0.02260
 1.02943  -0.03317   0.02292
 1.03441  -0.03362   0.02323
 1.03872  -0.03401   0.02350
 1.04304  -0.03441   0.02378
 1.04766  -0.03483   0.02408
 1.05451  -0.03547   0.02452
 1.06117  -0.03609   0.02496
 1.06730  -0.03667   0.02536
 1.07424  -0.03733   0.02583
 1.08118  -0.03800   0.02630
 1.08888  -0.03876   0.02682
 1.09664  -0.03952   0.02736
 1.10432  -0.04029   0.02790
 1.10992  -0.04085   0.02829
 1.11552  -0.04142   0.02869
 1.12583  -0.04248   0.02943
 1.13570  -0.04351   0.03015
 1.14557  -0.04455   0.03088
 1.15677  -0.04575   0.03172
 1.16539  -0.04669   0.03237
 1.17089  -0.04729   0.03279
 1.17639  -0.04790   0.03322
 1.18505  -0.04887   0.03389
 1.19011  -0.04944   0.03429
 1.19517  -0.05001   0.03469
 1.19996  -0.05056   0.03507
 1.20476  -0.05110   0.03546
 1.20956  -0.05166   0.03584
 1.21435  -0.05221   0.03623
 1.21864  -0.05271   0.03658
 1.22294  -0.05322   0.03693
 1.22770  -0.05378   0.03732
 1.23458  -0.05460   0.03789
 1.24116  -0.05539   0.03844
 1.24721  -0.05611   0.03895
 1.25520  -0.05709   0.03963
 1.26096  -0.05779   0.04012
 1.26672  -0.05850   0.04062
 1.27486  -0.05952   0.04132
 1.28098  -0.06028   0.04186
 1.28709  -0.06106   0.04239
 1.29471  -0.06203   0.04307
 1.29929  -0.06261   0.04348
 1.30388  -0.06320   0.04389
 1.30941  -0.06392   0.04439
 1.31586  -0.06476   0.04497
 1.32011  -0.06532   0.04536
 1.32435  -0.06588   0.04575
 1.33117  -0.06678   0.04638
 1.33800  -0.06769   0.04701
 1.34462  -0.06858   0.04763
 1.34875  -0.06914   0.04801
 1.35287  -0.06970   0.04840
 1.35745  -0.07032   0.04884
 1.36447  -0.07129   0.04950
 1.36949  -0.07198   0.04998
 1.37451  -0.07267   0.05047
 1.37927  -0.07334   0.05093
 1.38403  -0.07400   0.05139
 1.38969  -0.07480   0.05194
 1.39744  -0.07590   0.05270
 1.40519  -0.07700   0.05347
 1.40907  -0.07756   0.05385
 1.41295  -0.07812   0.05424
 1.41753  -0.07878   0.05470
 1.42470  -0.07982   0.05542
 1.42977  -0.08056   0.05593
 1.43483  -0.08131   0.05644
 1.43914  -0.08194   0.05688
 1.44344  -0.08258   0.05732
 1.44850  -0.08333   0.05784
 1.45730  -0.08465   0.05875
 1.46533  -0.08586   0.05959
 1.46925  -0.08645   0.05999
 1.47316  -0.08705   0.06041
 1.47798  -0.08778   0.06091
 1.48483  -0.08883   0.06164
 1.49102  -0.08979   0.06229
 1.50004  -0.09119   0.06326
 1.50996  -0.09274   0.06432
 1.51720  -0.09388   0.06511
 1.52445  -0.09502   0.06590
 1.52905  -0.09576   0.06640
 1.53365  -0.09649   0.06690
 1.53889  -0.09733   0.06748
 1.54898  -0.09896   0.06860
 1.55850  -0.10050   0.06966
 1.56773  -0.10202   0.07069
 1.57484  -0.10318   0.07149
 1.57965  -0.10398   0.07204
 1.58447  -0.10478   0.07259
 1.59113  -0.10589   0.07334
 1.59873  -0.10716   0.07421
 1.60933  -0.10895   0.07543
 1.61896  -0.11058   0.07655
 1.62908  -0.11231   0.07773
 1.63873  -0.11397   0.07886
 1.64826  -0.11562   0.07998
 1.65611  -0.11699   0.08091
 1.65969  -0.11761   0.08133
 1.66328  -0.11824   0.08176
 1.66866  -0.11919   0.08240
 1.67837  -0.12090   0.08356
 1.68633  -0.12231   0.08452
 1.69363  -0.12361   0.08540
 1.69836  -0.12446   0.08598
 1.70308  -0.12531   0.08655
 1.70854  -0.12629   0.08721
 1.71821  -0.12803   0.08839
 1.72589  -0.12943   0.08934
 1.72998  -0.13017   0.08984
 1.73406  -0.13092   0.09034
 1.74118  -0.13222   0.09122
 1.74830  -0.13353   0.09210
 1.75588  -0.13493   0.09304
 1.75981  -0.13566   0.09353
 1.76374  -0.13639   0.09402
 1.77011  -0.13757   0.09482
 1.77629  -0.13873   0.09559
 1.78548  -0.14045   0.09675
 1.79090  -0.14147   0.09743
 1.79632  -0.14249   0.09812
 1.80556  -0.14424   0.09929
 1.81481  -0.14600   0.10046
 1.81959  -0.14691   0.10107
 1.82438  -0.14783   0.10168
 1.82888  -0.14869   0.10226
 1.83338  -0.14955   0.10283
 1.83836  -0.15051   0.10347
 1.84652  -0.15209   0.10452
 1.85394  -0.15352   0.10547
 1.85935  -0.15457   0.10617
 1.86475  -0.15563   0.10687
 1.86937  -0.15653   0.10747
 1.87399  -0.15743   0.10806
 1.87970  -0.15855   0.10880
 1.88962  -0.16050   0.11009
 1.89954  -0.16246   0.11139
 1.90579  -0.16369   0.11220
 1.91083  -0.16469   0.11286
 1.91588  -0.16570   0.11352
 1.92519  -0.16755   0.11474
 1.92979  -0.16847   0.11535
 1.93439  -0.16939   0.11595
 1.93944  -0.17040   0.11661
 1.94448  -0.17141   0.11728
 1.94872  -0.17227   0.11784
 1.95297  -0.17312   0.11840
 1.95759  -0.17406   0.11901
 1.96499  -0.17555   0.11998
 1.97002  -0.17657   0.12065
 1.97505  -0.17759   0.12131
 1.98623  -0.17986   0.12279
 1.99510  -0.18167   0.12397
 1.99915  -0.18250   0.12451
 2.00320  -0.18333   0.12505
 2.00801  -0.18431   0.12569
 2.01243  -0.18522   0.12627
 2.01685  -0.18613   0.12686
 2.04074  -0.19106   0.13004
 2.06480  -0.19605   0.13325
 2.08893  -0.20109   0.13647
 2.09541  -0.20244   0.13734
 2.10188  -0.20380   0.13820
 2.10535  -0.20453   0.13866
 2.10882  -0.20526   0.13913
 2.11174  -0.20587   0.13952
 2.11466  -0.20649   0.13991
 2.13898  -0.21161   0.14315
 2.16344  -0.21679   0.14641
 2.18799  -0.22201   0.14968
 2.19402  -0.22329   0.15048
 2.20005  -0.22458   0.15128
 2.20501  -0.22564   0.15193
 2.20996  -0.22669   0.15259
 2.23106  -0.23120   0.15538
 2.25053  -0.23537   0.15794
 2.27538  -0.24070   0.16120
 2.30030  -0.24605   0.16444
 2.30401  -0.24684   0.16493
 2.30772  -0.24764   0.16541
 2.31297  -0.24877   0.16609
 2.31811  -0.24987   0.16675
 2.34312  -0.25525   0.16997
 2.36824  -0.26064   0.17318
 2.39339  -0.26604   0.17636
 2.40064  -0.26760   0.17727
 2.40789  -0.26915   0.17818
 2.40952  -0.26950   0.17838
 2.41115  -0.26985   0.17858
 2.41275  -0.27019   0.17878
 2.42880  -0.27363   0.18078
 2.45403  -0.27903   0.18388
 2.47931  -0.28442   0.18696
 2.50458  -0.28979   0.18999
 2.50854  -0.29063   0.19046
 2.51172  -0.29131   0.19084
 2.51473  -0.29195   0.19119
 2.53994  -0.29728   0.19415
 2.56523  -0.30261   0.19707
 2.59050  -0.30790   0.19994
 2.59708  -0.30927   0.20068
 2.60365  -0.31065   0.20141
 2.60706  -0.31136   0.20179
 2.60907  -0.31177   0.20201
 2.61108  -0.31219   0.20224
 2.61329  -0.31265   0.20248
 2.63543  -0.31724   0.20490
 2.66058  -0.32242   0.20760
 2.68568  -0.32756   0.21024
 2.69326  -0.32910   0.21102
 2.70084  -0.33064   0.21180
 2.70535  -0.33155   0.21226
 2.70985  -0.33247   0.21271
 2.71632  -0.33377   0.21337
 2.72222  -0.33496   0.21396
 2.74700  -0.33993   0.21640
 2.77181  -0.34487   0.21879
 2.79651  -0.34973   0.22109
 2.80418  -0.35123   0.22179
 2.80731  -0.35184   0.22207
 2.80921  -0.35221   0.22225
 2.81111  -0.35258   0.22242
 2.81399  -0.35314   0.22268
 2.83830  -0.35784   0.22483
 2.86265  -0.36250   0.22691
 2.88684  -0.36708   0.22890
 2.89361  -0.36835   0.22945
 2.90037  -0.36961   0.22999
 2.90394  -0.37028   0.23027
 2.90751  -0.37095   0.23055
 2.90995  -0.37140   0.23074
 2.91239  -0.37185   0.23093
 2.91556  -0.37244   0.23118
 2.93918  -0.37679   0.23297
 2.96281  -0.38109   0.23468
 2.98624  -0.38529   0.23631
 3.00946  -0.38939   0.23785
 3.01101  -0.38966   0.23795
 3.01256  -0.38993   0.23805
 3.02800  -0.39263   0.23902
 3.05073  -0.39654   0.24040
 3.07330  -0.40036   0.24169
 3.09562  -0.40409   0.24289
 3.10143  -0.40505   0.24319
 3.10724  -0.40600   0.24349
 3.10924  -0.40633   0.24359
 3.11123  -0.40666   0.24369
 3.11316  -0.40697   0.24378
 3.13248  -0.41011   0.24471
 3.15403  -0.41355   0.24569
 3.17530  -0.41688   0.24658
 3.19626  -0.42011   0.24738
 3.20145  -0.42090   0.24757
 3.20664  -0.42169   0.24776
 3.20978  -0.42217   0.24787
 3.21148  -0.42242   0.24793
 3.21304  -0.42266   0.24798
 3.22864  -0.42499   0.24850
 3.24860  -0.42793   0.24910
 3.26826  -0.43077   0.24964
 3.28750  -0.43349   0.25010
 3.30629  -0.43610   0.25049
 3.30829  -0.43638   0.25053
 3.30938  -0.43653   0.25055
 3.30994  -0.43661   0.25056
 3.31051  -0.43668   0.25057
 3.31126  -0.43679   0.25059
 3.31881  -0.43782   0.25073
 3.33643  -0.44019   0.25101
 3.35381  -0.44248   0.25124
 3.37057  -0.44466   0.25141
 3.38660  -0.44670   0.25153
 3.40177  -0.44859   0.25161
 3.40466  -0.44895   0.25162
 3.40754  -0.44930   0.25163
 3.40847  -0.44942   0.25163
 3.40940  -0.44953   0.25163
 3.40974  -0.44957   0.25163
 3.40998  -0.44960   0.25163
 3.41021  -0.44963   0.25164
 3.41051  -0.44967   0.25164
 3.41348  -0.45003   0.25164
 3.42495  -0.45142   0.25165
 3.43583  -0.45272   0.25164
 3.44742  -0.45408   0.25161
 3.46053  -0.45560   0.25155
 3.47479  -0.45723   0.25145
 3.48998  -0.45892   0.25130
 3.50597  -0.46066   0.25111
 3.50856  -0.46094   0.25107
 3.50973  -0.46107   0.25105
 3.51054  -0.46116   0.25104
 3.51133  -0.46124   0.25103
 3.51923  -0.46208   0.25091
 3.53643  -0.46388   0.25062
 3.55420  -0.46569   0.25026
 3.57250  -0.46750   0.24984
 3.59129  -0.46930   0.24935
 3.59673  -0.46981   0.24919
 3.60217  -0.47032   0.24904
 3.60505  -0.47058   0.24895
 3.60792  -0.47085   0.24886
 3.60967  -0.47101   0.24881
 3.61099  -0.47113   0.24877
 3.61217  -0.47124   0.24873
 3.62404  -0.47231   0.24835
 3.64402  -0.47406   0.24765
 3.66439  -0.47578   0.24687
 3.68513  -0.47746   0.24601
 3.70624  -0.47910   0.24506
 3.70923  -0.47933   0.24492
 3.71132  -0.47949   0.24482
 3.71326  -0.47963   0.24473
 3.73263  -0.48105   0.24377
 3.75449  -0.48258   0.24261
 3.77667  -0.48405   0.24136
 3.79917  -0.48546   0.24001
 3.80766  -0.48598   0.23948
 3.80953  -0.48609   0.23936
 3.81117  -0.48618   0.23926
 3.81266  -0.48627   0.23916
 3.82750  -0.48712   0.23819
 3.85068  -0.48839   0.23661
 3.87412  -0.48957   0.23493
 3.89784  -0.49068   0.23313
 3.90576  -0.49103   0.23252
 3.90960  -0.49120   0.23221
 3.91146  -0.49128   0.23206
 3.91314  -0.49135   0.23193
 3.92996  -0.49204   0.23057
 3.95431  -0.49295   0.22852
 3.97890  -0.49378   0.22636
 4.00373  -0.49452   0.22409
 4.00689  -0.49461   0.22379
 4.00907  -0.49467   0.22358
 4.01126  -0.49473   0.22338
 4.01522  -0.49483   0.22300
 4.04045  -0.49543   0.22056
 4.06585  -0.49594   0.21801
 4.09147  -0.49634   0.21534
 4.09686  -0.49641   0.21477
 4.10225  -0.49648   0.21419
 4.10854  -0.49655   0.21351
 4.10949  -0.49656   0.21341
 4.11010  -0.49657   0.21334
 4.11072  -0.49658   0.21328
 4.11687  -0.49664   0.21261
 4.14290  -0.49684   0.20972
 4.16906  -0.49694   0.20672
 4.19534  -0.49693   0.20362
 4.20083  -0.49691   0.20296
 4.20632  -0.49689   0.20230
 4.20883  -0.49688   0.20199
 4.20965  -0.49688   0.20189
 4.21048  -0.49687   0.20179
 4.21197  -0.49686   0.20161
 4.22687  -0.49677   0.19978
 4.25373  -0.49653   0.19641
 4.28070  -0.49617   0.19295
 4.30779  -0.49570   0.18938
 4.30906  -0.49567   0.18921
 4.31002  -0.49566   0.18908
 4.31098  -0.49564   0.18895
 4.32056  -0.49544   0.18766
 4.34777  -0.49481   0.18395
 4.37506  -0.49407   0.18015
 4.40241  -0.49322   0.17626
 4.40539  -0.49313   0.17584
 4.40836  -0.49303   0.17541
 4.40969  -0.49298   0.17521
 4.41102  -0.49294   0.17502
 4.41243  -0.49289   0.17482
 4.42651  -0.49239   0.17277
 4.45389  -0.49134   0.16874
 4.48131  -0.49019   0.16462
 4.50872  -0.48894   0.16044
 4.51173  -0.48880   0.15998
 4.51473  -0.48866   0.15951
 4.54203  -0.48729   0.15527
 4.56936  -0.48582   0.15095
 4.59665  -0.48426   0.14659
 4.60729  -0.48363   0.14487
 4.60993  -0.48347   0.14444
 4.61256  -0.48331   0.14401
 4.61629  -0.48308   0.14341
 4.64333  -0.48138   0.13899
 4.67040  -0.47958   0.13451
 4.69738  -0.47771   0.13000
 4.70929  -0.47685   0.12799
 4.71244  -0.47662   0.12746
 4.71531  -0.47641   0.12698
 4.74194  -0.47442   0.12245
 4.76860  -0.47235   0.11788
 4.79513  -0.47021   0.11330
 4.80499  -0.46940   0.11159
 4.81099  -0.46889   0.11054
 4.81700  -0.46839   0.10950
 4.84311  -0.46615   0.10493
 4.86922  -0.46383   0.10033
 4.89516  -0.46147   0.09574
 4.90508  -0.46054   0.09398
 4.90877  -0.46020   0.09332
 4.91246  -0.45985   0.09267
 4.91589  -0.45953   0.09205
 4.94133  -0.45709   0.08752
 4.96677  -0.45460   0.08296
 4.99202  -0.45206   0.07842
 5.00086  -0.45116   0.07683
 5.00970  -0.45025   0.07524
 5.02260  -0.44891   0.07291
 5.03444  -0.44767   0.07077
 5.05898  -0.44506   0.06634
 5.08343  -0.44241   0.06191
 5.10763  -0.43974   0.05753
 5.11326  -0.43911   0.05651
 5.11888  -0.43848   0.05549
 5.14246  -0.43581   0.05121
 5.16600  -0.43311   0.04695
 5.18923  -0.43040   0.04274
 5.19718  -0.42946   0.04130
 5.20513  -0.42852   0.03987
 5.21632  -0.42719   0.03784
 5.22723  -0.42589   0.03587
 5.24933  -0.42322   0.03188
 5.27125  -0.42055   0.02794
 5.29274  -0.41789   0.02408
 5.30289  -0.41663   0.02226
 5.30857  -0.41592   0.02124
 5.31294  -0.41537   0.02046
 5.31718  -0.41484   0.01970
 5.33706  -0.41233   0.01615
 5.35682  -0.40982   0.01263
 5.37588  -0.40738   0.00925
 5.39409  -0.40502   0.00603
 5.40148  -0.40406   0.00472
 5.40887  -0.40310   0.00342
 5.41490  -0.40231   0.00236
 5.42042  -0.40159   0.00139
 5.43360  -0.39986  -0.00092
 5.44547  -0.39829  -0.00300
 5.45955  -0.39643  -0.00545
 5.47537  -0.39432  -0.00820
 5.49255  -0.39202  -0.01117
 5.50114  -0.39087  -0.01265
 5.50973  -0.38971  -0.01413
 5.52903  -0.38710  -0.01744
 5.54727  -0.38462  -0.02055
 5.56821  -0.38176  -0.02409
 5.58991  -0.37877  -0.02774
 5.59832  -0.37761  -0.02915
 5.60674  -0.37645  -0.03056
 5.61445  -0.37538  -0.03184
 5.62217  -0.37431  -0.03312
 5.64571  -0.37104  -0.03701
 5.66983  -0.36767  -0.04095
 5.69461  -0.36419  -0.04497
 5.70620  -0.36256  -0.04683
 5.71445  -0.36139  -0.04816
 5.72253  -0.36025  -0.04945
 5.74878  -0.35653  -0.05360
 5.77552  -0.35274  -0.05779
 5.80286  -0.34884  -0.06202
 5.80842  -0.34805  -0.06287
 5.81397  -0.34725  -0.06372
 5.81909  -0.34652  -0.06450
 5.84760  -0.34244  -0.06881
 5.87650  -0.33830  -0.07311
 5.90597  -0.33406  -0.07743
 5.91601  -0.33262  -0.07889
 5.92605  -0.33117  -0.08034
 5.95662  -0.32677  -0.08469
 5.98754  -0.32232  -0.08901
 5.99950  -0.32059  -0.09066
 6.00555  -0.31972  -0.09149
 6.00995  -0.31909  -0.09209
 6.01434  -0.31845  -0.09269
 6.02266  -0.31726  -0.09381
 6.05466  -0.31265  -0.09810
 6.08690  -0.30801  -0.10231
 6.09904  -0.30626  -0.10388
 6.10494  -0.30541  -0.10463
 6.10937  -0.30478  -0.10519
 6.11379  -0.30414  -0.10576
 6.11882  -0.30342  -0.10639
 6.15161  -0.29872  -0.11048
 6.18453  -0.29401  -0.11449
 6.19614  -0.29235  -0.11587
 6.20775  -0.29069  -0.11725
 6.21363  -0.28985  -0.11794
 6.21952  -0.28902  -0.11862
 6.25247  -0.28433  -0.12241
 6.28551  -0.27965  -0.12610
 6.29709  -0.27801  -0.12736
 6.30868  -0.27638  -0.12862
 6.31405  -0.27562  -0.12919
 6.31893  -0.27494  -0.12972
 6.35163  -0.27035  -0.13314
 6.38440  -0.26577  -0.13647
 6.39539  -0.26424  -0.13756
 6.40638  -0.26271  -0.13864
 6.41441  -0.26160  -0.13942
 6.42224  -0.26051  -0.14017
 6.45449  -0.25606  -0.14321
 6.48678  -0.25163  -0.14615
 6.49780  -0.25013  -0.14712
 6.50883  -0.24862  -0.14809
 6.51371  -0.24796  -0.14851
 6.51814  -0.24736  -0.14889
 6.54984  -0.24307  -0.15156
 6.58161  -0.23880  -0.15414
 6.59097  -0.23755  -0.15487
 6.60033  -0.23630  -0.15560
 6.60635  -0.23550  -0.15607
 6.60999  -0.23501  -0.15634
 6.61363  -0.23453  -0.15662
 6.62237  -0.23337  -0.15728
 6.65349  -0.22926  -0.15956
 6.68463  -0.22518  -0.16175
 6.69630  -0.22366  -0.16254
 6.70796  -0.22214  -0.16332
 6.71283  -0.22151  -0.16364
 6.71769  -0.22089  -0.16396
 6.74816  -0.21696  -0.16589
 6.77868  -0.21307  -0.16774
 6.80899  -0.20924  -0.16947
 6.81242  -0.20881  -0.16966
 6.81556  -0.20841  -0.16984
 6.84531  -0.20469  -0.17143
 6.87512  -0.20101  -0.17293
 6.90469  -0.19738  -0.17434
 6.90925  -0.19682  -0.17455
 6.91327  -0.19634  -0.17473
 6.91690  -0.19589  -0.17490
 6.94582  -0.19240  -0.17615
 6.97476  -0.18894  -0.17733
 7.00343  -0.18554  -0.17841
 7.00868  -0.18492  -0.17860
 7.01204  -0.18453  -0.17872
 7.01539  -0.18413  -0.17884
 7.04329  -0.18088  -0.17978
 7.07120  -0.17766  -0.18065
 7.09878  -0.17450  -0.18144
 7.10436  -0.17387  -0.18159
 7.10994  -0.17324  -0.18174
 7.12975  -0.17101  -0.18225
 7.14824  -0.16894  -0.18268
 7.17457  -0.16602  -0.18325
 7.20060  -0.16317  -0.18375
 7.20467  -0.16273  -0.18382
 7.20874  -0.16228  -0.18389
 7.21156  -0.16198  -0.18394
 7.21437  -0.16167  -0.18399
 7.23911  -0.15901  -0.18438
 7.26383  -0.15637  -0.18472
 7.28795  -0.15382  -0.18499
 7.29383  -0.15321  -0.18505
 7.29970  -0.15259  -0.18511
 7.30850  -0.15168  -0.18519
 7.30976  -0.15155  -0.18520
 7.31101  -0.15141  -0.18521
 7.31232  -0.15128  -0.18522
 7.32535  -0.14993  -0.18533
 7.34712  -0.14769  -0.18547
 7.36834  -0.14554  -0.18556
 7.38845  -0.14351  -0.18562
 7.40518  -0.14184  -0.18565
 7.40872  -0.14149  -0.18565
 7.40928  -0.14143  -0.18565
 7.40984  -0.14137  -0.18565
 7.41025  -0.14133  -0.18565
 7.41066  -0.14129  -0.18565
 7.41476  -0.14089  -0.18565
 7.42644  -0.13973  -0.18565
 7.44116  -0.13829  -0.18563
 7.45817  -0.13663  -0.18558
 7.47685  -0.13483  -0.18551
 7.49688  -0.13291  -0.18540
 7.50279  -0.13235  -0.18536
 7.50869  -0.13179  -0.18532
 7.50978  -0.13169  -0.18531
 7.51086  -0.13159  -0.18531
 7.51203  -0.13148  -0.18530
 7.52366  -0.13038  -0.18521
 7.54606  -0.12829  -0.18501
 7.56931  -0.12614  -0.18476
 7.59336  -0.12395  -0.18446
 7.60043  -0.12331  -0.18437
 7.60750  -0.12267  -0.18427
 7.60957  -0.12248  -0.18424
 7.61164  -0.12230  -0.18421
 7.61362  -0.12212  -0.18418
 7.63332  -0.12036  -0.18388
 7.65914  -0.11808  -0.18345
 7.68555  -0.11579  -0.18297
 7.69246  -0.11519  -0.18283
 7.69938  -0.11460  -0.18269
 7.70374  -0.11423  -0.18261
 7.70809  -0.11385  -0.18252
 7.71219  -0.11350  -0.18243
 7.71588  -0.11319  -0.18235
 7.74350  -0.11086  -0.18175
 7.77157  -0.10853  -0.18108
 7.80012  -0.10620  -0.18035
 7.80433  -0.10586  -0.18024
 7.80854  -0.10552  -0.18013
 7.81242  -0.10520  -0.18003
 7.81614  -0.10490  -0.17993
 7.84541  -0.10257  -0.17911
 7.87502  -0.10025  -0.17823
 7.90502  -0.09794  -0.17730
 7.90823  -0.09770  -0.17719
 7.90980  -0.09758  -0.17714
 7.91138  -0.09746  -0.17709
 7.91361  -0.09729  -0.17702
 7.93590  -0.09561  -0.17629
 7.96656  -0.09333  -0.17523
 7.99750  -0.09107  -0.17413
 8.00389  -0.09061  -0.17389
 8.00780  -0.09033  -0.17375
 8.01005  -0.09017  -0.17367
 8.01229  -0.09001  -0.17358
 8.03477  -0.08841  -0.17274
 8.06624  -0.08621  -0.17151
 8.09788  -0.08404  -0.17024
 8.10433  -0.08360  -0.16998
 8.10783  -0.08337  -0.16983
 8.10974  -0.08324  -0.16975
 8.11165  -0.08311  -0.16968
 8.11427  -0.08293  -0.16957
 8.14047  -0.08119  -0.16847
 8.17242  -0.07910  -0.16709
 8.20444  -0.07704  -0.16567
 8.20880  -0.07677  -0.16547
 8.21264  -0.07652  -0.16530
 8.21622  -0.07630  -0.16514
 8.24830  -0.07430  -0.16366
 8.28038  -0.07234  -0.16216
 8.29036  -0.07174  -0.16169
 8.30035  -0.07114  -0.16121
 8.30643  -0.07078  -0.16091
 8.30957  -0.07060  -0.16076
 8.31270  -0.07041  -0.16061
 8.31641  -0.07019  -0.16043
 8.34841  -0.06832  -0.15887
 8.38036  -0.06650  -0.15727
 8.39071  -0.06592  -0.15675
 8.40105  -0.06534  -0.15623
 8.40771  -0.06497  -0.15589
 8.41329  -0.06466  -0.15560
 8.41887  -0.06436  -0.15532
 8.45059  -0.06263  -0.15368
 8.48222  -0.06095  -0.15203
 8.49207  -0.06043  -0.15151
 8.50192  -0.05992  -0.15099
 8.50941  -0.05953  -0.15059
 8.51691  -0.05914  -0.15019
 8.52423  -0.05877  -0.14980
 8.55552  -0.05719  -0.14812
 8.58671  -0.05565  -0.14642
 8.59769  -0.05511  -0.14582
 8.60866  -0.05458  -0.14522
 8.61382  -0.05434  -0.14494
 8.61850  -0.05411  -0.14468
 8.64934  -0.05265  -0.14297
 8.68006  -0.05124  -0.14126
 8.69371  -0.05062  -0.14050
 8.70735  -0.05000  -0.13973
 8.71383  -0.04971  -0.13937
 8.72031  -0.04943  -0.13900
 8.75063  -0.04810  -0.13729
 8.78082  -0.04680  -0.13558
 8.79367  -0.04626  -0.13484
 8.80652  -0.04573  -0.13411
 8.81425  -0.04541  -0.13367
 8.82199  -0.04509  -0.13323
 8.85178  -0.04388  -0.13152
 8.88144  -0.04270  -0.12982
 8.89405  -0.04221  -0.12909
 8.90667  -0.04172  -0.12836
 8.91422  -0.04143  -0.12793
 8.92178  -0.04114  -0.12749
 8.95105  -0.04004  -0.12580
 8.98020  -0.03897  -0.12412
 9.00920  -0.03793  -0.12245
 9.02061  -0.03753  -0.12179
 9.03105  -0.03716  -0.12118
 9.05977  -0.03617  -0.11953
 9.08837  -0.03521  -0.11788
 9.09956  -0.03484  -0.11723
 9.10582  -0.03463  -0.11687
 9.10951  -0.03451  -0.11666
 9.11321  -0.03439  -0.11644
 9.11795  -0.03424  -0.11617
 9.14624  -0.03333  -0.11454
 9.17441  -0.03244  -0.11293
 9.20245  -0.03158  -0.11132
 9.20938  -0.03137  -0.11093
 9.21630  -0.03116  -0.11053
 9.22387  -0.03094  -0.11010
 9.25166  -0.03012  -0.10852
 9.27933  -0.02932  -0.10695
 9.30688  -0.02854  -0.10539
 9.31506  -0.02832  -0.10493
 9.32324  -0.02809  -0.10447
 9.35057  -0.02735  -0.10293
 9.37779  -0.02663  -0.10141
 9.40489  -0.02593  -0.09991
 9.40986  -0.02580  -0.09963
 9.41482  -0.02568  -0.09936
 9.42279  -0.02547  -0.09892
 9.44967  -0.02480  -0.09743
 9.47646  -0.02415  -0.09596
 9.50312  -0.02352  -0.09451
 9.50827  -0.02340  -0.09423
 9.51342  -0.02328  -0.09395
 9.51896  -0.02315  -0.09365
 9.54543  -0.02254  -0.09223
 9.57180  -0.02195  -0.09081
 9.59806  -0.02138  -0.08941
 9.60769  -0.02117  -0.08890
 9.61452  -0.02102  -0.08854
 9.62120  -0.02088  -0.08819
 9.64724  -0.02034  -0.08682
 9.67318  -0.01980  -0.08547
 9.69902  -0.01929  -0.08413
 9.72475  -0.01879  -0.08281
 9.74923  -0.01832  -0.08156
 9.77475  -0.01784  -0.08027
 9.80017  -0.01738  -0.07900
 9.80657  -0.01726  -0.07868
 9.81296  -0.01715  -0.07836
 9.81913  -0.01704  -0.07806
 9.84435  -0.01660  -0.07681
 9.86948  -0.01617  -0.07558
 9.89451  -0.01575  -0.07437
 9.90714  -0.01554  -0.07376
 9.91511  -0.01541  -0.07338
 9.92308  -0.01528  -0.07300
 9.94787  -0.01489  -0.07182
 9.97257  -0.01451  -0.07065
 9.99717  -0.01413  -0.06951
 10.00450  -0.01402  -0.06917
 10.01003  -0.01394  -0.06891
 10.01557  -0.01386  -0.06866
 10.03995  -0.01351  -0.06754
 10.06426  -0.01316  -0.06643
 10.08846  -0.01282  -0.06535
 10.09863  -0.01268  -0.06489
 10.10880  -0.01255  -0.06444
 10.12392  -0.01234  -0.06377
 10.13766  -0.01216  -0.06317
 10.16150  -0.01185  -0.06213
 10.18526  -0.01155  -0.06111
 10.20889  -0.01126  -0.06010
 10.22653  -0.01105  -0.05936
 10.24250  -0.01086  -0.05869
 10.26583  -0.01058  -0.05772
 10.28906  -0.01032  -0.05676
 10.29942  -0.01020  -0.05634
 10.30978  -0.01008  -0.05592
 10.33273  -0.00983  -0.05500
 10.35561  -0.00959  -0.05409
 10.37833  -0.00935  -0.05320
 10.40092  -0.00912  -0.05232
 10.41184  -0.00901  -0.05190
 10.42277  -0.00890  -0.05148
 10.44502  -0.00868  -0.05063
 10.46717  -0.00847  -0.04980
 10.48917  -0.00827  -0.04899
 10.50091  -0.00816  -0.04855
 10.50849  -0.00809  -0.04828
 10.51607  -0.00802  -0.04800
 10.52387  -0.00795  -0.04772
 10.54537  -0.00776  -0.04694
 10.56677  -0.00757  -0.04618
 10.58800  -0.00740  -0.04543
 10.60905  -0.00722  -0.04470
 10.62990  -0.00705  -0.04398
 10.64919  -0.00690  -0.04333
 10.66965  -0.00674  -0.04264
 10.68992  -0.00659  -0.04197
 10.70996  -0.00644  -0.04131
 10.72979  -0.00629  -0.04066
 10.74946  -0.00615  -0.04003
 10.76882  -0.00602  -0.03942
 10.78793  -0.00588  -0.03882
 10.80678  -0.00576  -0.03823
 10.81610  -0.00570  -0.03795
 10.82513  -0.00564  -0.03767
 10.84330  -0.00552  -0.03712
 10.86133  -0.00540  -0.03658
 10.87905  -0.00529  -0.03605
 10.89645  -0.00519  -0.03554
 10.90568  -0.00513  -0.03527
 10.91491  -0.00508  -0.03501
 10.92458  -0.00502  -0.03473
 10.94090  -0.00493  -0.03426
 10.95698  -0.00483  -0.03381
 10.97265  -0.00474  -0.03337
 10.98788  -0.00466  -0.03295
 11.00260  -0.00458  -0.03255
 11.00828  -0.00455  -0.03239
 11.01396  -0.00452  -0.03224
 11.01920  -0.00449  -0.03209
 11.03221  -0.00442  -0.03174
 11.04493  -0.00436  -0.03141
 11.05678  -0.00430  -0.03109
 11.06744  -0.00424  -0.03081
 11.07842  -0.00419  -0.03053
 11.09032  -0.00413  -0.03022
 11.10298  -0.00407  -0.02989
 11.10883  -0.00404  -0.02974
 11.11468  -0.00401  -0.02959
 11.12071  -0.00398  -0.02944
 11.13470  -0.00392  -0.02909
 11.14917  -0.00385  -0.02873
 11.16407  -0.00378  -0.02836
 11.17934  -0.00371  -0.02799
 11.19496  -0.00364  -0.02761
 11.20450  -0.00360  -0.02738
 11.21097  -0.00357  -0.02723
 11.21705  -0.00355  -0.02708
 11.23337  -0.00348  -0.02670
 11.24998  -0.00341  -0.02631
 11.26684  -0.00334  -0.02593
 11.28392  -0.00327  -0.02554
 11.30122  -0.00320  -0.02515
 11.30830  -0.00318  -0.02499
 11.31538  -0.00315  -0.02483
 11.32304  -0.00312  -0.02466
 11.34072  -0.00305  -0.02428
 11.35861  -0.00299  -0.02389
 11.37665  -0.00292  -0.02351
 11.39484  -0.00286  -0.02312
 11.40924  -0.00281  -0.02283
 11.42364  -0.00276  -0.02253
 11.44014  -0.00270  -0.02219
 11.45873  -0.00264  -0.02182
 11.47742  -0.00258  -0.02145
 11.49620  -0.00252  -0.02108
 11.50752  -0.00249  -0.02086
 11.51883  -0.00245  -0.02065
 11.52960  -0.00242  -0.02044
 11.54853  -0.00236  -0.02008
 11.56757  -0.00231  -0.01973
 11.58666  -0.00225  -0.01938
 11.60579  -0.00220  -0.01904
 11.61820  -0.00217  -0.01881
 11.62992  -0.00214  -0.01861
 11.64908  -0.00209  -0.01827
 11.66831  -0.00204  -0.01794
 11.68756  -0.00199  -0.01762
 11.70683  -0.00194  -0.01729
 11.71949  -0.00191  -0.01708
 11.73105  -0.00188  -0.01690
 11.75027  -0.00184  -0.01658
 11.76956  -0.00179  -0.01628
 11.78884  -0.00175  -0.01598
 11.80811  -0.00170  -0.01568
 11.82738  -0.00166  -0.01538
 11.84531  -0.00163  -0.01511
 11.86455  -0.00159  -0.01483
 11.88379  -0.00155  -0.01455
 11.90300  -0.00151  -0.01427
 11.92002  -0.00148  -0.01403
 11.93703  -0.00144  -0.01380
 11.95618  -0.00141  -0.01353
 11.97532  -0.00137  -0.01327
 11.99445  -0.00134  -0.01302
 12.00764  -0.00132  -0.01284
 12.02083  -0.00130  -0.01267
 12.03419  -0.00127  -0.01250
 12.05319  -0.00124  -0.01226
 12.07221  -0.00121  -0.01202
 12.09120  -0.00118  -0.01178
 12.11017  -0.00115  -0.01155
 12.12799  -0.00112  -0.01134
 12.14689  -0.00110  -0.01112
 12.16577  -0.00107  -0.01090
 12.18462  -0.00104  -0.01068
 12.20345  -0.00102  -0.01047
 12.22224  -0.00099  -0.01026
 12.23918  -0.00097  -0.01008
 12.25790  -0.00095  -0.00987
 12.27661  -0.00092  -0.00967
 12.29528  -0.00090  -0.00948
 12.30787  -0.00088  -0.00935
 12.32046  -0.00087  -0.00922
 12.33458  -0.00085  -0.00908
 12.35311  -0.00083  -0.00889
 12.37165  -0.00081  -0.00871
 12.39014  -0.00079  -0.00853
 12.40861  -0.00077  -0.00836
 12.42703  -0.00075  -0.00818
 12.44545  -0.00073  -0.00801
 12.46380  -0.00071  -0.00785
 12.48211  -0.00069  -0.00768
 12.50037  -0.00068  -0.00752
 12.50939  -0.00067  -0.00744
 12.51840  -0.00066  -0.00736
 12.53334  -0.00065  -0.00724
 12.55145  -0.00063  -0.00708
 12.56953  -0.00061  -0.00693
 12.58755  -0.00060  -0.00678
 12.60551  -0.00058  -0.00664
 12.62341  -0.00057  -0.00649
 12.64068  -0.00055  -0.00636
 12.65842  -0.00054  -0.00622
 12.67607  -0.00053  -0.00609
 12.69362  -0.00051  -0.00595
 12.70876  -0.00050  -0.00584
 12.72390  -0.00049  -0.00573
 12.74117  -0.00048  -0.00560
 12.75818  -0.00046  -0.00548
 12.77497  -0.00045  -0.00536
 12.79152  -0.00044  -0.00525
 12.80778  -0.00043  -0.00513
 12.82368  -0.00042  -0.00503
 12.83919  -0.00041  -0.00492
 12.85416  -0.00040  -0.00482
 12.86851  -0.00039  -0.00473
 12.88210  -0.00038  -0.00464
 12.89331  -0.00038  -0.00457
 12.90453  -0.00037  -0.00450
 12.91647  -0.00036  -0.00442
 12.92931  -0.00036  -0.00434
 12.94292  -0.00035  -0.00426
 12.95711  -0.00034  -0.00417
 12.97179  -0.00033  -0.00408
 12.98685  -0.00032  -0.00399
 13.00225  -0.00032  -0.00390
 13.01790  -0.00031  -0.00380
 13.03338  -0.00030  -0.00371
 13.04944  -0.00029  -0.00362
 13.06564  -0.00028  -0.00353
 13.08198  -0.00027  -0.00344
 13.09841  -0.00027  -0.00335
 13.11257  -0.00026  -0.00327
 13.12672  -0.00025  -0.00319
 13.14334  -0.00025  -0.00310
 13.16003  -0.00024  -0.00301
 13.17676  -0.00023  -0.00292
 13.19352  -0.00022  -0.00284
 13.21032  -0.00022  -0.00275
 13.22689  -0.00021  -0.00267
 13.24371  -0.00020  -0.00258
 13.26056  -0.00019  -0.00250
 13.27741  -0.00019  -0.00241
 13.29426  -0.00018  -0.00233
 13.30755  -0.00018  -0.00226
 13.32084  -0.00017  -0.00220
 13.33658  -0.00016  -0.00212
 13.35343  -0.00016  -0.00204
 13.37028  -0.00015  -0.00196
 13.38713  -0.00014  -0.00189
 13.40397  -0.00014  -0.00181
 13.42080  -0.00013  -0.00173
 13.43770  -0.00013  -0.00165
 13.45451  -0.00012  -0.00158
 13.47132  -0.00011  -0.00150
 13.48811  -0.00011  -0.00143
 13.50488  -0.00010  -0.00135
 13.52165  -0.00010  -0.00128
 13.53738  -0.00009  -0.00121
 13.55412  -0.00009  -0.00114
 13.57084  -0.00008  -0.00106
 13.58755  -0.00008  -0.00099
 13.60425  -0.00007  -0.00092
 13.62092  -0.00006  -0.00085
 13.63726  -0.00006  -0.00078
 13.65390  -0.00005  -0.00071
 13.67054  -0.00005  -0.00064
 13.68715  -0.00004  -0.00057
 13.70375  -0.00004  -0.00050
 13.72033  -0.00003  -0.00043
 13.73706  -0.00003  -0.00036
 13.75361  -0.00002  -0.00029
 13.77014  -0.00002  -0.00022
 13.78665  -0.00001  -0.00015
 13.80315  -0.00001  -0.00008
 13.81963  -0.00000  -0.00001
 13.82756   0.00000   0.00002
