 0.00018   0.00000
 0.00023   0.00000
 0.00028   0.00000
 0.00034   0.00000
 0.00041   0.00000
 0.00049   0.00000
 0.00059   0.00000
 0.00069   0.00000
 0.00082   0.00000
 0.00096   0.00000
 0.00112   0.00000
 0.00131   0.00000
 0.00151   0.00000
 0.00174   0.00000
 0.00201   0.00000
 0.00230   0.00000
 0.00262   0.00000
 0.00299   0.00000
 0.00339   0.00000
 0.00383   0.00000
 0.00433   0.00000
 0.00487   0.00000
 0.00547   0.00001
 0.00612   0.00001
 0.00684   0.00001
 0.00762   0.00001
 0.00848   0.00001
 0.00941   0.00002
 0.01043   0.00002
 0.01153   0.00003
 0.01272   0.00003
 0.01402   0.00004
 0.01542   0.00005
 0.01693   0.00006
 0.01857   0.00007
 0.02032   0.00008
 0.02219   0.00010
 0.02422   0.00011
 0.02641   0.00013
 0.02875   0.00016
 0.03125   0.00019
 0.03392   0.00022
 0.03679   0.00026
 0.03986   0.00031
 0.04314   0.00036
 0.04664   0.00042
 0.05037   0.00049
 0.05454   0.00057
 0.05878   0.00067
 0.06329   0.00077
 0.06813   0.00090
 0.07323   0.00103
 0.07868   0.00119
 0.08443   0.00138
 0.09059   0.00158
 0.09749   0.00183
 0.10437   0.00210
 0.11172   0.00241
 0.11920   0.00274
 0.12739   0.00313
 0.13610   0.00357
 0.14544   0.00407
 0.15518   0.00464
 0.16541   0.00526
 0.17624   0.00597
 0.18779   0.00678
 0.20026   0.00770
 0.21373   0.00877
 0.22690   0.00987
 0.24135   0.01116
 0.25912   0.01285
 0.27556   0.01451
 0.29238   0.01631
 0.31222   0.01857
 0.33205   0.02096
 0.35602   0.02404
 0.37815   0.02705
 0.40201   0.03049
 0.43267   0.03517
 0.46415   0.04030
 0.49563   0.04574
 0.53051   0.05211
 0.57022   0.05979
 0.61166   0.06825
 0.64675   0.07577
 0.68184   0.08358
 0.71733   0.09176
 0.74875   0.09921
 0.78017   0.10686
 0.81453   0.11542
 0.84608   0.12345
 0.88081   0.13244
 0.91871   0.14243
 0.95661   0.15256
 0.99756   0.16363
 1.03852   0.17479
 1.07716   0.18537
 1.11935   0.19693
 1.15870   0.20769
 1.19539   0.21767
 1.23183   0.22749
 1.27204   0.23820
 1.31699   0.24995
 1.36744   0.26282
 1.39906   0.27068
 1.43068   0.27835
 1.47153   0.28796
 1.51239   0.29719
 1.54591   0.30446
 1.57943   0.31144
 1.60890   0.31732
 1.63837   0.32293
 1.66931   0.32854
 1.70183   0.33410
 1.73455   0.33933
 1.76534   0.34392
 1.79568   0.34809
 1.82602   0.35192
 1.85421   0.35516
 1.88439   0.35828
 1.91454   0.36103
 1.94621   0.36350
 1.97497   0.36538
 1.99735   0.36660
 2.01043   0.36721
 2.02337   0.36774
 2.07371   0.36909
 2.09688   0.36933
 2.10832   0.36935
 2.11977   0.36932
 2.13281   0.36921
 2.18137   0.36811
 2.20915   0.36699
 2.23693   0.36551
 2.26856   0.36338
 2.29615   0.36114
 2.30958   0.35992
 2.32301   0.35862
 2.34470   0.35634
 2.39680   0.34997
 2.43048   0.34518
 2.46312   0.34004
 2.49006   0.33544
 2.50914   0.33199
 2.52821   0.32837
 2.55545   0.32293
 2.59988   0.31336
 2.62749   0.30699
 2.65510   0.30030
 2.69512   0.29006
 2.73514   0.27919
 2.77225   0.26856
 2.80870   0.25763
 2.84514   0.24623
 2.89053   0.23140
 2.93497   0.21625
 2.97941   0.20051
 3.01572   0.18725
 3.05202   0.17364
 3.10683   0.15251
 3.16125   0.13090
 3.20203   0.11435
 3.24281   0.09754
 3.28702   0.07907
 3.33864   0.05723
 3.38878   0.03582
 3.43881   0.01433
 3.48739  -0.00659
 3.53560  -0.02732
 3.58423  -0.04815
 3.63409  -0.06934
 3.68391  -0.09028
 3.73573  -0.11174
 3.78702  -0.13258
 3.84077  -0.15392
 3.89687  -0.17555
 3.94654  -0.19409
 3.99307  -0.21088
 4.04036  -0.22733
 4.08766  -0.24310
 4.14584  -0.26153
 4.19995  -0.27762
 4.24315  -0.28972
 4.28316  -0.30030
 4.34173  -0.31466
 4.39035  -0.32554
 4.43897  -0.33543
 4.49016  -0.34477
 4.53442  -0.35192
 4.57868  -0.35821
 4.60727  -0.36181
 4.63586  -0.36504
 4.66957  -0.36837
 4.70249  -0.37113
 4.73540  -0.37340
 4.76562  -0.37504
 4.79921  -0.37638
 4.82842  -0.37712
 4.85763  -0.37748
 4.90810  -0.37719
 4.95860  -0.37575
 5.00511  -0.37342
 5.04997  -0.37027
 5.09104  -0.36662
 5.13423  -0.36201
 5.17741  -0.35662
 5.20912  -0.35218
 5.24084  -0.34733
 5.28729  -0.33952
 5.33945  -0.32977
 5.39160  -0.31901
 5.43860  -0.30850
 5.48560  -0.29724
 5.54623  -0.28166
 5.60317  -0.26602
 5.66471  -0.24808
 5.71052  -0.23407
 5.75633  -0.21956
 5.80281  -0.20435
 5.84929  -0.18868
 5.90176  -0.17050
 5.96351  -0.14851
 6.00687  -0.13272
 6.05024  -0.11669
 6.10824  -0.09492
 6.16887  -0.07183
 6.22879  -0.04877
 6.28807  -0.02579
 6.34709  -0.00283
 6.40500   0.01971
 6.46355   0.04244
 6.52401   0.06577
 6.58236   0.08809
 6.64634   0.11227
 6.71274   0.13694
 6.77321   0.15899
 6.84324   0.18392
 6.91155   0.20755
 6.97542   0.22895
 7.05220   0.25373
 7.10108   0.26893
 7.14995   0.28364
 7.20627   0.29999
 7.29001   0.32303
 7.34854   0.33820
 7.40707   0.35259
 7.49297   0.37224
 7.55013   0.38433
 7.60207   0.39463
 7.67464   0.40791
 7.70619   0.41328
 7.73773   0.41840
 7.78010   0.42490
 7.84676   0.43423
 7.89227   0.43998
 7.93778   0.44523
 7.99245   0.45087
 8.04251   0.45542
 8.09173   0.45932
 8.14064   0.46265
 8.18954   0.46543
 8.24701   0.46802
 8.29934   0.46976
 8.34666   0.47084
 8.39012   0.47142
 8.44024   0.47162
 8.49037   0.47133
 8.54035   0.47057
 8.59033   0.46935
 8.64118   0.46765
 8.69203   0.46552
 8.74326   0.46295
 8.79323   0.46004
 8.84156   0.45688
 8.88990   0.45338
 8.94447   0.44905
 8.99903   0.44434
 9.06552   0.43812
 9.11135   0.43354
 9.15421   0.42906
 9.20785   0.42320
 9.26149   0.41707
 9.29939   0.41259
 9.33729   0.40799
 9.37983   0.40271
 9.45273   0.39337
 9.50471   0.38651
 9.55669   0.37951
 9.62045   0.37074
 9.69761   0.35991
 9.78522   0.34739
 9.85523   0.33725
 9.90900   0.32941
 9.96277   0.32154
 10.05222   0.30841
 10.10650   0.30044
 10.16078   0.29250
 10.20476   0.28608
 10.24875   0.27968
 10.31109   0.27068
 10.37862   0.26101
 10.46925   0.24821
 10.55564   0.23623
 10.66530   0.22138
 10.77224   0.20733
 10.87918   0.19376
 10.98039   0.18137
 11.07339   0.17041
 11.16622   0.15988
 11.28394   0.14713
 11.40974   0.13427
 11.50472   0.12509
 11.59971   0.11635
 11.70980   0.10679
 11.80064   0.09934
 11.89148   0.09228
 11.99988   0.08436
 12.10828   0.07698
 12.22489   0.06961
 12.31928   0.06405
 12.41078   0.05901
 12.52098   0.05336
 12.61315   0.04898
 12.70532   0.04489
 12.80605   0.04074
 12.90639   0.03692
 13.00575   0.03342
 13.10439   0.03022
 13.20255   0.02728
 13.30041   0.02458
 13.39810   0.02209
 13.49571   0.01980
 13.59334   0.01769
 13.69105   0.01575
 13.78891   0.01395
 13.88700   0.01229
 13.98538   0.01075
 14.08412   0.00932
 14.18327   0.00799
 14.28288   0.00674
 14.38297   0.00557
 14.48359   0.00445
 14.58473   0.00339
 14.68636   0.00237
 14.78840   0.00137
 14.89067   0.00039
 14.98654  -0.00052
