 0.00018   0.00000
 0.00023   0.00000
 0.00028   0.00000
 0.00034   0.00000
 0.00041   0.00000
 0.00049   0.00000
 0.00059   0.00000
 0.00069   0.00000
 0.00082   0.00000
 0.00096   0.00000
 0.00112   0.00000
 0.00131   0.00000
 0.00151   0.00000
 0.00174   0.00000
 0.00201   0.00000
 0.00230   0.00000
 0.00262   0.00000
 0.00299   0.00000
 0.00339   0.00000
 0.00383   0.00000
 0.00433   0.00001
 0.00487   0.00001
 0.00547   0.00001
 0.00612   0.00001
 0.00684   0.00001
 0.00762   0.00002
 0.00848   0.00002
 0.00941   0.00003
 0.01043   0.00003
 0.01153   0.00004
 0.01272   0.00005
 0.01402   0.00006
 0.01542   0.00008
 0.01693   0.00009
 0.01857   0.00011
 0.02033   0.00013
 0.02219   0.00016
 0.02423   0.00019
 0.02641   0.00022
 0.02875   0.00026
 0.03126   0.00031
 0.03393   0.00036
 0.03681   0.00043
 0.03988   0.00050
 0.04316   0.00059
 0.04667   0.00069
 0.05041   0.00080
 0.05462   0.00094
 0.05888   0.00110
 0.06341   0.00127
 0.06827   0.00147
 0.07340   0.00170
 0.07890   0.00197
 0.08470   0.00226
 0.09090   0.00261
 0.09763   0.00301
 0.10459   0.00345
 0.11206   0.00396
 0.11965   0.00451
 0.12798   0.00516
 0.13684   0.00589
 0.14637   0.00673
 0.15651   0.00769
 0.16726   0.00878
 0.17881   0.01002
 0.19114   0.01143
 0.20481   0.01310
 0.21813   0.01484
 0.23314   0.01691
 0.24800   0.01909
 0.26495   0.02174
 0.28224   0.02459
 0.30439   0.02848
 0.32504   0.03234
 0.34730   0.03675
 0.37287   0.04211
 0.39627   0.04728
 0.42653   0.05434
 0.45743   0.06194
 0.48834   0.06992
 0.52104   0.07874
 0.55118   0.08717
 0.57969   0.09539
 0.61722   0.10652
 0.65823   0.11903
 0.69038   0.12903
 0.71824   0.13780
 0.74610   0.14663
 0.77675   0.15639
 0.80971   0.16689
 0.85092   0.17996
 0.88836   0.19171
 0.92580   0.20326
 0.96167   0.21408
 0.99838   0.22484
 1.02934   0.23362
 1.06031   0.24210
 1.09082   0.25012
 1.12133   0.25778
 1.15040   0.26470
 1.17947   0.27124
 1.21551   0.27877
 1.25129   0.28557
 1.28810   0.29182
 1.31730   0.29621
 1.34650   0.30008
 1.37665   0.30351
 1.40739   0.30639
 1.43936   0.30872
 1.47554   0.31049
 1.50974   0.31132
 1.54811   0.31124
 1.58598   0.31010
 1.62193   0.30804
 1.65649   0.30516
 1.70116   0.30011
 1.73579   0.29518
 1.77041   0.28937
 1.81145   0.28136
 1.85249   0.27214
 1.89166   0.26226
 1.93316   0.25066
 1.97218   0.23874
 2.00401   0.22832
 2.03585   0.21729
 2.07140   0.20429
 2.10049   0.19315
 2.12958   0.18158
 2.16165   0.16836
 2.20448   0.15000
 2.24717   0.13097
 2.28754   0.11239
 2.32961   0.09251
 2.37172   0.07218
 2.41295   0.05194
 2.45145   0.03282
 2.49169   0.01270
 2.53147  -0.00724
 2.57068  -0.02686
 2.61028  -0.04657
 2.65032  -0.06629
 2.69086  -0.08598
 2.73186  -0.10550
 2.77356  -0.12488
 2.80925  -0.14100
 2.84494  -0.15664
 2.88722  -0.17449
 2.92992  -0.19167
 2.97456  -0.20863
 3.01745  -0.22390
 3.06217  -0.23865
 3.10474  -0.25152
 3.14695  -0.26310
 3.18644  -0.27282
 3.22774  -0.28178
 3.26799  -0.28931
 3.30821  -0.29561
 3.34786  -0.30060
 3.38584  -0.30422
 3.42427  -0.30673
 3.46470  -0.30810
 3.50191  -0.30822
 3.53471  -0.30740
 3.56609  -0.30583
 3.60361  -0.30293
 3.64176  -0.29887
 3.67737  -0.29408
 3.71670  -0.28768
 3.75963  -0.27941
 3.80018  -0.27039
 3.84131  -0.26011
 3.87976  -0.24949
 3.92192  -0.23679
 3.96496  -0.22274
 4.00796  -0.20767
 4.05130  -0.19153
 4.09445  -0.17457
 4.13816  -0.15658
 4.18091  -0.13827
 4.22461  -0.11892
 4.26931  -0.09855
 4.31266  -0.07834
 4.35480  -0.05836
 4.39753  -0.03784
 4.43991  -0.01732
 4.48178   0.00302
 4.52338   0.02322
 4.56517   0.04341
 4.60765   0.06375
 4.65075   0.08412
 4.69450   0.10442
 4.73886   0.12453
 4.78379   0.14432
 4.82931   0.16368
 4.87593   0.18270
 4.92237   0.20076
 4.97065   0.21849
 5.01754   0.23461
 5.06317   0.24918
 5.10990   0.26291
 5.15635   0.27529
 5.20238   0.28627
 5.24796   0.29582
 5.29143   0.30369
 5.33590   0.31044
 5.37974   0.31581
 5.42304   0.31982
 5.46514   0.32249
 5.50720   0.32395
 5.54865   0.32420
 5.58865   0.32333
 5.62990   0.32129
 5.67562   0.31771
 5.71837   0.31311
 5.76279   0.30709
 5.80697   0.29987
 5.85183   0.29131
 5.89671   0.28157
 5.94287   0.27035
 5.98753   0.25841
 6.03483   0.24464
 6.08336   0.22939
 6.13157   0.21320
 6.18155   0.19539
 6.23032   0.17710
 6.28034   0.15750
 6.32929   0.13759
 6.37885   0.11680
 6.42760   0.09583
 6.47651   0.07435
 6.52478   0.05284
 6.57291   0.03116
 6.62053   0.00958
 6.66782  -0.01189
 6.71475  -0.03315
 6.76251  -0.05465
 6.81113  -0.07631
 6.86059  -0.09802
 6.91098  -0.11970
 6.96213  -0.14118
 7.01430  -0.16243
 7.06557  -0.18258
 7.11938  -0.20286
 7.17408  -0.22246
 7.22915  -0.24109
 7.28657  -0.25923
 7.34224  -0.27550
 7.39797  -0.29041
 7.45340  -0.30381
 7.50705  -0.31539
 7.56164  -0.32571
 7.60770  -0.33326
 7.65376  -0.33972
 7.70604  -0.34573
 7.75849  -0.35033
 7.80963  -0.35344
 7.86085  -0.35518
 7.91139  -0.35557
 7.95832  -0.35476
 8.00873  -0.35265
 8.06005  -0.34919
 8.11204  -0.34438
 8.16121  -0.33864
 8.20892  -0.33199
 8.25664  -0.32433
 8.31184  -0.31422
 8.36523  -0.30323
 8.42222  -0.29026
 8.48647  -0.27417
 8.54484  -0.25830
 8.60346  -0.24125
 8.66287  -0.22292
 8.72221  -0.20364
 8.78468  -0.18242
 8.84497  -0.16114
 8.90527  -0.13916
 8.96574  -0.11654
 9.02610  -0.09348
 9.08697  -0.06984
 9.14731  -0.04612
 9.20744  -0.02230
 9.26751   0.00158
 9.32742   0.02539
 9.38808   0.04940
 9.45040   0.07388
 9.51446   0.09874
 9.58014   0.12383
 9.64786   0.14916
 9.71772   0.17462
 9.78740   0.19924
 9.86169   0.22454
 9.93804   0.24942
 10.01835   0.27426
 10.09184   0.29572
 10.17512   0.31849
 10.25767   0.33937
 10.34311   0.35915
 10.43693   0.37869
 10.53373   0.39641
 10.63159   0.41180
 10.72988   0.42473
 10.82838   0.43517
 10.89897   0.44115
 10.96956   0.44590
 11.04729   0.44975
 11.13573   0.45243
 11.23417   0.45340
 11.33026   0.45240
 11.43046   0.44945
 11.53057   0.44470
 11.63227   0.43820
 11.73483   0.43010
 11.83845   0.42050
 11.94292   0.40956
 12.04803   0.39745
 12.15352   0.38437
 12.25914   0.37049
 12.36467   0.35601
 12.46997   0.34110
 12.57497   0.32591
 12.67967   0.31058
 12.78415   0.29520
 12.88907   0.27980
 12.99651   0.26416
 13.10684   0.24833
 13.22031   0.23240
 13.32354   0.21827
 13.42870   0.20430
 13.55474   0.18817
 13.68285   0.17252
 13.81087   0.15769
 13.94181   0.14337
 14.07589   0.12964
 14.21609   0.11628
 14.34571   0.10484
 14.47217   0.09450
 14.59737   0.08504
 14.72040   0.07648
 14.84288   0.06865
 14.95450   0.06208
 15.06441   0.05612
 15.17307   0.05069
 15.28060   0.04576
 15.38713   0.04128
 15.49269   0.03720
 15.59728   0.03351
 15.70118   0.03016
 15.80457   0.02711
 15.90763   0.02434
 16.01051   0.02183
 16.11339   0.01954
 16.21658   0.01746
 16.32017   0.01557
 16.42424   0.01386
 16.52843   0.01231
 16.63269   0.01091
 16.73739   0.00965
 16.84286   0.00852
 16.94920   0.00749
 17.05649   0.00656
 17.16484   0.00572
 17.27434   0.00497
 17.38509   0.00429
 17.49720   0.00368
 17.61074   0.00313
 17.72586   0.00264
 17.84273   0.00219
 17.96132   0.00178
 18.08194   0.00140
 18.20474   0.00106
 18.32983   0.00073
 18.45730   0.00042
 18.58709   0.00011
 18.71883  -0.00020
 18.79911  -0.00039
