 0.05068   0.00347   0.00771
 0.05123   0.00363   0.00789
 0.05177   0.00380   0.00806
 0.05233   0.00397   0.00824
 0.05289   0.00413   0.00842
 0.05346   0.00430   0.00860
 0.05403   0.00447   0.00879
 0.05462   0.00464   0.00898
 0.05521   0.00481   0.00917
 0.05580   0.00499   0.00937
 0.05640   0.00516   0.00956
 0.05701   0.00534   0.00977
 0.05763   0.00551   0.00997
 0.05825   0.00569   0.01017
 0.05888   0.00587   0.01038
 0.05952   0.00605   0.01059
 0.06000   0.00619   0.01075
 0.06048   0.00632   0.01091
 0.06114   0.00651   0.01113
 0.06180   0.00669   0.01135
 0.06247   0.00688   0.01158
 0.06315   0.00707   0.01181
 0.06383   0.00726   0.01204
 0.06452   0.00745   0.01227
 0.06522   0.00764   0.01250
 0.06593   0.00784   0.01274
 0.06664   0.00803   0.01298
 0.06736   0.00823   0.01323
 0.06809   0.00843   0.01348
 0.06883   0.00863   0.01373
 0.06957   0.00883   0.01398
 0.07033   0.00903   0.01424
 0.07102   0.00922   0.01447
 0.07178   0.00943   0.01473
 0.07256   0.00964   0.01500
 0.07334   0.00985   0.01527
 0.07413   0.01006   0.01554
 0.07493   0.01027   0.01581
 0.07574   0.01049   0.01609
 0.07656   0.01070   0.01637
 0.07738   0.01092   0.01666
 0.07822   0.01115   0.01694
 0.07906   0.01137   0.01724
 0.07991   0.01159   0.01753
 0.08077   0.01182   0.01783
 0.08167   0.01206   0.01814
 0.08255   0.01229   0.01844
 0.08344   0.01252   0.01875
 0.08434   0.01276   0.01906
 0.08524   0.01299   0.01937
 0.08616   0.01323   0.01969
 0.08708   0.01347   0.02001
 0.08802   0.01372   0.02034
 0.08896   0.01396   0.02067
 0.08991   0.01421   0.02100
 0.09088   0.01446   0.02133
 0.09188   0.01472   0.02168
 0.09287   0.01498   0.02202
 0.09386   0.01523   0.02237
 0.09486   0.01549   0.02272
 0.09588   0.01576   0.02307
 0.09690   0.01602   0.02343
 0.09794   0.01629   0.02379
 0.09898   0.01656   0.02416
 0.10004   0.01683   0.02453
 0.10112   0.01711   0.02491
 0.10220   0.01738   0.02528
 0.10329   0.01766   0.02566
 0.10439   0.01794   0.02605
 0.10550   0.01823   0.02644
 0.10663   0.01852   0.02683
 0.10776   0.01881   0.02723
 0.10891   0.01910   0.02763
 0.11007   0.01940   0.02804
 0.11125   0.01970   0.02845
 0.11243   0.02000   0.02887
 0.11363   0.02030   0.02929
 0.11483   0.02061   0.02971
 0.11605   0.02092   0.03014
 0.11729   0.02123   0.03057
 0.11853   0.02155   0.03101
 0.11979   0.02187   0.03145
 0.12106   0.02219   0.03189
 0.12243   0.02254   0.03237
 0.12372   0.02287   0.03283
 0.12503   0.02320   0.03329
 0.12636   0.02353   0.03375
 0.12770   0.02387   0.03422
 0.12905   0.02421   0.03470
 0.13023   0.02451   0.03511
 0.13134   0.02479   0.03550
 0.13273   0.02514   0.03599
 0.13413   0.02550   0.03648
 0.13555   0.02585   0.03698
 0.13698   0.02621   0.03748
 0.13843   0.02658   0.03799
 0.13989   0.02695   0.03850
 0.14136   0.02732   0.03902
 0.14290   0.02770   0.03956
 0.14440   0.02808   0.04009
 0.14593   0.02847   0.04062
 0.14746   0.02885   0.04116
 0.14902   0.02924   0.04171
 0.15041   0.02959   0.04220
 0.15170   0.02991   0.04265
 0.15330   0.03031   0.04321
 0.15491   0.03072   0.04378
 0.15654   0.03113   0.04435
 0.15819   0.03154   0.04493
 0.15985   0.03196   0.04551
 0.16154   0.03238   0.04610
 0.16329   0.03281   0.04672
 0.16501   0.03324   0.04732
 0.16674   0.03368   0.04793
 0.16850   0.03411   0.04854
 0.17027   0.03455   0.04916
 0.17208   0.03501   0.04980
 0.17389   0.03546   0.05043
 0.17571   0.03591   0.05107
 0.17755   0.03637   0.05172
 0.17942   0.03683   0.05237
 0.18130   0.03730   0.05303
 0.18322   0.03778   0.05370
 0.18515   0.03826   0.05437
 0.18709   0.03874   0.05505
 0.18905   0.03922   0.05574
 0.19103   0.03972   0.05643
 0.19293   0.04019   0.05710
 0.19496   0.04069   0.05780
 0.19700   0.04119   0.05852
 0.19906   0.04170   0.05924
 0.20115   0.04222   0.05996
 0.20320   0.04273   0.06068
 0.20533   0.04325   0.06142
 0.20747   0.04378   0.06217
 0.20965   0.04432   0.06293
 0.21184   0.04486   0.06369
 0.21425   0.04545   0.06453
 0.21649   0.04600   0.06531
 0.21875   0.04656   0.06610
 0.22104   0.04712   0.06689
 0.22313   0.04763   0.06762
 0.22547   0.04821   0.06843
 0.22783   0.04879   0.06925
 0.22996   0.04931   0.06999
 0.23210   0.04983   0.07073
 0.23455   0.05043   0.07158
 0.23701   0.05103   0.07243
 0.23949   0.05164   0.07329
 0.24199   0.05225   0.07416
 0.24455   0.05287   0.07504
 0.24711   0.05350   0.07593
 0.24969   0.05413   0.07682
 0.25231   0.05476   0.07772
 0.25512   0.05545   0.07869
 0.25779   0.05609   0.07961
 0.26020   0.05668   0.08044
 0.26239   0.05721   0.08119
 0.26513   0.05788   0.08214
 0.26790   0.05855   0.08309
 0.27018   0.05910   0.08387
 0.27230   0.05961   0.08460
 0.27515   0.06030   0.08557
 0.27803   0.06099   0.08656
 0.28045   0.06157   0.08739
 0.28276   0.06213   0.08818
 0.28572   0.06284   0.08919
 0.28871   0.06356   0.09021
 0.29173   0.06428   0.09125
 0.29477   0.06501   0.09228
 0.29785   0.06575   0.09333
 0.30041   0.06636   0.09420
 0.30298   0.06697   0.09507
 0.30615   0.06773   0.09615
 0.30936   0.06849   0.09724
 0.31260   0.06927   0.09834
 0.31592   0.07005   0.09946
 0.31923   0.07084   0.10058
 0.32258   0.07163   0.10171
 0.32601   0.07244   0.10287
 0.32943   0.07325   0.10402
 0.33289   0.07407   0.10518
 0.33643   0.07490   0.10637
 0.33996   0.07573   0.10756
 0.34353   0.07657   0.10875
 0.34717   0.07742   0.10997
 0.34998   0.07807   0.11091
 0.35280   0.07873   0.11185
 0.35654   0.07960   0.11309
 0.35963   0.08032   0.11412
 0.36273   0.08104   0.11515
 0.36660   0.08194   0.11643
 0.36958   0.08263   0.11742
 0.37257   0.08332   0.11841
 0.37655   0.08424   0.11972
 0.37980   0.08499   0.12080
 0.38306   0.08574   0.12187
 0.38751   0.08676   0.12333
 0.39039   0.08742   0.12428
 0.39307   0.08803   0.12516
 0.39722   0.08898   0.12651
 0.40057   0.08974   0.12761
 0.40392   0.09050   0.12870
 0.40819   0.09146   0.13009
 0.41250   0.09244   0.13149
 0.41689   0.09343   0.13291
 0.41971   0.09406   0.13382
 0.42253   0.09470   0.13473
 0.42726   0.09576   0.13625
 0.42979   0.09632   0.13707
 0.43233   0.09689   0.13788
 0.43681   0.09788   0.13932
 0.43959   0.09850   0.14021
 0.44237   0.09912   0.14109
 0.44640   0.10001   0.14238
 0.44992   0.10079   0.14350
 0.45344   0.10156   0.14461
 0.45854   0.10268   0.14623
 0.46342   0.10375   0.14777
 0.46842   0.10484   0.14934
 0.47342   0.10592   0.15091
 0.47854   0.10703   0.15251
 0.48365   0.10813   0.15410
 0.48889   0.10925   0.15573
 0.49412   0.11037   0.15735
 0.49875   0.11136   0.15878
 0.50339   0.11234   0.16020
 0.50854   0.11343   0.16178
 0.51399   0.11458   0.16345
 0.52015   0.11587   0.16532
 0.52581   0.11705   0.16703
 0.52988   0.11790   0.16826
 0.53395   0.11874   0.16949
 0.53872   0.11972   0.17092
 0.54350   0.12070   0.17234
 0.54863   0.12175   0.17387
 0.55456   0.12296   0.17563
 0.55898   0.12385   0.17693
 0.56340   0.12474   0.17823
 0.56837   0.12574   0.17969
 0.57453   0.12697   0.18149
 0.58102   0.12826   0.18337
 0.58755   0.12954   0.18526
 0.59395   0.13080   0.18709
 0.59886   0.13176   0.18850
 0.60377   0.13271   0.18989
 0.60908   0.13373   0.19139
 0.61574   0.13501   0.19327
 0.61924   0.13567   0.19425
 0.62275   0.13634   0.19523
 0.62699   0.13714   0.19641
 0.63388   0.13844   0.19832
 0.63843   0.13929   0.19957
 0.64299   0.14013   0.20082
 0.64820   0.14109   0.20224
 0.65536   0.14241   0.20418
 0.65912   0.14309   0.20520
 0.66287   0.14377   0.20621
 0.66724   0.14456   0.20737
 0.67464   0.14589   0.20934
 0.67926   0.14671   0.21056
 0.68388   0.14753   0.21177
 0.68932   0.14849   0.21320
 0.69702   0.14983   0.21519
 0.70720   0.15158   0.21781
 0.71692   0.15323   0.22028
 0.72580   0.15472   0.22251
 0.72943   0.15533   0.22341
 0.73307   0.15593   0.22431
 0.73773   0.15670   0.22547
 0.74435   0.15778   0.22709
 0.74951   0.15861   0.22834
 0.75467   0.15944   0.22959
 0.75951   0.16021   0.23075
 0.76435   0.16098   0.23191
 0.76860   0.16165   0.23291
 0.77284   0.16231   0.23391
 0.77762   0.16305   0.23503
 0.78441   0.16409   0.23661
 0.78889   0.16477   0.23764
 0.79338   0.16545   0.23867
 0.79824   0.16618   0.23978
 0.80746   0.16754   0.24186
 0.81473   0.16860   0.24347
 0.81981   0.16934   0.24459
 0.82488   0.17006   0.24570
 0.82898   0.17065   0.24659
 0.83307   0.17122   0.24748
 0.83765   0.17186   0.24846
 0.84475   0.17284   0.24996
 0.84946   0.17349   0.25096
 0.85418   0.17413   0.25194
 0.86007   0.17492   0.25316
 0.86634   0.17575   0.25444
 0.87661   0.17709   0.25651
 0.88624   0.17831   0.25842
 0.89508   0.17942   0.26014
 0.89964   0.17998   0.26102
 0.90420   0.18054   0.26189
 0.90873   0.18109   0.26275
 0.91326   0.18163   0.26360
 0.91804   0.18219   0.26449
 0.92459   0.18296   0.26569
 0.92879   0.18344   0.26645
 0.93299   0.18392   0.26721
 0.93753   0.18444   0.26802
 0.94436   0.18520   0.26922
 0.95119   0.18594   0.27041
 0.95766   0.18664   0.27152
 0.96441   0.18735   0.27266
 0.97110   0.18805   0.27377
 0.97998   0.18895   0.27522
 0.98783   0.18973   0.27648
 0.99458   0.19038   0.27754
 0.99935   0.19084   0.27828
 1.00413   0.19129   0.27901
 1.00988   0.19182   0.27987
 1.01696   0.19247   0.28093
 1.02403   0.19309   0.28196
 1.02928   0.19355   0.28271
 1.03453   0.19400   0.28345
 1.03869   0.19435   0.28403
 1.04285   0.19469   0.28460
 1.04748   0.19507   0.28523
 1.05434   0.19562   0.28614
 1.06120   0.19615   0.28704
 1.06758   0.19664   0.28786
 1.07446   0.19715   0.28872
 1.07952   0.19751   0.28934
 1.08458   0.19787   0.28995
 1.08913   0.19819   0.29049
 1.09368   0.19850   0.29103
 1.09891   0.19885   0.29163
 1.10701   0.19937   0.29254
 1.11500   0.19987   0.29341
 1.11986   0.20016   0.29392
 1.12473   0.20045   0.29443
 1.12880   0.20068   0.29485
 1.13288   0.20091   0.29526
 1.13737   0.20116   0.29570
 1.14447   0.20153   0.29639
 1.14950   0.20179   0.29686
 1.15453   0.20204   0.29732
 1.15937   0.20228   0.29775
 1.16420   0.20251   0.29818
 1.17007   0.20277   0.29868
 1.17639   0.20305   0.29920
 1.18528   0.20341   0.29991
 1.19091   0.20363   0.30034
 1.19654   0.20385   0.30075
 1.20586   0.20417   0.30141
 1.21472   0.20446   0.30201
 1.21945   0.20460   0.30231
 1.22418   0.20474   0.30260
 1.23010   0.20490   0.30296
 1.23599   0.20505   0.30329
 1.24609   0.20529   0.30383
 1.25619   0.20549   0.30433
 1.26623   0.20566   0.30478
 1.27582   0.20579   0.30517
 1.28591   0.20591   0.30554
 1.29522   0.20598   0.30583
 1.29980   0.20601   0.30597
 1.30438   0.20603   0.30609
 1.30939   0.20605   0.30622
 1.31441   0.20606   0.30633
 1.31878   0.20606   0.30642
 1.32315   0.20605   0.30650
 1.32791   0.20604   0.30658
 1.33448   0.20602   0.30667
 1.33867   0.20599   0.30672
 1.34287   0.20596   0.30677
 1.34758   0.20592   0.30680
 1.35435   0.20585   0.30684
 1.36111   0.20577   0.30686
 1.36935   0.20566   0.30685
 1.37877   0.20550   0.30681
 1.38820   0.20531   0.30672
 1.39592   0.20514   0.30663
 1.40070   0.20502   0.30655
 1.40505   0.20491   0.30648
 1.41741   0.20456   0.30622
 1.42501   0.20433   0.30603
 1.42927   0.20419   0.30591
 1.43353   0.20405   0.30578
 1.43870   0.20386   0.30561
 1.44843   0.20350   0.30527
 1.45646   0.20317   0.30496
 1.46385   0.20286   0.30464
 1.47010   0.20258   0.30436
 1.47627   0.20230   0.30406
 1.48511   0.20187   0.30360
 1.48912   0.20167   0.30339
 1.49313   0.20146   0.30316
 1.49788   0.20121   0.30288
 1.50457   0.20085   0.30248
 1.50920   0.20059   0.30219
 1.51383   0.20033   0.30189
 1.51927   0.20001   0.30152
 1.52984   0.19936   0.30077
 1.53691   0.19891   0.30025
 1.54399   0.19845   0.29970
 1.54862   0.19814   0.29933
 1.55326   0.19782   0.29895
 1.55815   0.19748   0.29854
 1.56516   0.19698   0.29793
 1.57002   0.19662   0.29749
 1.57488   0.19626   0.29705
 1.58647   0.19537   0.29595
 1.59498   0.19469   0.29511
 1.59990   0.19429   0.29461
 1.60482   0.19389   0.29409
 1.60965   0.19348   0.29358
 1.61447   0.19307   0.29306
 1.62110   0.19249   0.29233
 1.62705   0.19197   0.29165
 1.63300   0.19143   0.29096
 1.63925   0.19085   0.29022
 1.64855   0.18998   0.28909
 1.65785   0.18908   0.28793
 1.66421   0.18846   0.28711
 1.66866   0.18801   0.28652
 1.67311   0.18756   0.28593
 1.67788   0.18707   0.28529
 1.68463   0.18637   0.28436
 1.68962   0.18584   0.28367
 1.69461   0.18531   0.28296
 1.69965   0.18477   0.28224
 1.70468   0.18422   0.28151
 1.70966   0.18367   0.28077
 1.71464   0.18311   0.28002
 1.71960   0.18255   0.27927
 1.72457   0.18198   0.27851
 1.72887   0.18148   0.27784
 1.73317   0.18098   0.27716
 1.73795   0.18042   0.27640
 1.74456   0.17963   0.27534
 1.74874   0.17913   0.27465
 1.75291   0.17862   0.27396
 1.75751   0.17806   0.27320
 1.76472   0.17716   0.27198
 1.76980   0.17652   0.27110
 1.77488   0.17588   0.27022
 1.77890   0.17536   0.26952
 1.78292   0.17485   0.26880
 1.78748   0.17425   0.26799
 1.79463   0.17332   0.26670
 1.79974   0.17264   0.26576
 1.80486   0.17195   0.26481
 1.80926   0.17136   0.26399
 1.81366   0.17076   0.26316
 1.81895   0.17003   0.26215
 1.82941   0.16858   0.26013
 1.83924   0.16718   0.25819
 1.84973   0.16568   0.25608
 1.85749   0.16454   0.25449
 1.86439   0.16352   0.25306
 1.86980   0.16272   0.25193
 1.87521   0.16191   0.25078
 1.88004   0.16118   0.24975
 1.88487   0.16044   0.24871
 1.89704   0.15857   0.24606
 1.90466   0.15738   0.24437
 1.90951   0.15661   0.24329
 1.91437   0.15584   0.24219
 1.91870   0.15515   0.24121
 1.92303   0.15446   0.24022
 1.92769   0.15370   0.23915
 1.93439   0.15261   0.23759
 1.94012   0.15168   0.23625
 1.94568   0.15076   0.23494
 1.95527   0.14916   0.23265
 1.95932   0.14848   0.23167
 1.96337   0.14780   0.23069
 1.96839   0.14695   0.22947
 1.97638   0.14558   0.22750
 1.98365   0.14433   0.22570
 1.98830   0.14352   0.22453
 1.99295   0.14271   0.22336
 1.99860   0.14172   0.22193
 2.00777   0.14010   0.21958
 2.01279   0.13920   0.21829
 2.01781   0.13831   0.21698
 2.04118   0.13406   0.21081
 2.06469   0.12969   0.20444
 2.08828   0.12522   0.19788
 2.09447   0.12403   0.19613
 2.10065   0.12283   0.19437
 2.10504   0.12198   0.19312
 2.10943   0.12113   0.19186
 2.11162   0.12070   0.19123
 2.11360   0.12031   0.19066
 2.13349   0.11638   0.18487
 2.15736   0.11159   0.17778
 2.18131   0.10670   0.17052
 2.20533   0.10172   0.16310
 2.20991   0.10076   0.16167
 2.21449   0.09980   0.16024
 2.21965   0.09871   0.15862
 2.24377   0.09359   0.15095
 2.26799   0.08837   0.14313
 2.29226   0.08308   0.13518
 2.29901   0.08160   0.13295
 2.30575   0.08011   0.13071
 2.30834   0.07954   0.12984
 2.30966   0.07925   0.12940
 2.31099   0.07895   0.12896
 2.31244   0.07863   0.12848
 2.32701   0.07539   0.12359
 2.35139   0.06993   0.11534
 2.37583   0.06440   0.10697
 2.40028   0.05882   0.09850
 2.40411   0.05794   0.09716
 2.40795   0.05706   0.09583
 2.40957   0.05669   0.09526
 2.41118   0.05632   0.09470
 2.41279   0.05595   0.09413
 2.42891   0.05223   0.08848
 2.45338   0.04656   0.07984
 2.47787   0.04084   0.07112
 2.50234   0.03510   0.06235
 2.50571   0.03431   0.06114
 2.50908   0.03351   0.05993
 2.51136   0.03298   0.05911
 2.51364   0.03244   0.05828
 2.53642   0.02706   0.05005
 2.56084   0.02127   0.04119
 2.58521   0.01548   0.03232
 2.60951   0.00969   0.02344
 2.61153   0.00921   0.02270
 2.61336   0.00878   0.02203
 2.63164   0.00442   0.01534
 2.65579  -0.00135   0.00649
 2.67988  -0.00710  -0.00235
 2.70386  -0.01282  -0.01114
 2.70698  -0.01357  -0.01228
 2.70906  -0.01406  -0.01304
 2.71113  -0.01456  -0.01380
 2.71342  -0.01510  -0.01464
 2.73626  -0.02055  -0.02299
 2.75997  -0.02618  -0.03165
 2.78354  -0.03177  -0.04023
 2.80695  -0.03731  -0.04872
 2.80931  -0.03787  -0.04957
 2.81116  -0.03831  -0.05024
 2.81302  -0.03874  -0.05091
 2.83157  -0.04311  -0.05760
 2.85461  -0.04851  -0.06587
 2.87750  -0.05386  -0.07404
 2.90019  -0.05913  -0.08208
 2.90359  -0.05991  -0.08328
 2.90698  -0.06070  -0.08448
 2.90929  -0.06123  -0.08529
 2.91108  -0.06164  -0.08592
 2.91287  -0.06206  -0.08655
 2.93078  -0.06618  -0.09283
 2.95292  -0.07125  -0.10053
 2.97488  -0.07623  -0.10810
 2.99658  -0.08113  -0.11551
 3.00243  -0.08244  -0.11750
 3.00829  -0.08376  -0.11948
 3.00972  -0.08408  -0.11997
 3.01116  -0.08440  -0.12045
 3.01254  -0.08471  -0.12092
 3.02638  -0.08779  -0.12557
 3.04734  -0.09243  -0.13254
 3.06811  -0.09699  -0.13938
 3.08858  -0.10144  -0.14603
 3.10872  -0.10578  -0.15250
 3.11000  -0.10605  -0.15291
 3.11129  -0.10633  -0.15332
 3.12413  -0.10907  -0.15739
 3.14352  -0.11317  -0.16347
 3.16266  -0.11719  -0.16939
 3.18140  -0.12108  -0.17510
 3.19969  -0.12483  -0.18060
 3.20432  -0.12578  -0.18197
 3.20895  -0.12672  -0.18335
 3.20963  -0.12686  -0.18355
 3.21031  -0.12700  -0.18375
 3.21097  -0.12713  -0.18394
 3.21763  -0.12848  -0.18591
 3.23458  -0.13189  -0.19085
 3.25131  -0.13522  -0.19565
 3.26741  -0.13839  -0.20021
 3.28277  -0.14139  -0.20449
 3.29726  -0.14418  -0.20846
 3.29993  -0.14469  -0.20919
 3.30261  -0.14521  -0.20991
 3.30489  -0.14564  -0.21053
 3.30718  -0.14608  -0.21115
 3.30927  -0.14648  -0.21171
 3.30958  -0.14654  -0.21180
 3.30989  -0.14659  -0.21188
 3.31016  -0.14665  -0.21195
 3.31043  -0.14670  -0.21202
 3.31315  -0.14721  -0.21275
 3.32191  -0.14887  -0.21509
 3.33233  -0.15083  -0.21784
 3.34449  -0.15310  -0.22101
 3.35789  -0.15557  -0.22445
 3.37228  -0.15820  -0.22808
 3.38750  -0.16095  -0.23186
 3.40343  -0.16379  -0.23573
 3.40983  -0.16492  -0.23726
 3.41106  -0.16514  -0.23756
 3.41219  -0.16534  -0.23783
 3.42346  -0.16731  -0.24049
 3.44071  -0.17029  -0.24448
 3.45848  -0.17332  -0.24850
 3.47672  -0.17637  -0.25251
 3.49541  -0.17945  -0.25650
 3.50014  -0.18022  -0.25750
 3.50486  -0.18099  -0.25848
 3.50742  -0.18140  -0.25901
 3.50998  -0.18181  -0.25954
 3.52643  -0.18444  -0.26287
 3.54139  -0.18679  -0.26583
 3.56141  -0.18988  -0.26965
 3.58178  -0.19296  -0.27340
 3.60250  -0.19602  -0.27706
 3.60991  -0.19710  -0.27834
 3.61646  -0.19805  -0.27944
 3.62240  -0.19890  -0.28044
 3.64376  -0.20191  -0.28389
 3.66541  -0.20489  -0.28722
 3.68735  -0.20783  -0.29042
 3.70958  -0.21072  -0.29347
 3.71093  -0.21089  -0.29365
 3.71219  -0.21105  -0.29382
 3.72479  -0.21265  -0.29546
 3.74751  -0.21546  -0.29825
 3.77048  -0.21822  -0.30088
 3.79371  -0.22091  -0.30333
 3.79916  -0.22153  -0.30387
 3.80461  -0.22214  -0.30440
 3.80715  -0.22243  -0.30465
 3.80969  -0.22271  -0.30489
 3.81077  -0.22283  -0.30499
 3.81176  -0.22294  -0.30508
 3.82163  -0.22402  -0.30599
 3.84545  -0.22658  -0.30802
 3.86947  -0.22905  -0.30985
 3.89371  -0.23145  -0.31146
 3.89858  -0.23191  -0.31176
 3.90345  -0.23238  -0.31204
 3.90796  -0.23281  -0.31230
 3.90999  -0.23300  -0.31241
 3.91202  -0.23319  -0.31252
 3.91407  -0.23338  -0.31263
 3.93463  -0.23526  -0.31365
 3.95911  -0.23740  -0.31465
 3.98397  -0.23948  -0.31542
 4.00907  -0.24146  -0.31595
 4.00981  -0.24152  -0.31596
 4.01055  -0.24157  -0.31597
 4.01139  -0.24164  -0.31598
 4.01984  -0.24228  -0.31610
 4.04525  -0.24413  -0.31627
 4.07081  -0.24589  -0.31619
 4.09652  -0.24754  -0.31585
 4.10491  -0.24805  -0.31568
 4.10865  -0.24828  -0.31560
 4.10970  -0.24834  -0.31558
 4.11075  -0.24841  -0.31555
 4.11192  -0.24848  -0.31552
 4.12366  -0.24916  -0.31521
 4.14965  -0.25060  -0.31433
 4.17573  -0.25193  -0.31318
 4.20191  -0.25316  -0.31177
 4.20532  -0.25331  -0.31157
 4.20874  -0.25346  -0.31136
 4.21178  -0.25359  -0.31117
 4.21482  -0.25372  -0.31098
 4.24107  -0.25478  -0.30917
 4.26737  -0.25574  -0.30710
 4.29369  -0.25658  -0.30477
 4.30220  -0.25683  -0.30396
 4.30582  -0.25693  -0.30361
 4.30945  -0.25703  -0.30325
 4.31266  -0.25712  -0.30293
 4.31561  -0.25720  -0.30263
 4.34186  -0.25784  -0.29984
 4.36814  -0.25838  -0.29680
 4.39438  -0.25881  -0.29352
 4.40352  -0.25894  -0.29232
 4.40791  -0.25900  -0.29174
 4.41230  -0.25905  -0.29114
 4.41626  -0.25909  -0.29060
 4.44227  -0.25934  -0.28691
 4.46829  -0.25948  -0.28300
 4.49421  -0.25953  -0.27887
 4.50354  -0.25952  -0.27732
 4.50826  -0.25951  -0.27653
 4.51297  -0.25950  -0.27574
 4.51730  -0.25949  -0.27500
 4.54286  -0.25936  -0.27052
 4.56842  -0.25914  -0.26583
 4.59385  -0.25884  -0.26096
 4.60320  -0.25871  -0.25912
 4.60801  -0.25863  -0.25817
 4.61281  -0.25856  -0.25721
 4.61958  -0.25845  -0.25584
 4.64454  -0.25798  -0.25068
 4.66948  -0.25744  -0.24534
 4.69424  -0.25682  -0.23987
 4.70380  -0.25657  -0.23771
 4.70919  -0.25642  -0.23648
 4.71457  -0.25626  -0.23524
 4.71951  -0.25612  -0.23410
 4.74372  -0.25537  -0.22842
 4.76790  -0.25456  -0.22259
 4.79188  -0.25369  -0.21666
 4.80078  -0.25335  -0.21442
 4.80968  -0.25300  -0.21217
 4.82686  -0.25230  -0.20775
 4.84246  -0.25164  -0.20369
 4.86564  -0.25061  -0.19754
 4.88866  -0.24953  -0.19132
 4.89762  -0.24909  -0.18886
 4.90659  -0.24865  -0.18639
 4.91446  -0.24826  -0.18420
 4.92233  -0.24785  -0.18201
 4.94447  -0.24669  -0.17575
 4.96651  -0.24549  -0.16943
 4.98824  -0.24426  -0.16311
 5.00963  -0.24301  -0.15679
 5.02801  -0.24191  -0.15131
 5.04498  -0.24086  -0.14619
 5.06524  -0.23958  -0.14001
 5.08513  -0.23829  -0.13388
 5.10452  -0.23700  -0.12785
 5.10995  -0.23663  -0.12615
 5.11537  -0.23627  -0.12445
 5.12535  -0.23558  -0.12131
 5.14314  -0.23435  -0.11568
 5.16051  -0.23312  -0.11013
 5.17701  -0.23193  -0.10483
 5.19239  -0.23081  -0.09986
 5.20355  -0.22999  -0.09624
 5.20951  -0.22954  -0.09429
 5.21548  -0.22910  -0.09235
 5.22261  -0.22856  -0.09001
 5.23660  -0.22750  -0.08542
 5.25197  -0.22632  -0.08035
 5.26847  -0.22503  -0.07488
 5.28593  -0.22366  -0.06907
 5.30425  -0.22219  -0.06294
 5.30861  -0.22184  -0.06148
 5.31297  -0.22149  -0.06002
 5.31779  -0.22110  -0.05840
 5.33745  -0.21949  -0.05178
 5.35773  -0.21782  -0.04491
 5.37866  -0.21607  -0.03781
 5.40019  -0.21424  -0.03047
 5.40628  -0.21372  -0.02839
 5.41079  -0.21334  -0.02685
 5.41530  -0.21295  -0.02530
 5.43790  -0.21100  -0.01757
 5.46096  -0.20899  -0.00965
 5.48456  -0.20691  -0.00153
 5.50868  -0.20476   0.00678
 5.51864  -0.20386   0.01021
 5.52778  -0.20304   0.01336
 5.55292  -0.20077   0.02203
 5.57846  -0.19843   0.03084
 5.60449  -0.19604   0.03981
 5.60998  -0.19553   0.04170
 5.61546  -0.19502   0.04359
 5.62794  -0.19387   0.04788
 5.65498  -0.19134   0.05718
 5.68238  -0.18877   0.06657
 5.69921  -0.18719   0.07232
 5.70839  -0.18632   0.07546
 5.71552  -0.18565   0.07789
 5.72203  -0.18503   0.08011
 5.75064  -0.18231   0.08982
 5.77950  -0.17956   0.09958
 5.80872  -0.17677   0.10940
 5.81669  -0.17600   0.11207
 5.82396  -0.17531   0.11450
 5.85376  -0.17245   0.12442
 5.88375  -0.16957   0.13431
 5.89471  -0.16851   0.13791
 5.90568  -0.16746   0.14150
 5.91542  -0.16652   0.14468
 5.92516  -0.16558   0.14785
 5.95556  -0.16266   0.15767
 5.98607  -0.15973   0.16742
 5.99711  -0.15867   0.17092
 6.00815  -0.15761   0.17441
 6.01335  -0.15711   0.17605
 6.01856  -0.15661   0.17768
 6.04899  -0.15370   0.18718
 6.07950  -0.15078   0.19657
 6.10993  -0.14789   0.20582
 6.14026  -0.14501   0.21490
 6.16811  -0.14238   0.22312
 6.19817  -0.13956   0.23186
 6.20596  -0.13883   0.23410
 6.20969  -0.13848   0.23517
 6.21342  -0.13814   0.23623
 6.21812  -0.13770   0.23757
 6.24771  -0.13494   0.24594
 6.27735  -0.13220   0.25416
 6.30680  -0.12950   0.26219
 6.31376  -0.12886   0.26406
 6.32026  -0.12827   0.26580
 6.34923  -0.12564   0.27348
 6.37821  -0.12302   0.28100
 6.40700  -0.12045   0.28832
 6.40957  -0.12022   0.28896
 6.41213  -0.11999   0.28961
 6.41519  -0.11972   0.29037
 6.44346  -0.11722   0.29736
 6.47177  -0.11474   0.30420
 6.49987  -0.11230   0.31083
 6.50540  -0.11182   0.31212
 6.51093  -0.11135   0.31340
 6.51704  -0.11082   0.31481
 6.54453  -0.10847   0.32105
 6.57203  -0.10614   0.32714
 6.59927  -0.10386   0.33302
 6.60507  -0.10338   0.33425
 6.60893  -0.10306   0.33507
 6.61221  -0.10279   0.33576
 6.61527  -0.10253   0.33640
 6.64173  -0.10035   0.34187
 6.66820  -0.09820   0.34720
 6.69426  -0.09610   0.35230
 6.70295  -0.09540   0.35397
 6.70725  -0.09506   0.35478
 6.70940  -0.09489   0.35519
 6.71155  -0.09472   0.35560
 6.71373  -0.09454   0.35601
 6.73368  -0.09297   0.35973
 6.75517  -0.09128   0.36365
 6.77909  -0.08943   0.36788
 6.80351  -0.08756   0.37208
 6.80745  -0.08726   0.37274
 6.81003  -0.08706   0.37318
 6.81260  -0.08687   0.37361
 6.83652  -0.08506   0.37754
 6.86050  -0.08328   0.38137
 6.88413  -0.08154   0.38501
 6.90733  -0.07985   0.38847
 6.90990  -0.07966   0.38884
 6.91247  -0.07948   0.38922
 6.91556  -0.07926   0.38967
 6.93759  -0.07768   0.39280
 6.95957  -0.07613   0.39582
 6.98095  -0.07463   0.39866
 7.00161  -0.07321   0.40131
 7.02145  -0.07185   0.40376
 7.03908  -0.07066   0.40587
 7.05671  -0.06948   0.40791
 7.07030  -0.06858   0.40944
 7.08388  -0.06769   0.41092
 7.09821  -0.06676   0.41245
 7.10222  -0.06650   0.41286
 7.10623  -0.06624   0.41328
 7.10834  -0.06610   0.41350
 7.10946  -0.06603   0.41361
 7.11057  -0.06596   0.41373
 7.11165  -0.06589   0.41384
 7.12245  -0.06519   0.41492
 7.14072  -0.06403   0.41671
 7.16010  -0.06281   0.41852
 7.18044  -0.06155   0.42034
 7.20164  -0.06025   0.42214
 7.20493  -0.06005   0.42241
 7.20823  -0.05985   0.42268
 7.20983  -0.05976   0.42281
 7.21143  -0.05966   0.42294
 7.21328  -0.05955   0.42309
 7.23175  -0.05844   0.42454
 7.25470  -0.05708   0.42624
 7.27829  -0.05571   0.42787
 7.30249  -0.05432   0.42942
 7.30644  -0.05410   0.42966
 7.30856  -0.05398   0.42979
 7.31026  -0.05388   0.42990
 7.31192  -0.05379   0.43000
 7.32853  -0.05285   0.43096
 7.35388  -0.05145   0.43233
 7.37972  -0.05004   0.43358
 7.40605  -0.04864   0.43473
 7.40982  -0.04844   0.43488
 7.41358  -0.04824   0.43503
 7.41789  -0.04801   0.43520
 7.44494  -0.04661   0.43617
 7.47233  -0.04522   0.43701
 7.50014  -0.04383   0.43771
 7.50700  -0.04349   0.43786
 7.51386  -0.04316   0.43800
 7.52072  -0.04282   0.43814
 7.54922  -0.04146   0.43860
 7.57799  -0.04010   0.43891
 7.60709  -0.03877   0.43907
 7.60979  -0.03865   0.43908
 7.61248  -0.03852   0.43909
 7.61599  -0.03837   0.43909
 7.64551  -0.03705   0.43906
 7.67524  -0.03576   0.43887
 7.70522  -0.03449   0.43852
 7.70843  -0.03435   0.43847
 7.71164  -0.03422   0.43843
 7.71513  -0.03408   0.43837
 7.74541  -0.03283   0.43782
 7.77586  -0.03162   0.43711
 7.80648  -0.03043   0.43625
 7.81497  -0.03010   0.43599
 7.82345  -0.02978   0.43571
 7.85428  -0.02863   0.43461
 7.88523  -0.02750   0.43337
 7.89548  -0.02714   0.43292
 7.90572  -0.02678   0.43246
 7.90989  -0.02663   0.43227
 7.91406  -0.02649   0.43208
 7.92032  -0.02627   0.43178
 7.95142  -0.02520   0.43023
 7.98262  -0.02417   0.42854
 7.99266  -0.02384   0.42797
 8.00269  -0.02352   0.42738
 8.00723  -0.02337   0.42711
 8.00963  -0.02330   0.42697
 8.01203  -0.02322   0.42682
 8.01526  -0.02312   0.42663
 8.04645  -0.02214   0.42467
 8.07772  -0.02119   0.42258
 8.10900  -0.02027   0.42037
 8.11632  -0.02006   0.41983
 8.12292  -0.01987   0.41934
 8.15407  -0.01900   0.41697
 8.18527  -0.01815   0.41449
 8.19630  -0.01785   0.41358
 8.20732  -0.01756   0.41266
 8.21387  -0.01739   0.41211
 8.22043  -0.01722   0.41156
 8.25140  -0.01643   0.40886
 8.28242  -0.01567   0.40607
 8.29257  -0.01542   0.40513
 8.30271  -0.01518   0.40419
 8.30847  -0.01504   0.40365
 8.31423  -0.01491   0.40310
 8.31945  -0.01479   0.40261
 8.35014  -0.01408   0.39964
 8.38089  -0.01340   0.39658
 8.39288  -0.01314   0.39537
 8.40488  -0.01288   0.39414
 8.40931  -0.01279   0.39368
 8.41374  -0.01270   0.39323
 8.41879  -0.01259   0.39270
 8.44913  -0.01197   0.38951
 8.47953  -0.01136   0.38624
 8.50981  -0.01078   0.38291
 8.53996  -0.01022   0.37953
 8.56825  -0.00972   0.37630
 8.59813  -0.00920   0.37283
 8.60865  -0.00902   0.37160
 8.61682  -0.00889   0.37064
 8.62429  -0.00876   0.36975
 8.65375  -0.00829   0.36624
 8.68325  -0.00783   0.36267
 8.69424  -0.00766   0.36133
 8.70523  -0.00750   0.35998
 8.71549  -0.00734   0.35872
 8.72506  -0.00720   0.35753
 8.75404  -0.00679   0.35393
 8.78304  -0.00639   0.35028
 8.79478  -0.00623   0.34879
 8.80652  -0.00608   0.34730
 8.81503  -0.00597   0.34621
 8.82355  -0.00586   0.34513
 8.85201  -0.00550   0.34147
 8.88050  -0.00516   0.33778
 8.90884  -0.00483   0.33408
 8.92074  -0.00469   0.33252
 8.93165  -0.00457   0.33109
 8.95957  -0.00427   0.32741
 8.98748  -0.00397   0.32371
 9.00020  -0.00385   0.32202
 9.00767  -0.00377   0.32103
 9.01514  -0.00370   0.32003
 9.02196  -0.00363   0.31912
 9.04934  -0.00337   0.31546
 9.07675  -0.00312   0.31179
 9.10402  -0.00288   0.30812
 9.11719  -0.00276   0.30634
 9.12968  -0.00266   0.30466
 9.15651  -0.00244   0.30104
 9.18332  -0.00223   0.29741
 9.20997  -0.00203   0.29380
 9.23646  -0.00184   0.29022
 9.26294  -0.00165   0.28663
 9.28912  -0.00148   0.28309
 9.30099  -0.00140   0.28148
 9.30849  -0.00136   0.28047
 9.31598  -0.00131   0.27945
 9.32350  -0.00126   0.27844
 9.34914  -0.00111   0.27497
 9.37480  -0.00096   0.27151
 9.40029  -0.00082   0.26808
 9.40805  -0.00078   0.26704
 9.41580  -0.00074   0.26599
 9.42323  -0.00070   0.26500
 9.44824  -0.00057   0.26164
 9.47327  -0.00045   0.25829
 9.49813  -0.00033   0.25498
 9.50776  -0.00029   0.25370
 9.51642  -0.00025   0.25255
 9.52438  -0.00022   0.25149
 9.54874  -0.00012   0.24826
 9.57309  -0.00002   0.24505
 9.59728   0.00008   0.24187
 9.60566   0.00011   0.24077
 9.61405   0.00014   0.23967
 9.62208   0.00017   0.23862
 9.64575   0.00025   0.23553
 9.66941   0.00033   0.23246
 9.69290   0.00040   0.22943
 9.70460   0.00044   0.22792
 9.71630   0.00047   0.22642
 9.72803   0.00051   0.22492
 9.75095   0.00057   0.22200
 9.77381   0.00063   0.21910
 9.79649   0.00069   0.21624
 9.80921   0.00072   0.21464
 9.82194   0.00075   0.21304
 9.83551   0.00078   0.21135
 9.85757   0.00083   0.20861
 9.87954   0.00088   0.20590
 9.90131   0.00092   0.20323
 9.92289   0.00096   0.20060
 9.94345   0.00099   0.19810
 9.96461   0.00103   0.19555
 9.98558   0.00106   0.19305
 10.00633   0.00109   0.19058
 10.01572   0.00111   0.18947
 10.02510   0.00112   0.18836
 10.04528   0.00115   0.18599
 10.06538   0.00117   0.18365
 10.08524   0.00119   0.18135
 10.10486   0.00121   0.17909
 10.11719   0.00123   0.17768
 10.12951   0.00124   0.17628
 10.14842   0.00126   0.17414
 10.16716   0.00127   0.17204
 10.18560   0.00129   0.16998
 10.20373   0.00130   0.16797
 10.20942   0.00130   0.16734
 10.21512   0.00131   0.16671
 10.22168   0.00131   0.16599
 10.23886   0.00132   0.16411
 10.25592   0.00133   0.16226
 10.27257   0.00134   0.16046
 10.28878   0.00135   0.15873
 10.30449   0.00136   0.15705
 10.30808   0.00136   0.15667
 10.31167   0.00136   0.15629
 10.31514   0.00136   0.15593
 10.32940   0.00137   0.15442
 10.34350   0.00137   0.15295
 10.35687   0.00138   0.15156
 10.36932   0.00138   0.15027
 10.37865   0.00138   0.14931
 10.38798   0.00138   0.14835
 10.39820   0.00139   0.14730
 10.40964   0.00139   0.14614
 10.42201   0.00139   0.14489
 10.43381   0.00139   0.14370
 10.44745   0.00139   0.14234
 10.46163   0.00140   0.14093
 10.47626   0.00140   0.13949
 10.49128   0.00140   0.13801
 10.50663   0.00140   0.13652
 10.51464   0.00140   0.13574
 10.52266   0.00140   0.13497
 10.53853   0.00140   0.13345
 10.55467   0.00139   0.13191
 10.57102   0.00139   0.13037
 10.58753   0.00139   0.12882
 10.60420   0.00139   0.12727
 10.61718   0.00139   0.12607
 10.62994   0.00138   0.12490
 10.64689   0.00138   0.12336
 10.66396   0.00138   0.12182
 10.68112   0.00137   0.12029
 10.69835   0.00137   0.11876
 10.70887   0.00136   0.11783
 10.71939   0.00136   0.11691
 10.73085   0.00136   0.11592
 10.74821   0.00135   0.11442
 10.76565   0.00134   0.11293
 10.78313   0.00134   0.11144
 10.80064   0.00133   0.10997
 10.80951   0.00133   0.10923
 10.81839   0.00132   0.10850
 10.83079   0.00132   0.10748
 10.84834   0.00131   0.10604
 10.86595   0.00130   0.10461
 10.88358   0.00129   0.10320
 10.90123   0.00128   0.10180
 10.91172   0.00128   0.10097
 10.92221   0.00127   0.10015
 10.93984   0.00127   0.09878
 10.95753   0.00126   0.09742
 10.97523   0.00125   0.09608
 10.99295   0.00124   0.09474
 11.00549   0.00123   0.09381
 11.01804   0.00122   0.09288
 11.03118   0.00122   0.09191
 11.04889   0.00121   0.09062
 11.06664   0.00120   0.08934
 11.08439   0.00119   0.08808
 11.10215   0.00118   0.08682
 11.11992   0.00116   0.08558
 11.13661   0.00115   0.08443
 11.15438   0.00114   0.08322
 11.17216   0.00113   0.08202
 11.18994   0.00112   0.08083
 11.20773   0.00111   0.07966
 11.22552   0.00110   0.07849
 11.24326   0.00109   0.07735
 11.26106   0.00108   0.07621
 11.27885   0.00107   0.07509
 11.29665   0.00106   0.07398
 11.30821   0.00105   0.07327
 11.31976   0.00104   0.07256
 11.33264   0.00103   0.07178
 11.35040   0.00102   0.07071
 11.36820   0.00101   0.06965
 11.38600   0.00100   0.06860
 11.40380   0.00099   0.06757
 11.42159   0.00098   0.06655
 11.43844   0.00097   0.06559
 11.45622   0.00095   0.06460
 11.47401   0.00094   0.06361
 11.49180   0.00093   0.06264
 11.50958   0.00092   0.06168
 11.52736   0.00091   0.06073
 11.54560   0.00090   0.05977
 11.56337   0.00089   0.05885
 11.58114   0.00088   0.05793
 11.59890   0.00086   0.05703
 11.60821   0.00086   0.05657
 11.61751   0.00085   0.05610
 11.62836   0.00085   0.05557
 11.64606   0.00084   0.05470
 11.66380   0.00082   0.05384
 11.68154   0.00081   0.05299
 11.69927   0.00080   0.05216
 11.71225   0.00079   0.05155
 11.72504   0.00079   0.05096
 11.74272   0.00078   0.05015
 11.76042   0.00077   0.04936
 11.77811   0.00076   0.04857
 11.79580   0.00075   0.04779
 11.80744   0.00074   0.04729
 11.81909   0.00073   0.04679
 11.83135   0.00072   0.04626
 11.84898   0.00071   0.04552
 11.86663   0.00070   0.04479
 11.88427   0.00069   0.04406
 11.90190   0.00068   0.04335
 11.91952   0.00067   0.04265
 11.93556   0.00067   0.04201
 11.95315   0.00066   0.04133
 11.97074   0.00065   0.04065
 11.98832   0.00064   0.03999
 12.00589   0.00063   0.03933
 12.02345   0.00062   0.03869
 12.03951   0.00061   0.03810
 12.05704   0.00060   0.03748
 12.07456   0.00059   0.03686
 12.09207   0.00058   0.03625
 12.10957   0.00057   0.03564
 12.12706   0.00057   0.03505
 12.14495   0.00056   0.03445
 12.16241   0.00055   0.03388
 12.17986   0.00054   0.03331
 12.19729   0.00053   0.03276
 12.20917   0.00053   0.03238
 12.22104   0.00052   0.03201
 12.23723   0.00051   0.03151
 12.25461   0.00050   0.03098
 12.27199   0.00050   0.03046
 12.28936   0.00049   0.02994
 12.30671   0.00048   0.02943
 12.32404   0.00047   0.02894
 12.34080   0.00047   0.02846
 12.35810   0.00046   0.02798
 12.37540   0.00045   0.02750
 12.39268   0.00044   0.02703
 12.40994   0.00044   0.02657
 12.42720   0.00043   0.02611
 12.44449   0.00042   0.02566
 12.46171   0.00042   0.02522
 12.47892   0.00041   0.02479
 12.49611   0.00040   0.02436
 12.50815   0.00040   0.02407
 12.52018   0.00039   0.02378
 12.53405   0.00039   0.02344
 12.55117   0.00038   0.02304
 12.56830   0.00038   0.02264
 12.58542   0.00037   0.02224
 12.60252   0.00036   0.02186
 12.61960   0.00036   0.02148
 12.63613   0.00035   0.02111
 12.65318   0.00035   0.02075
 12.67022   0.00034   0.02038
 12.68725   0.00033   0.02003
 12.70426   0.00033   0.01967
 12.72125   0.00032   0.01933
 12.73770   0.00032   0.01900
 12.75466   0.00031   0.01866
 12.77161   0.00031   0.01833
 12.78854   0.00030   0.01801
 12.80546   0.00030   0.01769
 12.82236   0.00029   0.01738
 12.83793   0.00029   0.01709
 12.85479   0.00028   0.01679
 12.87165   0.00028   0.01649
 12.88849   0.00027   0.01620
 12.90531   0.00027   0.01591
 12.92212   0.00026   0.01562
 12.93757   0.00026   0.01537
 12.95434   0.00025   0.01509
 12.97111   0.00025   0.01482
 12.98785   0.00025   0.01455
 13.00458   0.00024   0.01429
 13.02130   0.00024   0.01404
 13.03723   0.00023   0.01379
 13.05391   0.00023   0.01354
 13.07058   0.00022   0.01330
 13.08723   0.00022   0.01306
 13.10387   0.00022   0.01282
 13.12049   0.00021   0.01259
 13.13778   0.00021   0.01235
 13.15437   0.00020   0.01212
 13.17095   0.00020   0.01190
 13.18750   0.00020   0.01168
 13.20405   0.00019   0.01147
 13.22058   0.00019   0.01126
 13.23759   0.00018   0.01105
 13.25409   0.00018   0.01084
 13.27057   0.00018   0.01064
 13.28703   0.00017   0.01045
 13.30348   0.00017   0.01025
 13.31992   0.00017   0.01006
 13.33703   0.00016   0.00987
 13.35344   0.00016   0.00969
 13.36982   0.00016   0.00950
 13.38619   0.00015   0.00933
 13.40255   0.00015   0.00915
 13.41889   0.00015   0.00898
 13.43431   0.00015   0.00882
 13.45061   0.00014   0.00866
 13.46691   0.00014   0.00849
 13.48319   0.00014   0.00833
 13.49946   0.00013   0.00818
 13.51186   0.00013   0.00806
 13.52340   0.00013   0.00795
 13.53959   0.00013   0.00780
 13.55581   0.00013   0.00765
 13.57200   0.00012   0.00750
 13.58819   0.00012   0.00736
 13.60435   0.00012   0.00722
 13.62051   0.00012   0.00708
 13.63702   0.00011   0.00694
 13.65315   0.00011   0.00680
 13.66926   0.00011   0.00667
 13.68535   0.00011   0.00654
 13.70142   0.00010   0.00642
 13.70996   0.00010   0.00635
 13.71850   0.00010   0.00628
 13.73477   0.00010   0.00616
 13.75080   0.00010   0.00604
 13.76682   0.00009   0.00592
 13.78282   0.00009   0.00580
 13.79881   0.00009   0.00569
 13.80875   0.00009   0.00562
 13.81869   0.00009   0.00555
 13.83223   0.00008   0.00545
 13.84815   0.00008   0.00534
 13.86408   0.00008   0.00523
 13.87999   0.00008   0.00513
 13.89589   0.00008   0.00503
 13.90657   0.00008   0.00496
 13.91726   0.00007   0.00489
 13.92952   0.00007   0.00481
 13.94535   0.00007   0.00471
 13.96119   0.00007   0.00462
 13.97701   0.00007   0.00452
 13.99282   0.00006   0.00443
 14.00861   0.00006   0.00433
 14.02440   0.00006   0.00424
 14.04076   0.00006   0.00415
 14.05651   0.00006   0.00406
 14.07225   0.00005   0.00398
 14.08798   0.00005   0.00389
 14.10368   0.00005   0.00381
 14.11938   0.00005   0.00373
 14.13549   0.00005   0.00364
 14.15116   0.00005   0.00356
 14.16681   0.00004   0.00348
 14.18245   0.00004   0.00341
 14.19808   0.00004   0.00333
 14.20964   0.00004   0.00327
 14.22119   0.00004   0.00322
 14.23727   0.00004   0.00314
 14.25285   0.00004   0.00307
 14.26841   0.00003   0.00300
 14.28396   0.00003   0.00293
 14.29949   0.00003   0.00286
 14.30968   0.00003   0.00282
 14.31988   0.00003   0.00277
 14.33593   0.00003   0.00270
 14.35142   0.00003   0.00264
 14.36690   0.00003   0.00257
 14.38236   0.00002   0.00251
 14.39781   0.00002   0.00245
 14.40923   0.00002   0.00240
 14.42064   0.00002   0.00236
 14.43659   0.00002   0.00229
 14.45199   0.00002   0.00223
 14.46738   0.00001   0.00218
 14.48276   0.00001   0.00212
 14.49812   0.00001   0.00206
 14.50962   0.00001   0.00202
 14.52112   0.00001   0.00197
 14.53689   0.00001   0.00192
 14.55221   0.00001   0.00186
 14.56751   0.00001   0.00181
 14.58280   0.00001   0.00176
 14.59808   0.00001   0.00170
 14.60953   0.00000   0.00166
 14.62099   0.00000   0.00162
 14.63673   0.00000   0.00157
 14.65196   0.00000   0.00152
 14.66718   0.00000   0.00147
 14.68238   0.00000   0.00142
 14.69758   0.00000   0.00137
 14.71038   0.00000   0.00133
 14.72317   0.00000   0.00129
 14.73832   0.00000   0.00124
 14.75346   0.00000   0.00120
 14.76860   0.00000   0.00115
 14.78372   0.00000   0.00110
 14.79882  -0.00000   0.00106
 14.81050  -0.00000   0.00102
 14.82171  -0.00000   0.00099
 14.83676  -0.00000   0.00094
 14.85183  -0.00000   0.00090
 14.86688  -0.00000   0.00085
 14.88192  -0.00000   0.00081
 14.89695  -0.00000   0.00077
 14.90881  -0.00000   0.00073
 14.92067  -0.00000   0.00070
 14.93615  -0.00000   0.00065
 14.95113  -0.00000   0.00061
 14.96611  -0.00000   0.00057
 14.98106  -0.00000   0.00053
 14.99601  -0.00000   0.00048
 15.00824  -0.00000   0.00045
 15.02047  -0.00000   0.00042
 15.03568  -0.00000   0.00037
 15.05059  -0.00000   0.00033
 15.06548  -0.00000   0.00029
 15.08036  -0.00000   0.00025
 15.09522  -0.00000   0.00021
 15.11008  -0.00000   0.00017
 15.12526  -0.00000   0.00013
 15.14009  -0.00000   0.00009
 15.15491  -0.00000   0.00005
 15.16972  -0.00000   0.00001
 15.18451  -0.00000  -0.00003
 15.19929  -0.00000  -0.00007
 15.21031   0.00000  -0.00010
