 0.00018   0.00000
 0.00023   0.00000
 0.00028   0.00000
 0.00034   0.00000
 0.00041   0.00000
 0.00049   0.00000
 0.00059   0.00000
 0.00069   0.00000
 0.00082   0.00000
 0.00096   0.00000
 0.00112   0.00000
 0.00131   0.00000
 0.00151   0.00000
 0.00174   0.00000
 0.00201   0.00000
 0.00230   0.00000
 0.00262   0.00000
 0.00299   0.00000
 0.00339   0.00000
 0.00383   0.00000
 0.00433   0.00000
 0.00487   0.00000
 0.00547   0.00000
 0.00612   0.00001
 0.00684   0.00001
 0.00762   0.00001
 0.00848   0.00001
 0.00941   0.00001
 0.01043   0.00002
 0.01153   0.00002
 0.01272   0.00003
 0.01402   0.00003
 0.01542   0.00004
 0.01693   0.00005
 0.01856   0.00005
 0.02032   0.00007
 0.02219   0.00008
 0.02422   0.00009
 0.02640   0.00011
 0.02874   0.00013
 0.03125   0.00015
 0.03392   0.00018
 0.03679   0.00021
 0.03986   0.00025
 0.04313   0.00029
 0.04663   0.00034
 0.05035   0.00040
 0.05451   0.00047
 0.05875   0.00055
 0.06325   0.00063
 0.06809   0.00073
 0.07318   0.00085
 0.07860   0.00098
 0.08434   0.00113
 0.09049   0.00130
 0.09728   0.00150
 0.10413   0.00172
 0.11142   0.00196
 0.11886   0.00223
 0.12699   0.00255
 0.13566   0.00291
 0.14486   0.00332
 0.15442   0.00377
 0.16443   0.00427
 0.17495   0.00483
 0.18610   0.00547
 0.19803   0.00619
 0.21099   0.00702
 0.22646   0.00809
 0.24044   0.00911
 0.25715   0.01041
 0.27280   0.01171
 0.28958   0.01319
 0.30763   0.01487
 0.32594   0.01667
 0.34480   0.01863
 0.36432   0.02078
 0.38466   0.02313
 0.40602   0.02573
 0.42881   0.02864
 0.45378   0.03201
 0.48121   0.03591
 0.50864   0.04002
 0.53759   0.04457
 0.56610   0.04927
 0.59383   0.05405
 0.62300   0.05928
 0.64959   0.06423
 0.67836   0.06978
 0.70712   0.07553
 0.73715   0.08172
 0.76776   0.08824
 0.79936   0.09518
 0.82846   0.10175
 0.85756   0.10848
 0.88866   0.11585
 0.92188   0.12392
 0.95651   0.13252
 0.99228   0.14161
 1.02809   0.15089
 1.06225   0.15991
 1.09637   0.16907
 1.13230   0.17886
 1.16874   0.18892
 1.19885   0.19733
 1.22897   0.20582
 1.26280   0.21543
 1.29470   0.22456
 1.32979   0.23466
 1.36586   0.24510
 1.41808   0.26028
 1.47395   0.27656
 1.52982   0.29283
 1.56887   0.30417
 1.60539   0.31473
 1.63887   0.32435
 1.67234   0.33392
 1.70656   0.34364
 1.74152   0.35347
 1.78750   0.36625
 1.82711   0.37711
 1.86672   0.38780
 1.91918   0.40169
 1.96851   0.41444
 2.00037   0.42250
 2.02901   0.42962
 2.05764   0.43662
 2.10039   0.44684
 2.12566   0.45274
 2.15092   0.45853
 2.19216   0.46775
 2.23340   0.47666
 2.28100   0.48657
 2.30186   0.49077
 2.32273   0.49489
 2.34829   0.49982
 2.39085   0.50775
 2.43341   0.51530
 2.47373   0.52211
 2.50783   0.52760
 2.54193   0.53284
 2.57754   0.53804
 2.60839   0.54232
 2.63924   0.54640
 2.67405   0.55074
 2.70772   0.55469
 2.74140   0.55837
 2.77611   0.56191
 2.80768   0.56489
 2.83925   0.56765
 2.87193   0.57027
 2.96238   0.57626
 3.00504   0.57846
 3.03191   0.57964
 3.05632   0.58057
 3.09734   0.58184
 3.12611   0.58251
 3.15488   0.58301
 3.19388   0.58341
 3.23287   0.58348
 3.27846   0.58317
 3.30650   0.58278
 3.33455   0.58222
 3.36209   0.58152
 3.40845   0.58002
 3.45480   0.57810
 3.50458   0.57561
 3.54356   0.57334
 3.57870   0.57107
 3.61016   0.56886
 3.64162   0.56649
 3.68496   0.56295
 3.70822   0.56093
 3.73149   0.55883
 3.76231   0.55592
 3.79917   0.55225
 3.83108   0.54893
 3.86254   0.54551
 3.89902   0.54138
 3.93147   0.53756
 3.96392   0.53362
 4.00645   0.52826
 4.04897   0.52269
 4.09582   0.51634
 4.13902   0.51028
 4.17865   0.50457
 4.21114   0.49978
 4.24070   0.49535
 4.29569   0.48691
 4.33736   0.48037
 4.37904   0.47371
 4.44508   0.46294
 4.50978   0.45216
 4.58473   0.43943
 4.64648   0.42879
 4.70822   0.41803
 4.77862   0.40566
 4.84902   0.39322
 4.90801   0.38277
 4.96700   0.37231
 5.01060   0.36458
 5.05420   0.35687
 5.10398   0.34809
 5.15375   0.33936
 5.20043   0.33121
 5.24712   0.32311
 5.30028   0.31395
 5.38048   0.30030
 5.46067   0.28688
 5.50392   0.27975
 5.54716   0.27269
 5.60506   0.26337
 5.67366   0.25253
 5.74225   0.24192
 5.80245   0.23281
 5.86265   0.22389
 5.93858   0.21292
 6.00743   0.20326
 6.09999   0.19070
 6.19255   0.17864
 6.30071   0.16521
 6.39028   0.15461
 6.47985   0.14450
 6.58214   0.13354
 6.69167   0.12249
 6.83019   0.10951
 6.91452   0.10214
 6.99884   0.09515
 7.10512   0.08689
 7.21301   0.07909
 7.30820   0.07269
 7.40339   0.06672
 7.50142   0.06099
 7.59878   0.05571
 7.69501   0.05088
 7.79038   0.04644
 7.88513   0.04235
 7.97942   0.03860
 8.07344   0.03514
 8.16649   0.03199
 8.25775   0.02914
 8.34739   0.02655
 8.43544   0.02421
 8.52197   0.02209
 8.61711   0.01995
 8.71150   0.01801
 8.80269   0.01630
 8.89340   0.01474
 8.98462   0.01330
 9.07643   0.01199
 9.16886   0.01079
 9.26143   0.00969
 9.35413   0.00869
 9.44712   0.00779
 9.54053   0.00697
 9.63450   0.00622
 9.72917   0.00554
 9.82464   0.00492
 9.92256   0.00435
 10.02207   0.00383
 10.12272   0.00337
 10.22435   0.00295
 10.32691   0.00257
 10.43043   0.00223
 10.53495   0.00192
 10.64111   0.00165
 10.74903   0.00140
 10.85884   0.00117
 10.97066   0.00097
 11.08462   0.00078
 11.20086   0.00061
 11.31948   0.00045
 11.44073   0.00029
 11.56440   0.00015
 11.69064  -0.00000
 11.81886  -0.00015
 11.94718  -0.00030
