 0.00032   0.00000
 0.00047   0.00000
 0.00069   0.00000
 0.00096   0.00000
 0.00130   0.00000
 0.00169   0.00000
 0.00215   0.00000
 0.00269   0.00000
 0.00330   0.00000
 0.00399   0.00000
 0.00476   0.00000
 0.00562   0.00000
 0.00656   0.00000
 0.00760   0.00000
 0.00874   0.00000
 0.00997   0.00000
 0.01130   0.00000
 0.01274   0.00000
 0.01428   0.00000
 0.01593   0.00000
 0.01769   0.00000
 0.01957   0.00000
 0.02157   0.00000
 0.02368   0.00000
 0.02591   0.00000
 0.02827   0.00000
 0.03076   0.00000
 0.03337   0.00000
 0.03611   0.00000
 0.03899   0.00000
 0.04200   0.00001
 0.04516   0.00001
 0.04845   0.00001
 0.05188   0.00001
 0.05546   0.00001
 0.05918   0.00002
 0.06306   0.00002
 0.06708   0.00002
 0.07126   0.00003
 0.07559   0.00003
 0.08008   0.00004
 0.08474   0.00005
 0.08956   0.00005
 0.09454   0.00006
 0.09969   0.00007
 0.10501   0.00009
 0.11051   0.00010
 0.11620   0.00012
 0.12205   0.00014
 0.12807   0.00016
 0.13428   0.00018
 0.14069   0.00021
 0.14733   0.00024
 0.15412   0.00028
 0.16110   0.00032
 0.16830   0.00036
 0.17569   0.00041
 0.18330   0.00046
 0.19110   0.00053
 0.19917   0.00059
 0.20742   0.00067
 0.21590   0.00076
 0.22463   0.00085
 0.23356   0.00096
 0.24271   0.00107
 0.25208   0.00120
 0.26168   0.00134
 0.27159   0.00150
 0.28182   0.00167
 0.29226   0.00186
 0.30290   0.00207
 0.31383   0.00230
 0.32507   0.00256
 0.33665   0.00284
 0.34859   0.00315
 0.36093   0.00349
 0.37383   0.00387
 0.38663   0.00427
 0.39991   0.00472
 0.41368   0.00521
 0.42751   0.00574
 0.44195   0.00633
 0.45734   0.00700
 0.47257   0.00771
 0.48843   0.00849
 0.50462   0.00934
 0.52100   0.01025
 0.53926   0.01133
 0.55698   0.01244
 0.57504   0.01365
 0.59351   0.01495
 0.61273   0.01639
 0.63460   0.01812
 0.65498   0.01984
 0.67595   0.02170
 0.69772   0.02375
 0.72047   0.02600
 0.74528   0.02861
 0.76911   0.03125
 0.79479   0.03425
 0.82096   0.03747
 0.85280   0.04162
 0.88608   0.04622
 0.91732   0.05078
 0.94788   0.05548
 0.97962   0.06059
 1.01419   0.06642
 1.04769   0.07234
 1.08250   0.07875
 1.11783   0.08552
 1.15469   0.09286
 1.18830   0.09978
 1.22554   0.10769
 1.26265   0.11582
 1.29785   0.12372
 1.33510   0.13228
 1.36954   0.14035
 1.40889   0.14972
 1.44936   0.15952
 1.49105   0.16973
 1.53793   0.18130
 1.56849   0.18888
 1.59906   0.19646
 1.63011   0.20415
 1.66116   0.21181
 1.69823   0.22089
 1.72810   0.22814
 1.75798   0.23530
 1.79024   0.24292
 1.82931   0.25197
 1.86597   0.26024
 1.91065   0.27000
 1.94488   0.27719
 1.97781   0.28386
 2.00961   0.29006
 2.04345   0.29634
 2.08687   0.30393
 2.10694   0.30725
 2.12701   0.31043
 2.14645   0.31338
 2.19329   0.31997
 2.20733   0.32178
 2.22138   0.32353
 2.23600   0.32527
 2.28149   0.33014
 2.30532   0.33235
 2.31938   0.33355
 2.33309   0.33464
 2.37647   0.33754
 2.39622   0.33858
 2.40902   0.33917
 2.42183   0.33968
 2.43693   0.34018
 2.47715   0.34101
 2.50344   0.34113
 2.52092   0.34103
 2.53676   0.34081
 2.57514   0.33977
 2.59295   0.33904
 2.60573   0.33842
 2.61852   0.33771
 2.63136   0.33693
 2.67264   0.33383
 2.69226   0.33206
 2.70475   0.33083
 2.71724   0.32952
 2.74451   0.32639
 2.78839   0.32056
 2.80366   0.31830
 2.81893   0.31593
 2.84548   0.31153
 2.89126   0.30313
 2.93181   0.29483
 2.97200   0.28582
 2.99983   0.27914
 3.02767   0.27211
 3.05629   0.26451
 3.10478   0.25082
 3.14586   0.23845
 3.18332   0.22657
 3.21484   0.21616
 3.24387   0.20624
 3.29208   0.18913
 3.33437   0.17350
 3.37666   0.15732
 3.40468   0.14634
 3.43269   0.13515
 3.46660   0.12137
 3.51107   0.10293
 3.55173   0.08575
 3.59437   0.06747
 3.63597   0.04943
 3.67555   0.03212
 3.71481   0.01486
 3.75260  -0.00179
 3.78925  -0.01793
 3.82610  -0.03411
 3.86381  -0.05059
 3.90292  -0.06755
 3.94306  -0.08476
 3.98428  -0.10218
 4.02631  -0.11962
 4.06602  -0.13575
 4.10973  -0.15307
 4.15421  -0.17015
 4.19938  -0.18689
 4.24524  -0.20318
 4.28663  -0.21723
 4.33338  -0.23230
 4.38095  -0.24671
 4.41058  -0.25519
 4.44021  -0.26327
 4.48683  -0.27515
 4.53323  -0.28591
 4.58160  -0.29598
 4.61585  -0.30237
 4.65010  -0.30813
 4.69366  -0.31454
 4.73011  -0.31910
 4.76655  -0.32292
 4.80750  -0.32630
 4.84202  -0.32842
 4.87453  -0.32979
 4.89658  -0.33037
 4.91053  -0.33059
 4.92363  -0.33070
 4.95857  -0.33051
 4.99381  -0.32960
 5.03052  -0.32791
 5.07006  -0.32523
 5.10936  -0.32171
 5.14981  -0.31719
 5.19001  -0.31182
 5.23252  -0.30520
 5.27710  -0.29726
 5.31009  -0.29073
 5.34308  -0.28367
 5.38872  -0.27305
 5.43502  -0.26130
 5.48622  -0.24722
 5.53364  -0.23321
 5.58542  -0.21692
 5.63334  -0.20099
 5.68332  -0.18357
 5.73099  -0.16625
 5.77883  -0.14825
 5.82562  -0.13011
 5.87071  -0.11220
 5.91616  -0.09378
 5.95796  -0.07655
 6.00176  -0.05828
 6.04468  -0.04021
 6.08620  -0.02261
 6.12696  -0.00527
 6.16645   0.01154
 6.20514   0.02798
 6.24531   0.04499
 6.28696   0.06250
 6.32984   0.08035
 6.37374   0.09839
 6.41911   0.11674
 6.46196   0.13374
 6.50963   0.15221
 6.55841   0.17058
 6.60828   0.18873
 6.65917   0.20655
 6.71069   0.22379
 6.75970   0.23939
 6.80091   0.25187
 6.84212   0.26374
 6.88578   0.27561
 6.93919   0.28912
 6.99707   0.30246
 7.04129   0.31169
 7.08171   0.31940
 7.13292   0.32813
 7.18435   0.33572
 7.23396   0.34190
 7.28145   0.34676
 7.30659   0.34891
 7.33173   0.35077
 7.36200   0.35262
 7.40698   0.35458
 7.44560   0.35552
 7.48240   0.35577
 7.50377   0.35563
 7.52514   0.35528
 7.54718   0.35471
 7.59002   0.35296
 7.63440   0.35029
 7.68187   0.34647
 7.71583   0.34314
 7.74980   0.33932
 7.79899   0.33294
 7.84233   0.32651
 7.88240   0.31990
 7.93464   0.31036
 7.99420   0.29825
 8.04096   0.28788
 8.08706   0.27694
 8.14258   0.26286
 8.19737   0.24807
 8.25383   0.23194
 8.30550   0.21646
 8.36227   0.19872
 8.41041   0.18314
 8.45854   0.16709
 8.50650   0.15069
 8.55446   0.13393
 8.60895   0.11450
 8.66384   0.09458
 8.71793   0.07466
 8.77080   0.05498
 8.82319   0.03532
 8.87473   0.01590
 8.92477  -0.00300
 8.97327  -0.02132
 9.02278  -0.03996
 9.07390  -0.05912
 9.12778  -0.07916
 9.18253  -0.09930
 9.24065  -0.12040
 9.30096  -0.14192
 9.36347  -0.16375
 9.42832  -0.18584
 9.48801  -0.20559
 9.55755  -0.22786
 9.60466  -0.24245
 9.65177  -0.25662
 9.70071  -0.27088
 9.74965  -0.28465
 9.80844  -0.30051
 9.88745  -0.32064
 9.95291  -0.33624
 9.99720  -0.34623
 10.04148  -0.35576
 10.08977  -0.36562
 10.15312  -0.37770
 10.21128  -0.38794
 10.26454  -0.39660
 10.30402  -0.40258
 10.34351  -0.40817
 10.39094  -0.41440
 10.44924  -0.42132
 10.50211  -0.42689
 10.56486  -0.43266
 10.60570  -0.43593
 10.64654  -0.43881
 10.69425  -0.44171
 10.73928  -0.44398
 10.78399  -0.44581
 10.84087  -0.44752
 10.89775  -0.44857
 10.93432  -0.44890
 10.97011  -0.44897
 11.00013  -0.44884
 11.03016  -0.44855
 11.06178  -0.44805
 11.10631  -0.44706
 11.15084  -0.44571
 11.20073  -0.44381
 11.25535  -0.44128
 11.30613  -0.43850
 11.38204  -0.43366
 11.45214  -0.42848
 11.52129  -0.42276
 11.58915  -0.41661
 11.64668  -0.41100
 11.70422  -0.40506
 11.78903  -0.39575
 11.85338  -0.38829
 11.90067  -0.38262
 11.94796  -0.37680
 12.00137  -0.37006
 12.08223  -0.35957
 12.15938  -0.34929
 12.21022  -0.34239
 12.26106  -0.33541
 12.35605  -0.32220
 12.45629  -0.30811
 12.55550  -0.29410
 12.65362  -0.28025
 12.71204  -0.27205
 12.76924  -0.26406
 12.87195  -0.24985
 12.96815  -0.23677
 13.06439  -0.22394
 13.17626  -0.20941
 13.26803  -0.19784
 13.35979  -0.18661
 13.47174  -0.17339
 13.58369  -0.16074
 13.68767  -0.14951
 13.78880  -0.13909
 13.89525  -0.12866
 14.00070  -0.11887
 14.10615  -0.10961
 14.19902  -0.10191
 14.29190  -0.09461
 14.41902  -0.08527
 14.50744  -0.07920
 14.59585  -0.07348
 14.69564  -0.06742
 14.79558  -0.06175
 14.89245  -0.05664
 14.98719  -0.05197
 15.08063  -0.04769
 15.17332  -0.04373
 15.26460  -0.04011
 15.35200  -0.03688
 15.43552  -0.03400
 15.51454  -0.03146
 15.59948  -0.02891
 15.68377  -0.02656
 15.76855  -0.02436
 15.85400  -0.02231
 15.93632  -0.02048
 16.01584  -0.01883
 16.10615  -0.01711
 16.18896  -0.01565
 16.27206  -0.01430
 16.35604  -0.01304
 16.43885  -0.01190
 16.52020  -0.01086
 16.60814  -0.00984
 16.69187  -0.00894
 16.77607  -0.00811
 16.86111  -0.00735
 16.94621  -0.00665
 17.03092  -0.00601
 17.11539  -0.00543
 17.20380  -0.00487
 17.29106  -0.00438
 17.37918  -0.00392
 17.46823  -0.00350
 17.55809  -0.00312
 17.64848  -0.00277
 17.73957  -0.00245
 17.83148  -0.00216
 17.92434  -0.00190
 18.01936  -0.00165
 18.11628  -0.00143
 18.21411  -0.00122
 18.31316  -0.00103
 18.41362  -0.00086
 18.51569  -0.00070
 18.61953  -0.00054
 18.72524  -0.00040
 18.83260  -0.00026
 18.94159  -0.00012
 19.05226   0.00001
 19.16407   0.00015
 19.27609   0.00029
 19.30266   0.00033
