 0.05068   0.00014   0.00020
 0.05119   0.00014   0.00021
 0.05169   0.00015   0.00021
 0.05220   0.00016   0.00022
 0.05271   0.00016   0.00023
 0.05322   0.00017   0.00023
 0.05374   0.00018   0.00024
 0.05426   0.00018   0.00025
 0.05478   0.00019   0.00026
 0.05531   0.00020   0.00026
 0.05584   0.00020   0.00027
 0.05637   0.00021   0.00028
 0.05691   0.00022   0.00029
 0.05745   0.00023   0.00030
 0.05799   0.00023   0.00030
 0.05854   0.00024   0.00031
 0.05909   0.00025   0.00032
 0.05964   0.00025   0.00033
 0.06020   0.00026   0.00034
 0.06074   0.00027   0.00035
 0.06131   0.00028   0.00036
 0.06187   0.00028   0.00036
 0.06244   0.00029   0.00037
 0.06302   0.00030   0.00038
 0.06359   0.00031   0.00039
 0.06417   0.00032   0.00040
 0.06476   0.00032   0.00041
 0.06534   0.00033   0.00042
 0.06593   0.00034   0.00043
 0.06653   0.00035   0.00044
 0.06713   0.00036   0.00045
 0.06773   0.00037   0.00046
 0.06833   0.00038   0.00047
 0.06894   0.00038   0.00048
 0.06955   0.00039   0.00049
 0.07016   0.00040   0.00050
 0.07075   0.00041   0.00051
 0.07137   0.00042   0.00053
 0.07200   0.00043   0.00054
 0.07263   0.00044   0.00055
 0.07326   0.00045   0.00056
 0.07389   0.00046   0.00057
 0.07453   0.00047   0.00058
 0.07518   0.00048   0.00060
 0.07582   0.00049   0.00061
 0.07647   0.00050   0.00062
 0.07713   0.00051   0.00063
 0.07779   0.00052   0.00064
 0.07845   0.00053   0.00066
 0.07911   0.00054   0.00067
 0.07978   0.00055   0.00068
 0.08046   0.00056   0.00070
 0.08115   0.00057   0.00071
 0.08183   0.00059   0.00072
 0.08252   0.00060   0.00074
 0.08321   0.00061   0.00075
 0.08390   0.00062   0.00077
 0.08460   0.00063   0.00078
 0.08530   0.00064   0.00080
 0.08601   0.00066   0.00081
 0.08672   0.00067   0.00083
 0.08743   0.00068   0.00084
 0.08815   0.00069   0.00086
 0.08887   0.00071   0.00087
 0.08960   0.00072   0.00089
 0.09033   0.00073   0.00090
 0.09105   0.00075   0.00092
 0.09179   0.00076   0.00094
 0.09254   0.00077   0.00095
 0.09329   0.00079   0.00097
 0.09404   0.00080   0.00099
 0.09480   0.00082   0.00101
 0.09557   0.00083   0.00102
 0.09633   0.00085   0.00104
 0.09711   0.00086   0.00106
 0.09789   0.00088   0.00108
 0.09867   0.00089   0.00110
 0.09946   0.00091   0.00112
 0.10025   0.00092   0.00113
 0.10101   0.00094   0.00115
 0.10181   0.00095   0.00117
 0.10261   0.00097   0.00119
 0.10343   0.00099   0.00121
 0.10424   0.00100   0.00123
 0.10507   0.00102   0.00125
 0.10589   0.00104   0.00128
 0.10673   0.00106   0.00130
 0.10757   0.00107   0.00132
 0.10841   0.00109   0.00134
 0.10926   0.00111   0.00136
 0.11011   0.00113   0.00139
 0.11098   0.00115   0.00141
 0.11184   0.00117   0.00143
 0.11271   0.00119   0.00146
 0.11359   0.00121   0.00148
 0.11447   0.00123   0.00150
 0.11536   0.00125   0.00153
 0.11625   0.00127   0.00155
 0.11715   0.00129   0.00158
 0.11806   0.00131   0.00160
 0.11897   0.00133   0.00163
 0.11989   0.00135   0.00166
 0.12081   0.00137   0.00168
 0.12175   0.00139   0.00171
 0.12269   0.00142   0.00174
 0.12363   0.00144   0.00177
 0.12458   0.00146   0.00179
 0.12553   0.00149   0.00182
 0.12649   0.00151   0.00185
 0.12746   0.00153   0.00188
 0.12843   0.00156   0.00191
 0.12941   0.00158   0.00194
 0.13039   0.00161   0.00197
 0.13134   0.00163   0.00200
 0.13234   0.00166   0.00203
 0.13335   0.00168   0.00207
 0.13436   0.00171   0.00210
 0.13538   0.00174   0.00213
 0.13641   0.00176   0.00216
 0.13744   0.00179   0.00220
 0.13848   0.00182   0.00223
 0.13952   0.00185   0.00227
 0.14058   0.00188   0.00230
 0.14163   0.00191   0.00234
 0.14270   0.00194   0.00237
 0.14377   0.00197   0.00241
 0.14485   0.00200   0.00245
 0.14594   0.00203   0.00249
 0.14704   0.00206   0.00252
 0.14814   0.00209   0.00256
 0.14926   0.00212   0.00260
 0.15037   0.00215   0.00264
 0.15143   0.00219   0.00268
 0.15257   0.00222   0.00272
 0.15371   0.00225   0.00276
 0.15486   0.00229   0.00280
 0.15602   0.00232   0.00285
 0.15718   0.00236   0.00289
 0.15836   0.00239   0.00294
 0.15954   0.00243   0.00298
 0.16073   0.00247   0.00303
 0.16194   0.00251   0.00307
 0.16314   0.00254   0.00312
 0.16436   0.00258   0.00317
 0.16558   0.00262   0.00321
 0.16681   0.00266   0.00326
 0.16805   0.00270   0.00331
 0.16930   0.00274   0.00336
 0.17055   0.00278   0.00341
 0.17177   0.00282   0.00346
 0.17304   0.00287   0.00351
 0.17433   0.00291   0.00357
 0.17562   0.00295   0.00362
 0.17692   0.00300   0.00368
 0.17823   0.00304   0.00373
 0.17954   0.00309   0.00379
 0.18087   0.00313   0.00384
 0.18225   0.00318   0.00390
 0.18359   0.00323   0.00396
 0.18495   0.00328   0.00402
 0.18631   0.00333   0.00408
 0.18769   0.00338   0.00414
 0.18907   0.00343   0.00420
 0.19046   0.00348   0.00427
 0.19177   0.00353   0.00432
 0.19318   0.00358   0.00439
 0.19460   0.00363   0.00445
 0.19604   0.00369   0.00452
 0.19748   0.00374   0.00459
 0.19893   0.00380   0.00466
 0.20039   0.00385   0.00472
 0.20174   0.00391   0.00479
 0.20322   0.00396   0.00486
 0.20471   0.00402   0.00493
 0.20621   0.00408   0.00500
 0.20772   0.00414   0.00508
 0.20925   0.00420   0.00515
 0.21078   0.00426   0.00523
 0.21229   0.00433   0.00531
 0.21384   0.00439   0.00538
 0.21541   0.00445   0.00546
 0.21698   0.00452   0.00554
 0.21857   0.00459   0.00563
 0.22017   0.00465   0.00571
 0.22179   0.00472   0.00579
 0.22341   0.00479   0.00588
 0.22504   0.00486   0.00596
 0.22669   0.00493   0.00605
 0.22834   0.00501   0.00614
 0.23001   0.00508   0.00623
 0.23170   0.00515   0.00632
 0.23339   0.00523   0.00642
 0.23509   0.00531   0.00651
 0.23681   0.00538   0.00661
 0.23853   0.00546   0.00670
 0.24027   0.00554   0.00680
 0.24213   0.00563   0.00691
 0.24389   0.00571   0.00701
 0.24566   0.00579   0.00711
 0.24745   0.00588   0.00721
 0.24925   0.00596   0.00732
 0.25106   0.00605   0.00742
 0.25289   0.00614   0.00753
 0.25473   0.00623   0.00764
 0.25658   0.00632   0.00775
 0.25844   0.00641   0.00787
 0.26032   0.00650   0.00798
 0.26218   0.00660   0.00810
 0.26408   0.00669   0.00821
 0.26600   0.00679   0.00833
 0.26793   0.00689   0.00845
 0.26987   0.00699   0.00858
 0.27183   0.00709   0.00870
 0.27382   0.00719   0.00883
 0.27580   0.00730   0.00896
 0.27780   0.00740   0.00909
 0.27981   0.00751   0.00922
 0.28184   0.00762   0.00935
 0.28391   0.00773   0.00949
 0.28597   0.00784   0.00963
 0.28804   0.00795   0.00976
 0.29012   0.00807   0.00991
 0.29224   0.00819   0.01005
 0.29435   0.00830   0.01020
 0.29648   0.00842   0.01034
 0.29862   0.00854   0.01049
 0.30078   0.00867   0.01064
 0.30278   0.00878   0.01078
 0.30497   0.00891   0.01094
 0.30717   0.00904   0.01110
 0.30939   0.00917   0.01126
 0.31162   0.00930   0.01142
 0.31401   0.00944   0.01159
 0.31628   0.00958   0.01176
 0.31856   0.00971   0.01193
 0.32086   0.00985   0.01210
 0.32299   0.00998   0.01226
 0.32532   0.01012   0.01244
 0.32767   0.01027   0.01262
 0.33003   0.01042   0.01280
 0.33252   0.01057   0.01299
 0.33491   0.01072   0.01318
 0.33733   0.01088   0.01337
 0.33976   0.01103   0.01356
 0.34221   0.01119   0.01375
 0.34473   0.01135   0.01395
 0.34722   0.01152   0.01415
 0.34972   0.01168   0.01436
 0.35224   0.01185   0.01456
 0.35484   0.01202   0.01477
 0.35740   0.01219   0.01499
 0.35998   0.01237   0.01520
 0.36257   0.01254   0.01542
 0.36519   0.01272   0.01564
 0.36782   0.01290   0.01586
 0.37047   0.01309   0.01609
 0.37298   0.01326   0.01631
 0.37567   0.01345   0.01654
 0.37838   0.01364   0.01678
 0.38110   0.01383   0.01701
 0.38363   0.01402   0.01724
 0.38640   0.01421   0.01748
 0.38918   0.01442   0.01773
 0.39198   0.01462   0.01799
 0.39505   0.01485   0.01827
 0.39790   0.01506   0.01853
 0.40042   0.01524   0.01876
 0.40294   0.01543   0.01899
 0.40584   0.01565   0.01926
 0.40876   0.01587   0.01954
 0.41171   0.01610   0.01981
 0.41468   0.01633   0.02010
 0.41767   0.01656   0.02038
 0.42026   0.01676   0.02063
 0.42284   0.01696   0.02088
 0.42589   0.01720   0.02118
 0.42896   0.01745   0.02148
 0.43205   0.01769   0.02179
 0.43537   0.01796   0.02212
 0.43851   0.01821   0.02243
 0.44167   0.01847   0.02275
 0.44476   0.01872   0.02306
 0.44796   0.01899   0.02339
 0.45119   0.01925   0.02372
 0.45410   0.01950   0.02402
 0.45738   0.01977   0.02436
 0.46017   0.02001   0.02466
 0.46295   0.02024   0.02495
 0.46629   0.02053   0.02530
 0.46966   0.02082   0.02566
 0.47305   0.02111   0.02603
 0.47657   0.02142   0.02641
 0.48002   0.02172   0.02678
 0.48355   0.02203   0.02717
 0.48704   0.02234   0.02755
 0.49056   0.02266   0.02794
 0.49438   0.02300   0.02837
 0.49795   0.02332   0.02877
 0.50155   0.02365   0.02918
 0.50485   0.02395   0.02955
 0.50849   0.02429   0.02997
 0.51217   0.02463   0.03039
 0.51591   0.02498   0.03083
 0.51964   0.02533   0.03126
 0.52340   0.02568   0.03171
 0.52732   0.02605   0.03217
 0.53058   0.02636   0.03256
 0.53384   0.02668   0.03295
 0.53771   0.02705   0.03341
 0.54120   0.02739   0.03383
 0.54445   0.02771   0.03423
 0.54840   0.02810   0.03471
 0.55237   0.02849   0.03520
 0.55644   0.02889   0.03571
 0.55998   0.02925   0.03615
 0.56352   0.02960   0.03659
 0.56762   0.03002   0.03711
 0.57131   0.03039   0.03758
 0.57474   0.03074   0.03801
 0.57891   0.03117   0.03855
 0.58311   0.03160   0.03909
 0.58738   0.03205   0.03965
 0.59111   0.03244   0.04013
 0.59449   0.03279   0.04058
 0.59881   0.03325   0.04115
 0.60316   0.03371   0.04172
 0.60758   0.03418   0.04232
 0.61200   0.03465   0.04291
 0.61600   0.03509   0.04345
 0.61968   0.03549   0.04395
 0.62336   0.03589   0.04445
 0.62829   0.03643   0.04513
 0.63287   0.03693   0.04576
 0.63778   0.03748   0.04645
 0.64242   0.03799   0.04710
 0.64684   0.03849   0.04772
 0.65029   0.03888   0.04821
 0.65351   0.03924   0.04866
 0.65827   0.03978   0.04934
 0.66308   0.04033   0.05003
 0.66838   0.04094   0.05080
 0.67326   0.04151   0.05151
 0.67823   0.04208   0.05223
 0.68319   0.04266   0.05296
 0.68872   0.04331   0.05378
 0.69376   0.04391   0.05453
 0.69888   0.04452   0.05530
 0.70400   0.04513   0.05607
 0.70927   0.04576   0.05687
 0.71447   0.04639   0.05766
 0.72022   0.04708   0.05854
 0.72556   0.04773   0.05936
 0.73088   0.04839   0.06018
 0.73635   0.04906   0.06104
 0.74073   0.04960   0.06172
 0.74511   0.05015   0.06241
 0.74928   0.05067   0.06307
 0.75345   0.05119   0.06373
 0.75904   0.05189   0.06462
 0.76463   0.05260   0.06552
 0.77016   0.05330   0.06641
 0.77569   0.05401   0.06730
 0.78009   0.05457   0.06802
 0.78450   0.05514   0.06874
 0.79028   0.05589   0.06969
 0.79559   0.05658   0.07056
 0.80009   0.05716   0.07131
 0.80459   0.05775   0.07206
 0.80917   0.05835   0.07282
 0.81374   0.05896   0.07359
 0.82021   0.05981   0.07467
 0.82688   0.06070   0.07580
 0.83236   0.06143   0.07673
 0.83733   0.06209   0.07758
 0.84354   0.06293   0.07865
 0.84971   0.06376   0.07971
 0.85603   0.06462   0.08081
 0.85974   0.06513   0.08145
 0.86346   0.06563   0.08210
 0.86908   0.06640   0.08308
 0.87470   0.06717   0.08407
 0.88020   0.06793   0.08504
 0.88554   0.06867   0.08599
 0.88979   0.06926   0.08674
 0.89404   0.06985   0.08750
 0.89949   0.07061   0.08847
 0.90493   0.07137   0.08945
 0.90968   0.07204   0.09031
 0.91444   0.07271   0.09116
 0.92020   0.07352   0.09221
 0.92577   0.07431   0.09322
 0.93028   0.07495   0.09404
 0.93439   0.07554   0.09480
 0.93943   0.07625   0.09572
 0.94448   0.07697   0.09665
 0.94995   0.07776   0.09766
 0.95542   0.07855   0.09867
 0.96009   0.07922   0.09954
 0.96477   0.07989   0.10041
 0.97012   0.08067   0.10141
 0.97547   0.08144   0.10241
 0.98008   0.08211   0.10328
 0.98469   0.08279   0.10414
 0.99016   0.08358   0.10517
 0.99562   0.08438   0.10621
 0.99950   0.08495   0.10694
 1.00338   0.08552   0.10768
 1.00905   0.08635   0.10876
 1.01668   0.08748   0.11022
 1.02593   0.08885   0.11199
 1.02975   0.08941   0.11273
 1.03358   0.08998   0.11347
 1.03956   0.09087   0.11462
 1.04554   0.09176   0.11578
 1.04961   0.09237   0.11657
 1.05367   0.09298   0.11736
 1.05991   0.09391   0.11857
 1.06799   0.09512   0.12015
 1.07626   0.09637   0.12177
 1.08534   0.09773   0.12355
 1.09079   0.09856   0.12463
 1.09582   0.09932   0.12562
 1.09967   0.09990   0.12638
 1.10352   0.10048   0.12714
 1.10965   0.10141   0.12836
 1.11817   0.10271   0.13005
 1.12731   0.10410   0.13187
 1.13796   0.10572   0.13400
 1.14921   0.10744   0.13625
 1.15967   0.10904   0.13835
 1.16936   0.11052   0.14031
 1.17882   0.11197   0.14222
 1.18901   0.11354   0.14428
 1.19998   0.11522   0.14650
 1.20849   0.11653   0.14823
 1.21700   0.11784   0.14996
 1.22645   0.11930   0.15188
 1.23567   0.12072   0.15376
 1.24831   0.12266   0.15634
 1.25656   0.12393   0.15802
 1.26480   0.12520   0.15971
 1.26989   0.12599   0.16075
 1.27498   0.12677   0.16179
 1.27996   0.12754   0.16281
 1.28494   0.12831   0.16383
 1.29007   0.12910   0.16488
 1.29520   0.12988   0.16593
 1.30016   0.13065   0.16694
 1.30513   0.13141   0.16796
 1.31010   0.13218   0.16898
 1.31508   0.13294   0.17000
 1.31956   0.13363   0.17092
 1.32403   0.13432   0.17183
 1.32897   0.13507   0.17284
 1.33391   0.13583   0.17385
 1.33980   0.13673   0.17506
 1.34739   0.13789   0.17661
 1.35497   0.13905   0.17817
 1.36010   0.13984   0.17922
 1.36524   0.14062   0.18027
 1.37620   0.14229   0.18250
 1.38668   0.14389   0.18464
 1.39651   0.14538   0.18665
 1.40603   0.14682   0.18858
 1.41649   0.14840   0.19071
 1.42627   0.14988   0.19270
 1.43605   0.15135   0.19468
 1.44785   0.15312   0.19706
 1.45874   0.15475   0.19926
 1.46905   0.15628   0.20133
 1.47737   0.15752   0.20300
 1.48568   0.15875   0.20467
 1.49355   0.15991   0.20624
 1.49868   0.16067   0.20727
 1.50380   0.16142   0.20829
 1.50959   0.16227   0.20944
 1.52209   0.16410   0.21192
 1.52794   0.16495   0.21308
 1.53380   0.16580   0.21423
 1.53880   0.16653   0.21522
 1.54380   0.16725   0.21620
 1.54960   0.16809   0.21734
 1.55751   0.16923   0.21888
 1.56542   0.17036   0.22043
 1.57088   0.17114   0.22149
 1.57634   0.17192   0.22255
 1.58702   0.17344   0.22461
 1.59554   0.17464   0.22626
 1.60405   0.17584   0.22789
 1.60992   0.17666   0.22901
 1.61579   0.17748   0.23013
 1.62664   0.17899   0.23219
 1.63582   0.18026   0.23392
 1.64501   0.18152   0.23565
 1.65009   0.18222   0.23660
 1.65518   0.18292   0.23755
 1.66720   0.18455   0.23978
 1.67600   0.18574   0.24141
 1.68414   0.18683   0.24290
 1.68922   0.18751   0.24383
 1.69429   0.18818   0.24476
 1.69895   0.18880   0.24560
 1.70361   0.18941   0.24645
 1.70925   0.19016   0.24746
 1.71819   0.19133   0.24907
 1.72713   0.19249   0.25066
 1.73574   0.19361   0.25219
 1.74404   0.19467   0.25366
 1.75005   0.19544   0.25471
 1.75605   0.19621   0.25576
 1.76390   0.19720   0.25712
 1.76979   0.19794   0.25813
 1.77568   0.19868   0.25914
 1.78521   0.19986   0.26077
 1.79564   0.20115   0.26254
 1.80629   0.20245   0.26432
 1.81418   0.20341   0.26563
 1.82024   0.20414   0.26663
 1.82579   0.20480   0.26755
 1.83476   0.20587   0.26901
 1.83949   0.20643   0.26977
 1.84422   0.20698   0.27054
 1.84931   0.20758   0.27135
 1.85441   0.20817   0.27217
 1.86103   0.20894   0.27322
 1.86771   0.20971   0.27427
 1.87674   0.21074   0.27568
 1.88501   0.21167   0.27696
 1.89534   0.21283   0.27854
 1.90512   0.21391   0.28002
 1.91483   0.21498   0.28148
 1.92094   0.21564   0.28238
 1.92706   0.21630   0.28328
 1.93595   0.21725   0.28458
 1.94435   0.21814   0.28579
 1.95125   0.21886   0.28677
 1.95758   0.21952   0.28767
 1.96620   0.22040   0.28887
 1.97408   0.22121   0.28996
 1.97903   0.22171   0.29064
 1.98397   0.22220   0.29132
 1.99002   0.22281   0.29213
 1.99907   0.22370   0.29334
 2.00771   0.22454   0.29448
 2.01339   0.22509   0.29522
 2.01908   0.22563   0.29595
 2.03863   0.22747   0.29843
 2.05847   0.22928   0.30086
 2.07868   0.23107   0.30324
 2.09926   0.23283   0.30558
 2.10812   0.23357   0.30655
 2.11223   0.23391   0.30700
 2.11625   0.23424   0.30744
 2.13764   0.23595   0.30968
 2.15936   0.23762   0.31185
 2.18154   0.23926   0.31395
 2.20420   0.24085   0.31598
 2.20881   0.24117   0.31637
 2.21191   0.24137   0.31664
 2.21500   0.24158   0.31690
 2.23854   0.24312   0.31881
 2.26247   0.24459   0.32060
 2.28699   0.24601   0.32229
 2.29410   0.24641   0.32275
 2.30120   0.24679   0.32320
 2.30629   0.24706   0.32351
 2.30927   0.24722   0.32369
 2.31225   0.24738   0.32387
 2.31495   0.24752   0.32402
 2.34107   0.24881   0.32546
 2.36765   0.25002   0.32673
 2.39503   0.25115   0.32784
 2.40528   0.25154   0.32820
 2.40896   0.25168   0.32833
 2.41193   0.25179   0.32842
 2.41482   0.25189   0.32852
 2.44371   0.25287   0.32931
 2.47347   0.25373   0.32988
 2.50427   0.25448   0.33020
 2.50832   0.25457   0.33023
 2.51237   0.25465   0.33025
 2.51788   0.25476   0.33026
 2.55053   0.25532   0.33019
 2.58381   0.25572   0.32979
 2.59296   0.25580   0.32963
 2.60211   0.25587   0.32944
 2.60737   0.25590   0.32932
 2.60964   0.25591   0.32927
 2.61191   0.25592   0.32921
 2.61441   0.25594   0.32915
 2.63942   0.25600   0.32842
 2.67440   0.25593   0.32709
 2.70951   0.25568   0.32539
 2.71368   0.25563   0.32516
 2.71750   0.25559   0.32495
 2.75216   0.25511   0.32284
 2.78692   0.25445   0.32037
 2.79673   0.25424   0.31960
 2.80654   0.25400   0.31881
 2.80927   0.25394   0.31859
 2.81200   0.25387   0.31836
 2.81452   0.25380   0.31815
 2.83973   0.25311   0.31593
 2.87380   0.25203   0.31263
 2.90773   0.25080   0.30902
 2.90974   0.25072   0.30879
 2.91176   0.25064   0.30856
 2.91420   0.25054   0.30829
 2.93855   0.24954   0.30544
 2.97216   0.24801   0.30123
 3.00571   0.24634   0.29671
 3.00942   0.24615   0.29619
 3.01313   0.24595   0.29567
 3.01650   0.24578   0.29519
 3.04980   0.24393   0.29029
 3.08323   0.24193   0.28506
 3.09216   0.24138   0.28361
 3.10108   0.24081   0.28214
 3.10568   0.24052   0.28138
 3.10842   0.24034   0.28092
 3.11035   0.24022   0.28059
 3.11226   0.24009   0.28027
 3.13145   0.23882   0.27698
 3.16477   0.23650   0.27103
 3.19816   0.23406   0.26478
 3.20338   0.23366   0.26378
 3.20860   0.23327   0.26276
 3.21201   0.23301   0.26210
 3.21542   0.23275   0.26143
 3.24873   0.23012   0.25476
 3.28218   0.22737   0.24779
 3.29786   0.22604   0.24442
 3.30350   0.22556   0.24320
 3.30914   0.22507   0.24197
 3.31166   0.22485   0.24141
 3.31418   0.22464   0.24086
 3.33934   0.22241   0.23524
 3.37287   0.21936   0.22752
 3.40646   0.21620   0.21953
 3.40908   0.21595   0.21890
 3.41170   0.21570   0.21826
 3.41435   0.21545   0.21762
 3.44084   0.21287   0.21109
 3.47453   0.20951   0.20258
 3.50827   0.20606   0.19382
 3.51208   0.20567   0.19282
 3.51588   0.20527   0.19182
 3.54964   0.20172   0.18277
 3.58353   0.19807   0.17348
 3.59239   0.19710   0.17102
 3.60125   0.19613   0.16854
 3.60583   0.19563   0.16725
 3.60831   0.19536   0.16655
 3.61001   0.19517   0.16608
 3.61170   0.19498   0.16560
 3.62865   0.19310   0.16079
 3.66264   0.18928   0.15099
 3.69670   0.18539   0.14099
 3.70181   0.18481   0.13947
 3.70693   0.18421   0.13795
 3.70923   0.18395   0.13727
 3.71153   0.18368   0.13658
 3.71386   0.18341   0.13588
 3.73716   0.18070   0.12888
 3.77132   0.17668   0.11846
 3.80553   0.17261   0.10788
 3.80910   0.17218   0.10676
 3.81163   0.17187   0.10598
 3.81415   0.17157   0.10519
 3.83937   0.16853   0.09726
 3.87365   0.16437   0.08637
 3.90798   0.16017   0.07533
 3.91258   0.15961   0.07385
 3.91717   0.15904   0.07236
 3.95146   0.15481   0.06119
 3.98587   0.15055   0.04988
 3.99506   0.14940   0.04684
 4.00426   0.14826   0.04380
 4.00960   0.14759   0.04203
 4.01379   0.14707   0.04064
 4.01764   0.14659   0.03936
 4.05197   0.14230   0.02791
 4.08640   0.13799   0.01635
 4.09565   0.13684   0.01323
 4.10490   0.13568   0.01011
 4.10788   0.13530   0.00911
 4.10998   0.13504   0.00840
 4.11207   0.13478   0.00769
 4.11591   0.13430   0.00640
 4.15023   0.13000  -0.00523
 4.18464   0.12569  -0.01692
 4.19350   0.12458  -0.01993
 4.20235   0.12347  -0.02295
 4.20708   0.12288  -0.02456
 4.21004   0.12251  -0.02557
 4.21280   0.12217  -0.02651
 4.24041   0.11872  -0.03593
 4.27474   0.11445  -0.04764
 4.30905   0.11020  -0.05936
 4.31163   0.10988  -0.06024
 4.31421   0.10956  -0.06112
 4.33999   0.10638  -0.06991
 4.37420   0.10218  -0.08156
 4.40838   0.09802  -0.09317
 4.41187   0.09759  -0.09435
 4.41517   0.09719  -0.09547
 4.44817   0.09320  -0.10664
 4.48223   0.08912  -0.11811
 4.49176   0.08799  -0.12131
 4.50128   0.08686  -0.12450
 4.50639   0.08625  -0.12621
 4.50918   0.08592  -0.12714
 4.51148   0.08565  -0.12791
 4.51379   0.08537  -0.12869
 4.53687   0.08265  -0.13638
 4.57070   0.07870  -0.14760
 4.60450   0.07479  -0.15873
 4.60716   0.07449  -0.15960
 4.60982   0.07418  -0.16047
 4.61723   0.07333  -0.16290
 4.62399   0.07256  -0.16511
 4.65755   0.06876  -0.17601
 4.69114   0.06500  -0.18681
 4.70088   0.06392  -0.18993
 4.70473   0.06349  -0.19115
 4.70857   0.06307  -0.19238
 4.71166   0.06273  -0.19336
 4.71465   0.06240  -0.19431
 4.74451   0.05913  -0.20375
 4.77786   0.05553  -0.21418
 4.78688   0.05457  -0.21698
 4.79590   0.05361  -0.21976
 4.80204   0.05296  -0.22166
 4.80819   0.05231  -0.22355
 4.80988   0.05213  -0.22407
 4.81157   0.05195  -0.22459
 4.81375   0.05172  -0.22525
 4.83558   0.04944  -0.23191
 4.86866   0.04602  -0.24189
 4.90170   0.04267  -0.25171
 4.90868   0.04197  -0.25376
 4.91155   0.04168  -0.25460
 4.91435   0.04140  -0.25542
 4.94237   0.03863  -0.26358
 4.97520   0.03543  -0.27299
 5.00796   0.03230  -0.28221
 5.00975   0.03214  -0.28271
 5.01153   0.03197  -0.28321
 5.01345   0.03179  -0.28374
 5.03263   0.02999  -0.28905
 5.06521   0.02699  -0.29793
 5.09777   0.02406  -0.30663
 5.10904   0.02306  -0.30960
 5.11137   0.02285  -0.31021
 5.11370   0.02264  -0.31082
 5.13699   0.02061  -0.31687
 5.16937   0.01783  -0.32512
 5.20171   0.01512  -0.33317
 5.20487   0.01486  -0.33395
 5.20802   0.01460  -0.33472
 5.20981   0.01445  -0.33516
 5.21160   0.01431  -0.33560
 5.21357   0.01414  -0.33608
 5.23326   0.01254  -0.34085
 5.26549   0.00997  -0.34849
 5.29770   0.00747  -0.35594
 5.30881   0.00662  -0.35847
 5.31137   0.00642  -0.35905
 5.31377   0.00624  -0.35959
 5.33777   0.00444  -0.36493
 5.36993   0.00209  -0.37192
 5.40209  -0.00019  -0.37870
 5.40527  -0.00042  -0.37936
 5.40845  -0.00064  -0.38002
 5.40957  -0.00072  -0.38025
 5.41069  -0.00080  -0.38048
 5.41217  -0.00090  -0.38079
 5.42705  -0.00192  -0.38383
 5.45927  -0.00410  -0.39025
 5.49150  -0.00621  -0.39647
 5.49976  -0.00674  -0.39803
 5.50802  -0.00726  -0.39957
 5.50929  -0.00734  -0.39981
 5.51055  -0.00742  -0.40004
 5.51174  -0.00750  -0.40026
 5.52366  -0.00825  -0.40246
 5.55613  -0.01024  -0.40829
 5.58861  -0.01217  -0.41390
 5.59610  -0.01260  -0.41517
 5.60358  -0.01303  -0.41642
 5.60699  -0.01323  -0.41698
 5.60862  -0.01332  -0.41725
 5.60999  -0.01340  -0.41748
 5.61135  -0.01348  -0.41770
 5.61382  -0.01362  -0.41811
 5.63856  -0.01500  -0.42210
 5.67156  -0.01679  -0.42724
 5.70476  -0.01852  -0.43217
 5.70878  -0.01873  -0.43275
 5.70975  -0.01878  -0.43289
 5.71071  -0.01883  -0.43303
 5.71175  -0.01888  -0.43317
 5.72210  -0.01940  -0.43465
 5.75617  -0.02107  -0.43934
 5.79028  -0.02268  -0.44379
 5.79855  -0.02305  -0.44483
 5.80681  -0.02343  -0.44586
 5.80885  -0.02352  -0.44611
 5.80990  -0.02357  -0.44624
 5.81095  -0.02361  -0.44637
 5.81227  -0.02367  -0.44653
 5.82545  -0.02426  -0.44812
 5.86136  -0.02580  -0.45228
 5.89744  -0.02727  -0.45618
 5.90695  -0.02765  -0.45716
 5.90886  -0.02772  -0.45735
 5.91024  -0.02778  -0.45749
 5.91161  -0.02783  -0.45763
 5.92539  -0.02836  -0.45901
 5.96400  -0.02980  -0.46265
 6.00274  -0.03115  -0.46600
 6.00608  -0.03126  -0.46627
 6.00943  -0.03138  -0.46654
 6.01103  -0.03143  -0.46667
 6.01253  -0.03148  -0.46680
 6.02758  -0.03198  -0.46798
 6.06605  -0.03319  -0.47080
 6.10422  -0.03432  -0.47330
 6.10807  -0.03443  -0.47354
 6.10948  -0.03447  -0.47362
 6.11090  -0.03451  -0.47371
 6.11234  -0.03455  -0.47380
 6.12680  -0.03495  -0.47464
 6.16174  -0.03588  -0.47652
 6.19644  -0.03674  -0.47814
 6.20871  -0.03703  -0.47865
 6.21179  -0.03710  -0.47878
 6.21488  -0.03718  -0.47890
 6.24573  -0.03786  -0.48004
 6.27819  -0.03854  -0.48103
 6.29289  -0.03883  -0.48142
 6.30759  -0.03911  -0.48176
 6.30909  -0.03914  -0.48179
 6.30992  -0.03915  -0.48181
 6.31076  -0.03917  -0.48183
 6.31195  -0.03919  -0.48185
 6.32387  -0.03941  -0.48209
 6.35453  -0.03994  -0.48259
 6.38525  -0.04043  -0.48291
 6.39278  -0.04055  -0.48296
 6.40032  -0.04066  -0.48301
 6.40901  -0.04079  -0.48304
 6.41122  -0.04082  -0.48305
 6.41343  -0.04085  -0.48306
 6.43552  -0.04115  -0.48307
 6.46527  -0.04153  -0.48296
 6.49494  -0.04186  -0.48269
 6.50399  -0.04196  -0.48258
 6.50763  -0.04200  -0.48253
 6.50975  -0.04202  -0.48250
 6.51188  -0.04204  -0.48247
 6.51399  -0.04206  -0.48244
 6.53511  -0.04227  -0.48208
 6.56422  -0.04252  -0.48148
 6.59332  -0.04275  -0.48073
 6.60162  -0.04281  -0.48050
 6.60993  -0.04286  -0.48025
 6.62392  -0.04295  -0.47981
 6.63675  -0.04302  -0.47937
 6.66533  -0.04317  -0.47831
 6.69406  -0.04329  -0.47712
 6.70285  -0.04332  -0.47673
 6.70676  -0.04334  -0.47656
 6.70914  -0.04334  -0.47645
 6.71153  -0.04335  -0.47634
 6.71382  -0.04336  -0.47623
 6.73677  -0.04342  -0.47512
 6.76526  -0.04347  -0.47364
 6.79375  -0.04350  -0.47205
 6.80262  -0.04351  -0.47153
 6.80942  -0.04351  -0.47112
 6.81188  -0.04351  -0.47097
 6.81411  -0.04351  -0.47084
 6.83639  -0.04350  -0.46945
 6.86469  -0.04348  -0.46759
 6.89300  -0.04342  -0.46562
 6.90183  -0.04340  -0.46499
 6.90553  -0.04340  -0.46472
 6.90922  -0.04339  -0.46445
 6.91148  -0.04338  -0.46428
 6.91375  -0.04337  -0.46411
 6.93638  -0.04331  -0.46241
 6.96453  -0.04321  -0.46020
 6.99270  -0.04308  -0.45790
 7.00168  -0.04304  -0.45714
 7.00556  -0.04302  -0.45682
 7.00945  -0.04300  -0.45648
 7.01287  -0.04299  -0.45619
 7.01600  -0.04297  -0.45592
 7.04382  -0.04282  -0.45348
 7.07188  -0.04265  -0.45094
 7.09990  -0.04246  -0.44831
 7.10476  -0.04243  -0.44785
 7.10961  -0.04239  -0.44738
 7.11539  -0.04235  -0.44682
 7.12069  -0.04231  -0.44631
 7.14839  -0.04210  -0.44357
 7.17629  -0.04188  -0.44074
 7.20414  -0.04163  -0.43785
 7.20753  -0.04160  -0.43749
 7.20997  -0.04158  -0.43723
 7.21241  -0.04156  -0.43697
 7.21695  -0.04152  -0.43649
 7.24450  -0.04126  -0.43352
 7.27224  -0.04099  -0.43047
 7.29992  -0.04071  -0.42735
 7.30545  -0.04065  -0.42672
 7.30958  -0.04061  -0.42625
 7.31371  -0.04056  -0.42578
 7.31795  -0.04052  -0.42529
 7.34532  -0.04022  -0.42212
 7.37287  -0.03991  -0.41886
 7.40036  -0.03959  -0.41556
 7.40578  -0.03953  -0.41490
 7.40911  -0.03949  -0.41450
 7.41244  -0.03945  -0.41409
 7.41560  -0.03941  -0.41371
 7.44277  -0.03908  -0.41037
 7.47011  -0.03874  -0.40696
 7.49739  -0.03839  -0.40351
 7.50301  -0.03832  -0.40279
 7.50864  -0.03825  -0.40207
 7.51247  -0.03820  -0.40158
 7.51630  -0.03815  -0.40109
 7.54326  -0.03779  -0.39761
 7.57037  -0.03743  -0.39408
 7.59741  -0.03706  -0.39051
 7.60313  -0.03698  -0.38975
 7.60884  -0.03690  -0.38899
 7.61303  -0.03684  -0.38843
 7.61682  -0.03679  -0.38793
 7.64354  -0.03642  -0.38435
 7.67040  -0.03603  -0.38072
 7.69719  -0.03565  -0.37707
 7.70375  -0.03555  -0.37617
 7.70801  -0.03549  -0.37559
 7.71227  -0.03543  -0.37500
 7.71696  -0.03536  -0.37436
 7.74343  -0.03497  -0.37071
 7.77003  -0.03458  -0.36702
 7.79656  -0.03419  -0.36332
 7.80918  -0.03400  -0.36155
 7.81687  -0.03388  -0.36047
 7.82379  -0.03378  -0.35949
 7.85000  -0.03338  -0.35580
 7.87631  -0.03298  -0.35207
 7.90254  -0.03258  -0.34834
 7.90945  -0.03247  -0.34736
 7.91636  -0.03237  -0.34637
 7.92338  -0.03226  -0.34537
 7.94932  -0.03186  -0.34166
 7.97535  -0.03145  -0.33794
 8.00130  -0.03105  -0.33421
 8.00834  -0.03094  -0.33320
 8.01334  -0.03087  -0.33248
 8.01815  -0.03079  -0.33179
 8.04380  -0.03039  -0.32809
 8.06956  -0.02999  -0.32438
 8.09524  -0.02959  -0.32067
 8.10694  -0.02941  -0.31898
 8.11484  -0.02929  -0.31784
 8.12262  -0.02916  -0.31672
 8.14801  -0.02877  -0.31306
 8.17346  -0.02837  -0.30938
 8.19885  -0.02798  -0.30572
 8.20781  -0.02784  -0.30443
 8.21367  -0.02775  -0.30359
 8.21954  -0.02766  -0.30274
 8.24463  -0.02727  -0.29913
 8.26981  -0.02688  -0.29551
 8.29491  -0.02650  -0.29191
 8.30648  -0.02632  -0.29025
 8.31443  -0.02620  -0.28912
 8.32237  -0.02608  -0.28798
 8.34719  -0.02570  -0.28444
 8.37207  -0.02532  -0.28089
 8.39688  -0.02494  -0.27737
 8.40978  -0.02475  -0.27554
 8.42268  -0.02456  -0.27372
 8.43809  -0.02433  -0.27154
 8.46264  -0.02396  -0.26809
 8.48720  -0.02360  -0.26464
 8.49733  -0.02345  -0.26323
 8.50747  -0.02330  -0.26181
 8.51422  -0.02320  -0.26087
 8.52096  -0.02310  -0.25993
 8.54521  -0.02274  -0.25657
 8.56953  -0.02239  -0.25320
 8.59379  -0.02204  -0.24987
 8.60490  -0.02188  -0.24834
 8.61601  -0.02172  -0.24682
 8.62622  -0.02158  -0.24543
 8.65020  -0.02124  -0.24217
 8.67423  -0.02090  -0.23892
 8.69820  -0.02057  -0.23570
 8.70969  -0.02041  -0.23416
 8.72118  -0.02025  -0.23263
 8.73471  -0.02006  -0.23083
 8.75843  -0.01974  -0.22769
 8.78216  -0.01942  -0.22456
 8.80583  -0.01910  -0.22147
 8.81568  -0.01897  -0.22019
 8.82553  -0.01884  -0.21891
 8.84897  -0.01853  -0.21588
 8.87246  -0.01823  -0.21286
 8.89590  -0.01792  -0.20988
 8.90790  -0.01777  -0.20836
 8.91440  -0.01769  -0.20754
 8.92070  -0.01761  -0.20674
 8.94387  -0.01731  -0.20383
 8.96711  -0.01702  -0.20094
 8.99030  -0.01673  -0.19807
 9.00211  -0.01659  -0.19662
 9.00971  -0.01650  -0.19569
 9.01732  -0.01640  -0.19476
 9.02752  -0.01628  -0.19352
 9.05045  -0.01600  -0.19074
 9.07342  -0.01573  -0.18798
 9.09633  -0.01546  -0.18525
 9.10850  -0.01532  -0.18381
 9.11931  -0.01519  -0.18254
 9.12913  -0.01508  -0.18139
 9.15180  -0.01482  -0.17874
 9.17452  -0.01456  -0.17612
 9.19718  -0.01431  -0.17352
 9.20985  -0.01417  -0.17208
 9.22253  -0.01403  -0.17064
 9.24090  -0.01383  -0.16857
 9.26337  -0.01358  -0.16607
 9.28581  -0.01334  -0.16358
 9.30819  -0.01311  -0.16113
 9.31774  -0.01301  -0.16009
 9.32646  -0.01292  -0.15915
 9.34864  -0.01269  -0.15676
 9.37088  -0.01246  -0.15439
 9.39306  -0.01224  -0.15205
 9.40384  -0.01213  -0.15092
 9.40992  -0.01207  -0.15029
 9.41599  -0.01201  -0.14966
 9.42736  -0.01190  -0.14848
 9.44933  -0.01169  -0.14622
 9.47133  -0.01148  -0.14398
 9.49328  -0.01127  -0.14177
 9.50410  -0.01117  -0.14068
 9.50883  -0.01113  -0.14021
 9.51356  -0.01108  -0.13974
 9.51907  -0.01103  -0.13920
 9.54078  -0.01083  -0.13706
 9.56257  -0.01063  -0.13493
 9.58431  -0.01044  -0.13284
 9.60600  -0.01025  -0.13077
 9.61700  -0.01015  -0.12973
 9.62733  -0.01006  -0.12876
 9.64884  -0.00988  -0.12675
 9.67039  -0.00970  -0.12476
 9.69189  -0.00952  -0.12280
 9.70539  -0.00941  -0.12157
 9.71647  -0.00932  -0.12058
 9.72755  -0.00923  -0.11959
 9.74884  -0.00906  -0.11770
 9.77017  -0.00889  -0.11583
 9.79145  -0.00872  -0.11399
 9.80182  -0.00864  -0.11310
 9.80882  -0.00859  -0.11250
 9.81581  -0.00854  -0.11191
 9.82355  -0.00848  -0.11125
 9.84461  -0.00832  -0.10948
 9.86573  -0.00816  -0.10773
 9.88681  -0.00801  -0.10600
 9.90785  -0.00786  -0.10429
 9.91885  -0.00778  -0.10341
 9.92881  -0.00771  -0.10261
 9.94968  -0.00757  -0.10096
 9.97058  -0.00743  -0.09932
 9.99144  -0.00729  -0.09771
 10.00123  -0.00722  -0.09696
 10.00749  -0.00718  -0.09648
 10.01376  -0.00714  -0.09601
 10.02297  -0.00708  -0.09531
 10.04363  -0.00694  -0.09376
 10.06434  -0.00681  -0.09223
 10.08501  -0.00668  -0.09072
 10.10564  -0.00655  -0.08923
 10.11678  -0.00649  -0.08843
 10.12792  -0.00642  -0.08764
 10.14839  -0.00630  -0.08621
 10.16889  -0.00617  -0.08478
 10.18936  -0.00606  -0.08338
 10.20978  -0.00594  -0.08200
 10.23016  -0.00583  -0.08064
 10.25100  -0.00571  -0.07927
 10.27131  -0.00560  -0.07795
 10.29157  -0.00549  -0.07665
 10.30182  -0.00544  -0.07600
 10.30900  -0.00540  -0.07554
 10.31618  -0.00536  -0.07509
 10.32467  -0.00532  -0.07456
 10.34475  -0.00522  -0.07332
 10.36487  -0.00511  -0.07209
 10.38496  -0.00501  -0.07087
 10.40501  -0.00492  -0.06968
 10.41740  -0.00486  -0.06895
 10.42979  -0.00480  -0.06823
 10.44970  -0.00470  -0.06708
 10.46963  -0.00461  -0.06594
 10.48952  -0.00452  -0.06483
 10.50938  -0.00443  -0.06373
 10.52920  -0.00435  -0.06264
 10.54955  -0.00426  -0.06155
 10.56930  -0.00418  -0.06050
 10.58902  -0.00409  -0.05946
 10.60869  -0.00401  -0.05845
 10.62834  -0.00393  -0.05744
 10.64724  -0.00386  -0.05649
 10.66681  -0.00378  -0.05552
 10.68635  -0.00371  -0.05457
 10.70586  -0.00363  -0.05363
 10.71777  -0.00359  -0.05306
 10.72905  -0.00355  -0.05253
 10.74842  -0.00348  -0.05162
 10.76782  -0.00341  -0.05073
 10.78719  -0.00334  -0.04985
 10.80652  -0.00328  -0.04899
 10.81750  -0.00324  -0.04850
 10.82756  -0.00320  -0.04806
 10.84676  -0.00314  -0.04723
 10.86599  -0.00308  -0.04640
 10.88519  -0.00302  -0.04559
 10.90436  -0.00296  -0.04480
 10.91834  -0.00291  -0.04422
 10.93232  -0.00287  -0.04366
 10.95138  -0.00281  -0.04289
 10.97044  -0.00276  -0.04214
 10.98946  -0.00270  -0.04140
 11.00846  -0.00265  -0.04067
 11.02743  -0.00260  -0.03995
 11.04568  -0.00255  -0.03928
 11.06458  -0.00249  -0.03858
 11.08346  -0.00244  -0.03790
 11.10231  -0.00240  -0.03723
 11.12112  -0.00235  -0.03657
 11.14073  -0.00230  -0.03589
 11.15949  -0.00225  -0.03525
 11.17822  -0.00221  -0.03463
 11.19691  -0.00216  -0.03401
 11.20844  -0.00214  -0.03363
 11.21996  -0.00211  -0.03326
 11.23214  -0.00208  -0.03287
 11.25071  -0.00204  -0.03229
 11.26929  -0.00200  -0.03171
 11.28785  -0.00196  -0.03114
 11.30638  -0.00192  -0.03058
 11.31787  -0.00190  -0.03024
 11.32854  -0.00187  -0.02992
 11.34695  -0.00184  -0.02939
 11.36539  -0.00180  -0.02886
 11.38380  -0.00176  -0.02834
 11.40219  -0.00173  -0.02783
 11.42054  -0.00169  -0.02732
 11.43872  -0.00166  -0.02683
 11.45702  -0.00162  -0.02635
 11.47529  -0.00159  -0.02587
 11.49354  -0.00156  -0.02540
 11.50381  -0.00154  -0.02514
 11.51045  -0.00153  -0.02497
 11.51643  -0.00152  -0.02482
 11.53453  -0.00149  -0.02437
 11.55269  -0.00146  -0.02393
 11.57083  -0.00143  -0.02349
 11.58894  -0.00140  -0.02306
 11.60702  -0.00138  -0.02264
 11.62309  -0.00135  -0.02227
 11.63763  -0.00133  -0.02194
 11.65561  -0.00130  -0.02154
 11.67360  -0.00128  -0.02114
 11.69157  -0.00125  -0.02075
 11.70950  -0.00123  -0.02037
 11.72742  -0.00120  -0.01999
 11.74578  -0.00118  -0.01961
 11.76364  -0.00115  -0.01925
 11.78148  -0.00113  -0.01889
 11.79930  -0.00111  -0.01854
 11.80931  -0.00110  -0.01835
 11.81932  -0.00108  -0.01815
 11.83272  -0.00107  -0.01790
 11.85043  -0.00105  -0.01757
 11.86815  -0.00103  -0.01724
 11.88584  -0.00100  -0.01692
 11.90351  -0.00098  -0.01660
 11.92116  -0.00096  -0.01629
 11.93796  -0.00094  -0.01600
 11.95556  -0.00092  -0.01570
 11.97314  -0.00090  -0.01540
 11.99069  -0.00088  -0.01511
 12.00823  -0.00086  -0.01483
 12.02573  -0.00085  -0.01455
 12.04315  -0.00083  -0.01427
 12.06061  -0.00081  -0.01400
 12.07805  -0.00079  -0.01374
 12.09547  -0.00078  -0.01348
 12.11286  -0.00076  -0.01322
 12.13039  -0.00074  -0.01297
 12.14774  -0.00073  -0.01272
 12.16507  -0.00071  -0.01248
 12.18237  -0.00069  -0.01224
 12.19966  -0.00068  -0.01200
 12.20821  -0.00067  -0.01189
 12.21675  -0.00066  -0.01177
 12.22661  -0.00065  -0.01164
 12.24379  -0.00063  -0.01142
 12.26099  -0.00062  -0.01120
 12.27818  -0.00060  -0.01098
 12.29534  -0.00059  -0.01077
 12.30764  -0.00058  -0.01062
 12.31994  -0.00057  -0.01047
 12.33267  -0.00056  -0.01032
 12.34974  -0.00054  -0.01012
 12.36681  -0.00053  -0.00992
 12.38387  -0.00052  -0.00973
 12.40090  -0.00050  -0.00953
 12.40904  -0.00050  -0.00944
 12.41718  -0.00049  -0.00935
 12.42809  -0.00049  -0.00923
 12.44502  -0.00048  -0.00905
 12.46198  -0.00047  -0.00887
 12.47892  -0.00046  -0.00869
 12.49584  -0.00045  -0.00852
 12.51273  -0.00044  -0.00835
 12.52915  -0.00043  -0.00818
 12.54601  -0.00042  -0.00802
 12.56285  -0.00041  -0.00786
 12.57966  -0.00040  -0.00770
 12.59646  -0.00039  -0.00754
 12.60795  -0.00039  -0.00743
 12.61944  -0.00038  -0.00733
 12.63206  -0.00037  -0.00722
 12.64876  -0.00036  -0.00707
 12.66548  -0.00036  -0.00692
 12.68218  -0.00035  -0.00678
 12.69886  -0.00034  -0.00663
 12.70812  -0.00034  -0.00656
 12.71739  -0.00034  -0.00648
 12.72816  -0.00034  -0.00639
 12.74474  -0.00033  -0.00625
 12.76135  -0.00033  -0.00612
 12.77794  -0.00033  -0.00599
 12.79451  -0.00033  -0.00586
 12.80595  -0.00033  -0.00577
 12.81740  -0.00033  -0.00568
 12.83032  -0.00032  -0.00558
 12.84680  -0.00032  -0.00546
 12.86329  -0.00031  -0.00534
 12.87977  -0.00031  -0.00522
 12.89622  -0.00031  -0.00510
 12.91266  -0.00031  -0.00499
 12.92894  -0.00030  -0.00488
 12.94534  -0.00029  -0.00477
 12.96173  -0.00028  -0.00466
 12.97809  -0.00027  -0.00455
 12.99444  -0.00026  -0.00445
 13.00671  -0.00026  -0.00437
 13.01898  -0.00025  -0.00429
 13.03135  -0.00024  -0.00422
 13.04761  -0.00022  -0.00412
 13.06388  -0.00021  -0.00402
 13.08014  -0.00020  -0.00393
 13.09637  -0.00019  -0.00383
 13.11259  -0.00017  -0.00374
 13.12822  -0.00017  -0.00365
 13.14440  -0.00016  -0.00356
 13.16056  -0.00016  -0.00347
 13.17671  -0.00015  -0.00338
 13.19285  -0.00014  -0.00329
 13.20896  -0.00014  -0.00321
 13.22506  -0.00014  -0.00312
 13.24162  -0.00013  -0.00303
 13.25769  -0.00013  -0.00295
 13.27374  -0.00013  -0.00287
 13.28977  -0.00012  -0.00279
 13.30579  -0.00012  -0.00271
 13.32179  -0.00010  -0.00263
 13.33674  -0.00009  -0.00256
 13.35270  -0.00007  -0.00249
 13.36865  -0.00006  -0.00241
 13.38458  -0.00004  -0.00234
 13.40050  -0.00003  -0.00227
 13.41047  -0.00001  -0.00223
 13.41966  -0.00002  -0.00218
 13.43550  -0.00002  -0.00211
 13.45136  -0.00002  -0.00204
 13.46721  -0.00002  -0.00197
 13.48305  -0.00002  -0.00190
 13.49887  -0.00002  -0.00183
 13.50915  -0.00002  -0.00178
 13.51944  -0.00002  -0.00174
 13.53404  -0.00001  -0.00167
 13.54980  -0.00001  -0.00160
 13.56555  -0.00001  -0.00154
 13.58129  -0.00001  -0.00147
 13.59701  -0.00001  -0.00140
 13.60748  -0.00002  -0.00136
 13.61794  -0.00002  -0.00132
 13.62979  -0.00001  -0.00127
 13.64544  -0.00000  -0.00120
 13.66110   0.00000  -0.00114
 13.67674   0.00000  -0.00108
 13.69237   0.00001  -0.00102
 13.70798  -0.00000  -0.00095
 13.72358   0.00001  -0.00089
 13.73960   0.00001  -0.00083
 13.75517   0.00001  -0.00077
 13.77072   0.00001  -0.00071
 13.78626   0.00002  -0.00065
 13.80178   0.00002  -0.00059
 13.81173  -0.00000  -0.00055
 13.82168   0.00001  -0.00051
 13.82756   0.00000  -0.00048
